0.006221 0.006221 0.006221 
0.006425 0.006425 0.006425 
0.006635 0.006635 0.006635 
0.006851 0.006851 0.006851 
0.007075 0.007075 0.007075 
0.007307 0.007307 0.007307 
0.007545 0.007545 0.007545 
0.007792 0.007792 0.007792 
0.008047 0.008047 0.008047 
0.008310 0.008310 0.008310 
0.008581 0.008581 0.008581 
0.008862 0.008862 0.008862 
0.009151 0.009151 0.009151 
0.009450 0.009450 0.009450 
0.009759 0.009759 0.009759 
0.010078 0.010078 0.010078 
0.010408 0.010408 0.010408 
0.010748 0.010748 0.010748 
0.011099 0.011099 0.011099 
0.011462 0.011462 0.011462 
0.011836 0.011836 0.011836 
0.012223 0.012223 0.012223 
0.012623 0.012623 0.012623 
0.013035 0.013035 0.013035 
0.013461 0.013461 0.013461 
0.013901 0.013901 0.013901 
0.014356 0.014356 0.014356 
0.014825 0.014825 0.014825 
0.015309 0.015309 0.015309 
0.015810 0.015810 0.015810 
0.016326 0.016326 0.016326 
0.016860 0.016860 0.016860 
0.017411 0.017411 0.017411 
0.017980 0.017980 0.017980 
0.018568 0.018568 0.018568 
0.019174 0.019174 0.019174 
0.019801 0.019801 0.019801 
0.020448 0.020448 0.020448 
0.021117 0.021117 0.021117 
0.021807 0.021807 0.021807 
0.022519 0.022519 0.022519 
0.023255 0.023255 0.023255 
0.024015 0.024015 0.024015 
0.024800 0.024800 0.024800 
0.025611 0.025611 0.025611 
0.026448 0.026448 0.026448 
0.027312 0.027312 0.027312 
0.028205 0.028205 0.028205 
0.029127 0.029127 0.029127 
0.030079 0.030079 0.030079 
0.031062 0.031062 0.031062 
0.032077 0.032077 0.032077 
0.033125 0.033125 0.033125 
0.034208 0.034208 0.034208 
0.035326 0.035326 0.035326 
0.036481 0.036481 0.036480 
0.037673 0.037673 0.037673 
