0 0.000000 
1 0.000000 
2 0.000000 
3 0.000000 
4 0.000000 
5 0.000000 
6 0.000000 
7 0.000000 
8 0.000000 
9 0.000000 
10 0.000000 
11 0.000000 
12 0.000000 
13 0.000000 
14 0.000000 
15 0.000000 
16 0.000000 
17 0.000000 
18 0.000000 
19 0.000000 
20 0.000000 
21 0.000000 
22 0.000000 
23 0.000000 
24 0.000000 
25 0.000000 
26 0.000000 
27 0.000000 
28 0.000000 
29 0.000000 
30 0.000000 
31 0.000000 
32 0.000000 
33 0.000000 
34 0.000000 
35 0.000000 
36 0.000000 
37 0.000000 
38 0.000000 
39 0.000000 
40 0.000000 
41 0.000000 
42 0.000000 
43 0.000000 
44 0.000000 
45 0.000000 
46 0.000000 
47 0.000000 
48 0.000000 
49 0.000000 
50 0.000000 
51 0.000000 
52 0.000000 
53 0.000000 
54 0.000000 
55 0.000000 
56 0.000000 
57 0.000000 
58 0.000000 
59 0.000000 
60 0.000000 
61 0.000000 
62 0.000000 
63 0.000000 
64 0.000000 
65 0.000000 
66 0.000000 
67 0.000000 
68 0.000000 
69 0.000000 
70 0.000000 
71 0.000000 
72 0.000000 
73 0.000000 
74 0.000000 
75 0.000000 
76 0.000000 
77 0.000000 
78 0.000000 
79 0.000000 
80 0.000000 
81 0.000000 
82 0.000000 
83 0.000000 
84 0.000000 
85 0.000000 
86 0.000000 
87 0.000000 
88 0.000000 
89 0.000000 
90 0.000000 
91 0.113249 
92 0.214775 
93 0.306296 
94 0.389299 
95 0.465074 
96 0.534739 
97 0.599262 
98 0.659486 
99 0.716144 
100 0.769873 
101 0.821228 
102 0.870694 
103 0.918695 
104 0.965603 
105 1.011745 
106 1.057408 
107 1.102848 
108 1.148292 
109 1.193940 
110 1.239974 
111 1.286558 
112 1.333839 
113 1.381952 
114 1.431022 
115 1.481164 
116 1.532485 
117 1.585086 
118 1.639064 
119 1.694509 
120 1.751511 
121 1.810154 
122 1.870523 
123 1.932701 
124 1.996767 
125 2.062804 
126 2.130894 
127 2.201116 
128 2.273554 
129 2.348291 
130 2.425411 
131 2.505000 
132 2.587146 
133 2.671938 
134 2.759469 
135 2.849831 
136 2.943122 
137 3.039440 
138 3.138888 
139 3.241570 
140 3.347594 
141 3.457070 
142 3.570115 
143 3.686845 
144 3.807382 
145 3.931852 
146 4.060384 
147 4.193112 
148 3.622013 
149 3.128697 
150 2.702571 
151 2.334483 
152 2.016528 
153 1.741878 
154 1.504636 
155 1.299706 
156 1.122687 
157 0.969778 
158 0.837695 
159 0.723602 
160 0.625048 
161 0.539918 
162 0.466381 
163 0.402861 
164 0.347992 
165 0.300596 
166 0.259655 
167 0.224291 
168 0.193743 
169 0.167355 
170 0.144562 
171 0.124873 
172 0.107865 
173 0.093174 
174 0.080484 
175 0.069522 
176 0.060054 
177 0.051874 
178 0.044809 
179 0.038706 
180 0.033435 
181 0.028881 
182 0.025043 
183 0.021914 
184 0.019479 
185 0.017723 
186 0.016630 
187 0.016183 
188 0.016363 
189 0.017155 
190 0.018545 
191 0.020520 
192 0.023069 
193 0.026183 
194 0.029855 
195 0.034083 
196 0.038862 
197 0.044195 
198 0.050083 
199 0.056531 
200 0.063546 
201 0.071138 
202 0.079316 
203 0.088095 
204 0.097489 
205 0.107516 
206 0.118193 
207 0.129542 
208 0.141586 
209 0.154349 
210 0.167856 
211 0.182137 
212 0.197220 
213 0.213138 
214 0.229923 
215 0.247612 
216 0.266241 
217 0.285850 
218 0.306479 
219 0.328172 
220 0.350973 
221 0.374930 
222 0.400092 
223 0.426511 
224 0.454240 
225 0.483336 
226 0.513857 
227 0.545864 
228 0.579421 
229 0.614594 
230 0.651452 
231 0.690067 
232 0.730514 
233 0.772872 
234 0.817220 
235 0.863645 
236 0.912233 
237 0.963077 
238 1.016272 
239 1.070717 
240 1.125562 
241 1.180163 
242 1.234038 
243 1.286834 
244 1.338300 
245 1.388266 
246 1.436624 
247 1.483312 
248 1.528304 
249 1.571600 
250 1.613216 
251 1.653182 
252 1.691532 
253 1.728305 
254 1.763539 
255 1.797269 
256 1.829528 
257 1.860341 
258 1.889728 
259 1.917700 
260 1.944262 
261 1.969410 
262 1.993132 
263 2.015408 
264 2.036208 
265 2.055495 
266 2.073223 
267 2.089337 
268 2.103774 
269 2.116463 
270 2.127325 
271 2.136270 
272 2.143202 
273 2.148016 
274 2.150600 
275 2.150831 
276 2.148578 
277 2.143704 
278 2.136061 
279 2.125491 
280 2.111830 
281 2.094903 
282 2.074523 
283 2.050498 
284 2.022622 
285 1.990679 
286 1.954444 
287 1.913678 
288 1.868131 
289 1.817543 
290 1.761639 
291 1.700131 
292 1.632719 
293 1.559087 
294 1.478906 
295 1.391830 
296 1.301252 
297 1.209768 
298 1.119336 
299 1.031402 
300 0.946999 
301 0.866837 
302 0.791371 
303 0.720856 
304 0.655395 
305 0.594976 
306 0.539500 
307 0.488806 
308 0.442692 
309 0.400926 
310 0.363261 
311 0.329443 
312 0.299216 
313 0.272330 
314 0.248546 
315 0.227632 
316 0.209372 
317 0.193564 
318 0.180021 
319 0.168571 
320 0.159057 
321 0.151336 
322 0.145281 
323 0.140777 
324 0.137722 
325 0.136027 
326 0.135616 
327 0.136420 
328 0.138384 
329 0.141460 
330 0.145607 
331 0.150793 
332 0.156987 
333 0.164163 
334 0.172296 
335 0.181367 
336 0.191356 
337 0.202244 
338 0.214016 
339 0.226655 
340 0.240149 
341 0.254482 
342 0.269644 
343 0.285622 
344 0.302405 
345 0.319982 
346 0.338343 
347 0.357479 
348 0.377380 
349 0.398037 
350 0.419440 
351 0.441580 
352 0.464447 
353 0.488033 
354 0.512326 
355 0.537316 
356 0.562992 
357 0.589340 
358 0.616348 
359 0.644002 
360 0.672285 
361 0.701181 
362 0.730670 
363 0.760732 
364 0.791344 
365 0.822482 
366 0.854117 
367 0.886221 
368 0.918760 
369 0.951700 
370 0.985001 
371 1.018620 
372 1.052512 
373 1.086627 
374 1.120910 
375 1.155303 
376 1.189742 
377 1.224158 
378 1.258477 
379 1.292619 
380 1.326498 
381 1.360021 
382 1.393089 
383 1.425594 
384 1.457423 
385 1.488453 
386 1.518552 
387 1.547590 
388 1.575442 
389 1.601995 
390 1.627146 
391 1.650808 
392 1.672907 
393 1.693380 
394 1.712179 
395 1.729264 
396 1.744608 
397 1.758190 
398 1.769998 
399 1.780025 
400 1.788268 
401 1.794732 
402 1.799420 
403 1.802342 
404 1.803508 
405 1.802928 
406 1.800616 
407 1.796584 
408 1.790846 
409 1.783416 
410 1.774309 
411 1.763538 
412 1.751120 
413 1.737068 
414 1.721399 
415 1.704131 
416 1.685280 
417 1.664867 
418 1.642913 
419 1.619439 
420 1.594473 
421 1.568042 
422 1.540176 
423 1.510912 
424 1.480288 
425 1.448347 
426 1.415138 
427 1.380713 
428 1.345133 
429 1.308464 
430 1.270778 
431 1.232157 
432 1.192690 
433 1.152473 
434 1.111616 
435 1.070234 
436 1.028457 
437 0.986426 
438 0.944292 
439 0.902223 
440 0.860398 
441 0.819014 
442 0.778281 
443 0.738430 
444 0.699688 
445 0.662267 
446 0.626359 
447 0.592128 
448 0.559710 
449 0.529213 
450 0.500717 
451 0.474277 
452 0.449924 
453 0.427669 
454 0.407507 
455 0.389417 
456 0.373364 
457 0.359306 
458 0.347191 
459 0.336962 
460 0.328559 
461 0.321917 
462 0.316971 
463 0.313656 
464 0.311906 
465 0.311658 
466 0.312849 
467 0.315418 
468 0.319309 
469 0.324466 
470 0.330836 
471 0.338369 
472 0.347017 
473 0.356736 
474 0.367484 
475 0.379219 
476 0.391903 
477 0.405499 
478 0.419973 
479 0.435289 
480 0.451415 
481 0.468319 
482 0.485968 
483 0.504332 
484 0.523379 
485 0.543079 
486 0.563401 
487 0.584314 
488 0.605788 
489 0.627792 
490 0.650294 
491 0.673264 
492 0.696669 
493 0.720478 
494 0.744658 
495 0.769177 
496 0.794000 
497 0.819095 
498 0.844427 
499 0.869960 
500 0.895660 
501 0.921489 
502 0.947411 
503 0.973389 
504 0.999384 
505 1.025356 
506 1.051267 
507 1.077076 
508 1.102741 
509 1.128221 
510 1.153472 
511 1.178451 
512 1.203115 
513 1.227418 
514 1.251315 
515 1.274761 
516 1.297708 
517 1.320110 
518 1.341920 
519 1.363090 
520 1.383574 
521 1.403323 
522 1.422291 
523 1.440431 
524 1.457696 
525 1.474040 
526 1.489420 
527 1.503790 
528 1.517109 
529 1.529336 
530 1.540433 
531 1.550364 
532 1.559094 
533 1.566594 
534 1.572836 
535 1.577797 
536 1.581459 
537 1.583807 
538 1.584830 
539 1.584524 
540 1.582888 
541 1.579926 
542 1.575646 
543 1.570059 
544 1.563182 
545 1.555035 
546 1.545640 
547 1.535024 
548 1.523216 
549 1.510247 
550 1.496152 
551 1.480967 
552 1.464730 
553 1.447482 
554 1.429264 
555 1.410120 
556 1.390094 
557 1.369235 
558 1.347588 
559 1.325203 
560 1.302131 
561 1.278422 
562 1.254130 
563 1.229308 
564 1.204011 
565 1.178295 
566 1.152216 
567 1.125834 
568 1.099208 
569 1.072396 
570 1.045462 
571 1.018466 
572 0.991473 
573 0.964545 
574 0.937747 
575 0.911145 
576 0.884804 
577 0.858790 
578 0.833170 
579 0.808009 
580 0.783374 
581 0.759331 
582 0.735945 
583 0.713279 
584 0.691396 
585 0.670359 
586 0.650225 
587 0.631052 
588 0.612893 
589 0.595799 
590 0.579816 
591 0.564986 
592 0.551345 
593 0.538926 
594 0.527752 
595 0.517843 
596 0.509212 
597 0.501867 
598 0.495808 
599 0.491031 
600 0.487529 
601 0.485285 
602 0.484284 
603 0.484503 
604 0.485916 
605 0.488497 
606 0.492214 
607 0.497035 
608 0.502925 
609 0.509850 
610 0.517773 
611 0.526655 
612 0.536460 
613 0.547148 
614 0.558680 
615 0.571019 
616 0.584124 
617 0.597958 
618 0.612482 
619 0.627657 
620 0.643444 
621 0.659807 
622 0.676707 
623 0.694107 
624 0.711969 
625 0.730256 
626 0.748932 
627 0.767959 
628 0.787300 
629 0.806920 
630 0.826781 
631 0.846847 
632 0.867082 
633 0.887450 
634 0.907915 
635 0.928440 
636 0.948990 
637 0.969528 
638 0.990021 
639 1.010430 
640 1.030723 
641 1.050863 
642 1.070815 
643 1.090545 
644 1.110018 
645 1.129201 
646 1.148059 
647 1.166560 
648 1.184670 
649 1.202357 
650 1.219589 
651 1.236335 
652 1.252563 
653 1.268244 
654 1.283347 
655 1.297846 
656 1.311711 
657 1.324915 
658 1.337433 
659 1.349239 
660 1.360309 
661 1.370621 
662 1.380152 
663 1.388882 
664 1.396793 
665 1.403866 
666 1.410085 
667 1.415436 
668 1.419905 
669 1.423482 
670 1.426157 
671 1.427921 
672 1.428770 
673 1.428700 
674 1.427709 
675 1.425797 
676 1.422966 
677 1.419223 
678 1.414572 
679 1.409025 
680 1.402592 
681 1.395286 
682 1.387125 
683 1.378126 
684 1.368310 
685 1.357699 
686 1.346319 
687 1.334195 
688 1.321358 
689 1.307837 
690 1.293664 
691 1.278875 
692 1.263503 
693 1.247586 
694 1.231162 
695 1.214270 
696 1.196950 
697 1.179243 
698 1.161191 
699 1.142836 
700 1.124222 
701 1.105391 
702 1.086387 
703 1.067254 
704 1.048035 
705 1.028776 
706 1.009520 
707 0.990310 
708 0.971189 
709 0.952202 
710 0.933391 
711 0.914797 
712 0.896463 
713 0.878429 
714 0.860736 
715 0.843423 
716 0.826529 
717 0.810090 
718 0.794144 
719 0.778725 
720 0.763869 
721 0.749606 
722 0.735969 
723 0.722988 
724 0.710691 
725 0.699104 
726 0.688252 
727 0.678159 
728 0.668845 
729 0.660329 
730 0.652630 
731 0.645760 
732 0.639734 
733 0.634562 
734 0.630252 
735 0.626810 
736 0.624239 
737 0.622540 
738 0.621713 
739 0.621752 
740 0.622653 
741 0.624406 
742 0.627001 
743 0.630424 
744 0.634661 
745 0.639694 
746 0.645504 
747 0.652070 
748 0.659370 
749 0.667378 
750 0.676071 
751 0.685420 
752 0.695397 
753 0.705975 
754 0.717122 
755 0.728808 
756 0.741002 
757 0.753671 
758 0.766784 
759 0.780307 
760 0.794208 
761 0.808453 
762 0.823008 
763 0.837841 
764 0.852918 
765 0.868205 
766 0.883670 
767 0.899278 
768 0.914998 
769 0.930797 
770 0.946641 
771 0.962499 
772 0.978340 
773 0.994131 
774 1.009842 
775 1.025442 
776 1.040901 
777 1.056189 
778 1.071278 
779 1.086138 
780 1.100743 
781 1.115063 
782 1.129074 
783 1.142749 
784 1.156062 
785 1.168989 
786 1.181506 
787 1.193591 
788 1.205222 
789 1.216376 
790 1.227035 
791 1.237178 
792 1.246787 
793 1.255844 
794 1.264335 
795 1.272242 
796 1.279553 
797 1.286253 
798 1.292331 
799 1.297777 
800 1.302581 
801 1.306733 
802 1.310229 
803 1.313061 
804 1.315225 
805 1.316718 
806 1.317538 
807 1.317684 
808 1.317158 
809 1.315961 
810 1.314098 
811 1.311572 
812 1.308390 
813 1.304561 
814 1.300092 
815 1.294994 
816 1.289279 
817 1.282961 
818 1.276053 
819 1.268571 
820 1.260533 
821 1.251956 
822 1.242859 
823 1.233265 
824 1.223194 
825 1.212668 
826 1.201714 
827 1.190354 
828 1.178615 
829 1.166523 
830 1.154107 
831 1.141394 
832 1.128414 
833 1.115196 
834 1.101770 
835 1.088167 
836 1.074417 
837 1.060552 
838 1.046603 
839 1.032602 
840 1.018580 
841 1.004569 
842 0.990600 
843 0.976705 
844 0.962914 
845 0.949258 
846 0.935768 
847 0.922472 
848 0.909401 
849 0.896582 
850 0.884043 
851 0.871812 
852 0.859915 
853 0.848377 
854 0.837222 
855 0.826475 
856 0.816156 
857 0.806289 
858 0.796893 
859 0.787988 
860 0.779590 
861 0.771718 
862 0.764386 
863 0.757608 
864 0.751398 
865 0.745767 
866 0.740725 
867 0.736281 
868 0.732442 
869 0.729214 
870 0.726601 
871 0.724608 
872 0.723234 
873 0.722481 
874 0.722348 
875 0.722830 
876 0.723926 
877 0.725628 
878 0.727930 
879 0.730824 
880 0.734300 
881 0.738347 
882 0.742953 
883 0.748105 
884 0.753787 
885 0.759985 
886 0.766681 
887 0.773857 
888 0.781494 
889 0.789572 
890 0.798070 
891 0.806968 
892 0.816241 
893 0.825868 
894 0.835825 
895 0.846087 
896 0.856629 
897 0.867427 
898 0.878455 
899 0.889688 
900 0.901098 
901 0.912661 
902 0.924350 
903 0.936139 
904 0.948001 
905 0.959910 
906 0.971841 
907 0.983768 
908 0.995665 
909 1.007507 
910 1.019269 
911 1.030927 
912 1.042457 
913 1.053834 
914 1.065036 
915 1.076041 
916 1.086826 
917 1.097370 
918 1.107653 
919 1.117654 
920 1.127354 
921 1.136735 
922 1.145778 
923 1.154467 
924 1.162785 
925 1.170717 
926 1.178249 
927 1.185366 
928 1.192057 
929 1.198309 
930 1.204111 
931 1.209453 
932 1.214327 
933 1.218723 
934 1.222636 
935 1.226059 
936 1.228987 
937 1.231416 
938 1.233343 
939 1.234766 
940 1.235684 
941 1.236096 
942 1.236005 
943 1.235412 
944 1.234319 
945 1.232732 
946 1.230656 
947 1.228095 
948 1.225058 
949 1.221553 
950 1.217588 
951 1.213173 
952 1.208320 
953 1.203039 
954 1.197344 
955 1.191248 
956 1.184764 
957 1.177910 
958 1.170699 
959 1.163148 
960 1.155276 
961 1.147099 
962 1.138636 
963 1.129907 
964 1.120930 
965 1.111727 
966 1.102317 
967 1.092722 
968 1.082963 
969 1.073062 
970 1.063041 
971 1.052921 
972 1.042726 
973 1.032478 
974 1.022199 
975 1.011913 
976 1.001640 
977 0.991405 
978 0.981229 
979 0.971135 
980 0.961144 
981 0.951278 
982 0.941559 
983 0.932006 
984 0.922642 
985 0.913485 
986 0.904554 
987 0.895870 
988 0.887450 
989 0.879312 
990 0.871472 
991 0.863947 
992 0.856752 
993 0.849902 
994 0.843410 
995 0.837290 
996 0.831553 
997 0.826210 
998 0.821272 
999 0.816748 
1000 0.812646 
1001 0.808974 
1002 0.805737 
1003 0.802941 
1004 0.800590 
1005 0.798688 
1006 0.797236 
1007 0.796236 
1008 0.795688 
1009 0.795591 
1010 0.795944 
1011 0.796743 
1012 0.797985 
1013 0.799665 
1014 0.801778 
1015 0.804316 
1016 0.807272 
1017 0.810637 
1018 0.814403 
1019 0.818558 
1020 0.823093 
1021 0.827995 
1022 0.833251 
1023 0.838848 
1024 0.844772 
1025 0.851009 
1026 0.857544 
1027 0.864359 
1028 0.871439 
1029 0.878768 
1030 0.886327 
1031 0.894099 
1032 0.902065 
1033 0.910208 
1034 0.918507 
1035 0.926946 
1036 0.935503 
1037 0.944160 
1038 0.952897 
1039 0.961695 
1040 0.970533 
1041 0.979394 
1042 0.988256 
1043 0.997102 
1044 1.005911 
1045 1.014664 
1046 1.023344 
1047 1.031931 
1048 1.040407 
1049 1.048755 
1050 1.056957 
1051 1.064996 
1052 1.072856 
1053 1.080520 
1054 1.087974 
1055 1.095203 
1056 1.102191 
1057 1.108925 
1058 1.115392 
1059 1.121580 
1060 1.127477 
1061 1.133071 
1062 1.138352 
1063 1.143311 
1064 1.147939 
1065 1.152226 
1066 1.156167 
1067 1.159753 
1068 1.162980 
1069 1.165842 
1070 1.168334 
1071 1.170454 
1072 1.172198 
1073 1.173565 
1074 1.174553 
1075 1.175162 
1076 1.175393 
1077 1.175246 
1078 1.174724 
1079 1.173830 
1080 1.172566 
1081 1.170938 
1082 1.168951 
1083 1.166609 
1084 1.163921 
1085 1.160892 
1086 1.157532 
1087 1.153848 
1088 1.149849 
1089 1.145547 
1090 1.140950 
1091 1.136070 
1092 1.130919 
1093 1.125508 
1094 1.119851 
1095 1.113961 
1096 1.107850 
1097 1.101533 
1098 1.095025 
1099 1.088340 
1100 1.081493 
1101 1.074500 
1102 1.067375 
1103 1.060136 
1104 1.052797 
1105 1.045376 
1106 1.037888 
1107 1.030351 
1108 1.022779 
1109 1.015191 
1110 1.007602 
1111 1.000029 
1112 0.992488 
1113 0.984995 
1114 0.977566 
1115 0.970218 
1116 0.962966 
1117 0.955826 
1118 0.948811 
1119 0.941938 
1120 0.935221 
1121 0.928673 
1122 0.922308 
1123 0.916140 
1124 0.910180 
1125 0.904442 
1126 0.898937 
1127 0.893676 
1128 0.888669 
1129 0.883926 
1130 0.879458 
1131 0.875271 
1132 0.871375 
1133 0.867777 
1134 0.864483 
1135 0.861499 
1136 0.858831 
1137 0.856483 
1138 0.854458 
1139 0.852761 
1140 0.851393 
1141 0.850356 
1142 0.849651 
1143 0.849277 
1144 0.849235 
1145 0.849523 
1146 0.850138 
1147 0.851079 
1148 0.852341 
1149 0.853921 
1150 0.855813 
1151 0.858013 
1152 0.860513 
1153 0.863307 
1154 0.866388 
1155 0.869748 
1156 0.873377 
1157 0.877268 
1158 0.881409 
1159 0.885792 
1160 0.890404 
1161 0.895236 
1162 0.900275 
1163 0.905510 
1164 0.910928 
1165 0.916517 
1166 0.922262 
1167 0.928152 
1168 0.934173 
1169 0.940310 
1170 0.946551 
1171 0.952880 
1172 0.959283 
1173 0.965747 
1174 0.972256 
1175 0.978796 
1176 0.985354 
1177 0.991914 
1178 0.998462 
1179 1.004984 
1180 1.011466 
1181 1.017893 
1182 1.024253 
1183 1.030531 
1184 1.036715 
1185 1.042791 
1186 1.048747 
1187 1.054569 
1188 1.060247 
1189 1.065769 
1190 1.071123 
1191 1.076298 
1192 1.081285 
1193 1.086073 
1194 1.090652 
1195 1.095015 
1196 1.099152 
1197 1.103055 
1198 1.106718 
1199 1.110134 
1200 1.113296 
1201 1.116198 
1202 1.118836 
1203 1.121206 
1204 1.123303 
1205 1.125124 
1206 1.126667 
1207 1.127929 
1208 1.128910 
1209 1.129608 
1210 1.130024 
1211 1.130157 
1212 1.130009 
1213 1.129581 
1214 1.128876 
1215 1.127896 
1216 1.126646 
1217 1.125128 
1218 1.123347 
1219 1.121309 
1220 1.119018 
1221 1.116482 
1222 1.113706 
1223 1.110698 
1224 1.107465 
1225 1.104015 
1226 1.100356 
1227 1.096498 
1228 1.092450 
1229 1.088220 
1230 1.083820 
1231 1.079259 
1232 1.074547 
1233 1.069696 
1234 1.064717 
1235 1.059620 
1236 1.054418 
1237 1.049122 
1238 1.043743 
1239 1.038295 
1240 1.032788 
1241 1.027235 
1242 1.021649 
1243 1.016040 
1244 1.010423 
1245 1.004808 
1246 0.999207 
1247 0.993634 
1248 0.988099 
1249 0.982615 
1250 0.977193 
1251 0.971845 
1252 0.966582 
1253 0.961414 
1254 0.956354 
1255 0.951410 
1256 0.946594 
1257 0.941916 
1258 0.937384 
1259 0.933009 
1260 0.928799 
1261 0.924762 
1262 0.920906 
1263 0.917240 
1264 0.913770 
1265 0.910503 
1266 0.907445 
1267 0.904602 
1268 0.901980 
1269 0.899582 
1270 0.897414 
1271 0.895479 
1272 0.893781 
1273 0.892321 
1274 0.891103 
1275 0.890128 
1276 0.889397 
1277 0.888910 
1278 0.888668 
1279 0.888670 
1280 0.888915 
1281 0.889401 
1282 0.890127 
1283 0.891090 
1284 0.892286 
1285 0.893712 
1286 0.895365 
1287 0.897239 
1288 0.899329 
1289 0.901630 
1290 0.904136 
1291 0.906841 
1292 0.909738 
1293 0.912819 
1294 0.916077 
1295 0.919505 
1296 0.923093 
1297 0.926835 
1298 0.930720 
1299 0.934739 
1300 0.938884 
1301 0.943144 
1302 0.947510 
1303 0.951972 
1304 0.956519 
1305 0.961142 
1306 0.965830 
1307 0.970572 
1308 0.975358 
1309 0.980177 
1310 0.985018 
1311 0.989872 
1312 0.994726 
1313 0.999571 
1314 1.004397 
1315 1.009191 
1316 1.013946 
1317 1.018649 
1318 1.023291 
1319 1.027863 
1320 1.032354 
1321 1.036756 
1322 1.041058 
1323 1.045253 
1324 1.049331 
1325 1.053284 
1326 1.057104 
1327 1.060784 
1328 1.064316 
1329 1.067693 
1330 1.070908 
1331 1.073955 
1332 1.076829 
1333 1.079523 
1334 1.082034 
1335 1.084355 
1336 1.086484 
1337 1.088416 
1338 1.090148 
1339 1.091677 
1340 1.093001 
1341 1.094119 
1342 1.095027 
1343 1.095726 
1344 1.096215 
1345 1.096494 
1346 1.096564 
1347 1.096424 
1348 1.096076 
1349 1.095523 
1350 1.094766 
1351 1.093808 
1352 1.092651 
1353 1.091300 
1354 1.089758 
1355 1.088029 
1356 1.086118 
1357 1.084030 
1358 1.081770 
1359 1.079344 
1360 1.076758 
1361 1.074019 
1362 1.071132 
1363 1.068105 
1364 1.064944 
1365 1.061659 
1366 1.058255 
1367 1.054741 
1368 1.051126 
1369 1.047417 
1370 1.043622 
1371 1.039751 
1372 1.035812 
1373 1.031814 
1374 1.027766 
1375 1.023676 
1376 1.019554 
1377 1.015409 
1378 1.011251 
1379 1.007087 
1380 1.002927 
1381 0.998779 
1382 0.994654 
1383 0.990560 
1384 0.986505 
1385 0.982498 
1386 0.978547 
1387 0.974661 
1388 0.970848 
1389 0.967116 
1390 0.963472 
1391 0.959924 
1392 0.956480 
1393 0.953146 
1394 0.949929 
1395 0.946835 
1396 0.943872 
1397 0.941043 
1398 0.938356 
1399 0.935815 
1400 0.933426 
1401 0.931192 
1402 0.929118 
1403 0.927207 
1404 0.925464 
1405 0.923891 
1406 0.922491 
1407 0.921267 
1408 0.920219 
1409 0.919350 
1410 0.918661 
1411 0.918153 
1412 0.917825 
1413 0.917678 
1414 0.917712 
1415 0.917925 
1416 0.918316 
1417 0.918885 
1418 0.919628 
1419 0.920543 
1420 0.921628 
1421 0.922880 
1422 0.924295 
1423 0.925869 
1424 0.927599 
1425 0.929479 
1426 0.931506 
1427 0.933673 
1428 0.935977 
1429 0.938411 
1430 0.940969 
1431 0.943645 
1432 0.946433 
1433 0.949327 
1434 0.952319 
1435 0.955403 
1436 0.958571 
1437 0.961816 
1438 0.965132 
1439 0.968509 
1440 0.971942 
1441 0.975421 
1442 0.978940 
1443 0.982489 
1444 0.986063 
1445 0.989651 
1446 0.993248 
1447 0.996844 
1448 1.000432 
1449 1.004004 
1450 1.007553 
1451 1.011071 
1452 1.014549 
1453 1.017982 
1454 1.021361 
1455 1.024679 
1456 1.027930 
1457 1.031107 
1458 1.034202 
1459 1.037210 
1460 1.040125 
1461 1.042940 
1462 1.045650 
1463 1.048250 
1464 1.050734 
1465 1.053097 
1466 1.055335 
1467 1.057443 
1468 1.059418 
1469 1.061255 
1470 1.062952 
1471 1.064505 
1472 1.065912 
1473 1.067170 
1474 1.068277 
1475 1.069231 
1476 1.070031 
1477 1.070677 
1478 1.071166 
1479 1.071500 
1480 1.071678 
1481 1.071699 
1482 1.071566 
1483 1.071279 
1484 1.070838 
1485 1.070247 
1486 1.069507 
1487 1.068620 
1488 1.067589 
1489 1.066416 
1490 1.065105 
1491 1.063660 
1492 1.062084 
1493 1.060381 
1494 1.058555 
1495 1.056612 
1496 1.054555 
1497 1.052390 
1498 1.050122 
1499 1.047756 
1500 1.045298 
1501 1.042754 
1502 1.040129 
1503 1.037430 
1504 1.034662 
1505 1.031833 
1506 1.028948 
1507 1.026014 
1508 1.023038 
1509 1.020026 
1510 1.016985 
1511 1.013922 
1512 1.010843 
1513 1.007755 
1514 1.004665 
1515 1.001580 
1516 0.998506 
1517 0.995449 
1518 0.992417 
1519 0.989416 
1520 0.986452 
1521 0.983531 
1522 0.980660 
1523 0.977844 
1524 0.975090 
1525 0.972403 
1526 0.969788 
1527 0.967252 
1528 0.964798 
1529 0.962433 
1530 0.960160 
1531 0.957985 
1532 0.955911 
1533 0.953943 
1534 0.952085 
1535 0.950339 
1536 0.948710 
1537 0.947200 
1538 0.945813 
1539 0.944550 
1540 0.943413 
1541 0.942406 
1542 0.941529 
1543 0.940783 
1544 0.940171 
1545 0.939691 
1546 0.939346 
1547 0.939135 
1548 0.939059 
1549 0.939115 
1550 0.939305 
1551 0.939627 
1552 0.940080 
1553 0.940662 
1554 0.941371 
1555 0.942206 
1556 0.943164 
1557 0.944242 
1558 0.945438 
1559 0.946748 
1560 0.948170 
1561 0.949699 
1562 0.951332 
1563 0.953064 
1564 0.954893 
1565 0.956812 
1566 0.958819 
1567 0.960907 
1568 0.963072 
1569 0.965310 
1570 0.967614 
1571 0.969980 
1572 0.972401 
1573 0.974874 
1574 0.977391 
1575 0.979948 
1576 0.982539 
1577 0.985157 
1578 0.987797 
1579 0.990453 
1580 0.993120 
1581 0.995790 
1582 0.998460 
1583 1.001122 
1584 1.003771 
1585 1.006401 
1586 1.009006 
1587 1.011582 
1588 1.014122 
1589 1.016621 
1590 1.019074 
1591 1.021475 
1592 1.023820 
1593 1.026104 
1594 1.028321 
1595 1.030468 
1596 1.032540 
1597 1.034533 
1598 1.036443 
1599 1.038265 
1600 1.039997 
1601 1.041635 
1602 1.043176 
1603 1.044617 
1604 1.045955 
1605 1.047188 
1606 1.048314 
1607 1.049330 
1608 1.050235 
1609 1.051027 
1610 1.051705 
1611 1.052268 
1612 1.052716 
1613 1.053048 
1614 1.053264 
1615 1.053364 
1616 1.053347 
1617 1.053216 
1618 1.052970 
1619 1.052610 
1620 1.052139 
1621 1.051557 
1622 1.050866 
1623 1.050068 
1624 1.049166 
1625 1.048162 
1626 1.047058 
1627 1.045857 
1628 1.044563 
1629 1.043179 
1630 1.041708 
1631 1.040154 
1632 1.038520 
1633 1.036810 
1634 1.035029 
1635 1.033181 
1636 1.031270 
1637 1.029300 
1638 1.027276 
1639 1.025203 
1640 1.023085 
1641 1.020927 
1642 1.018735 
1643 1.016512 
1644 1.014264 
1645 1.011997 
1646 1.009714 
1647 1.007421 
1648 1.005123 
1649 1.002825 
1650 1.000532 
1651 0.998249 
1652 0.995981 
1653 0.993732 
1654 0.991508 
1655 0.989313 
1656 0.987152 
1657 0.985030 
1658 0.982950 
1659 0.980917 
1660 0.978936 
1661 0.977010 
1662 0.975143 
1663 0.973340 
1664 0.971603 
1665 0.969936 
1666 0.968343 
1667 0.966827 
1668 0.965390 
1669 0.964036 
1670 0.962766 
1671 0.961584 
1672 0.960492 
1673 0.959491 
1674 0.958583 
1675 0.957771 
1676 0.957054 
1677 0.956436 
1678 0.955915 
1679 0.955493 
1680 0.955172 
1681 0.954949 
1682 0.954827 
1683 0.954805 
1684 0.954882 
1685 0.955058 
1686 0.955331 
1687 0.955702 
1688 0.956169 
1689 0.956730 
1690 0.957384 
1691 0.958128 
1692 0.958962 
1693 0.959883 
1694 0.960888 
1695 0.961975 
1696 0.963141 
1697 0.964383 
1698 0.965699 
1699 0.967085 
1700 0.968538 
1701 0.970055 
1702 0.971631 
1703 0.973263 
1704 0.974948 
1705 0.976681 
1706 0.978458 
1707 0.980277 
1708 0.982131 
1709 0.984017 
1710 0.985932 
1711 0.987870 
1712 0.989827 
1713 0.991799 
1714 0.993782 
1715 0.995770 
1716 0.997761 
1717 0.999748 
1718 1.001729 
1719 1.003699 
1720 1.005653 
1721 1.007587 
1722 1.009498 
1723 1.011380 
1724 1.013231 
1725 1.015046 
1726 1.016820 
1727 1.018552 
1728 1.020236 
1729 1.021870 
1730 1.023450 
1731 1.024973 
1732 1.026435 
1733 1.027835 
1734 1.029168 
1735 1.030433 
1736 1.031626 
1737 1.032746 
1738 1.033791 
1739 1.034758 
1740 1.035645 
1741 1.036452 
1742 1.037176 
1743 1.037817 
1744 1.038373 
1745 1.038843 
1746 1.039227 
1747 1.039525 
1748 1.039736 
1749 1.039860 
1750 1.039897 
1751 1.039847 
1752 1.039711 
1753 1.039490 
1754 1.039185 
1755 1.038796 
1756 1.038325 
1757 1.037772 
1758 1.037141 
1759 1.036432 
1760 1.035648 
1761 1.034789 
1762 1.033860 
1763 1.032862 
1764 1.031797 
1765 1.030668 
1766 1.029478 
1767 1.028230 
1768 1.026927 
1769 1.025571 
1770 1.024167 
1771 1.022717 
1772 1.021225 
1773 1.019694 
1774 1.018128 
1775 1.016530 
1776 1.014904 
1777 1.013254 
1778 1.011583 
1779 1.009895 
1780 1.008194 
1781 1.006483 
1782 1.004767 
1783 1.003049 
1784 1.001332 
1785 0.999622 
1786 0.997920 
1787 0.996232 
1788 0.994560 
1789 0.992908 
1790 0.991280 
1791 0.989679 
1792 0.988108 
1793 0.986571 
1794 0.985071 
1795 0.983611 
1796 0.982194 
1797 0.980822 
1798 0.979500 
1799 0.978229 
1800 0.977012 
1801 0.975851 
1802 0.974748 
1803 0.973707 
1804 0.972728 
1805 0.971813 
1806 0.970965 
1807 0.970185 
1808 0.969474 
1809 0.968834 
1810 0.968266 
1811 0.967770 
1812 0.967347 
1813 0.966998 
1814 0.966724 
1815 0.966524 
1816 0.966399 
1817 0.966349 
1818 0.966374 
1819 0.966473 
1820 0.966645 
1821 0.966891 
1822 0.967208 
1823 0.967597 
1824 0.968056 
1825 0.968584 
1826 0.969179 
1827 0.969840 
1828 0.970566 
1829 0.971353 
1830 0.972200 
1831 0.973106 
1832 0.974068 
1833 0.975084 
1834 0.976150 
1835 0.977266 
1836 0.978427 
1837 0.979632 
1838 0.980877 
1839 0.982160 
1840 0.983478 
1841 0.984828 
1842 0.986206 
1843 0.987609 
1844 0.989035 
1845 0.990480 
1846 0.991941 
1847 0.993415 
1848 0.994898 
1849 0.996387 
1850 0.997879 
1851 0.999371 
1852 1.000858 
1853 1.002339 
1854 1.003809 
1855 1.005267 
1856 1.006707 
1857 1.008128 
1858 1.009527 
1859 1.010899 
1860 1.012244 
1861 1.013556 
1862 1.014835 
1863 1.016077 
1864 1.017279 
1865 1.018440 
1866 1.019556 
1867 1.020626 
1868 1.021647 
1869 1.022617 
1870 1.023534 
1871 1.024397 
1872 1.025204 
1873 1.025952 
1874 1.026642 
1875 1.027271 
1876 1.027839 
1877 1.028343 
1878 1.028785 
1879 1.029162 
1880 1.029474 
1881 1.029721 
1882 1.029902 
1883 1.030018 
1884 1.030067 
1885 1.030052 
1886 1.029971 
1887 1.029825 
1888 1.029615 
1889 1.029341 
1890 1.029005 
1891 1.028607 
1892 1.028149 
1893 1.027631 
1894 1.027056 
1895 1.026424 
1896 1.025737 
1897 1.024997 
1898 1.024206 
1899 1.023366 
1900 1.022479 
1901 1.021548 
1902 1.020573 
1903 1.019558 
1904 1.018506 
1905 1.017418 
1906 1.016297 
1907 1.015146 
1908 1.013968 
1909 1.012765 
1910 1.011541 
1911 1.010297 
1912 1.009037 
1913 1.007763 
1914 1.006479 
1915 1.005188 
1916 1.003891 
1917 1.002593 
1918 1.001296 
1919 1.000002 
1920 0.998716 
1921 0.997438 
1922 0.996173 
1923 0.994923 
1924 0.993691 
1925 0.992478 
1926 0.991289 
1927 0.990124 
1928 0.988988 
1929 0.987881 
1930 0.986807 
1931 0.985767 
1932 0.984764 
1933 0.983800 
1934 0.982876 
1935 0.981994 
1936 0.981157 
1937 0.980366 
1938 0.979621 
1939 0.978926 
1940 0.978281 
1941 0.977687 
1942 0.977145 
1943 0.976657 
1944 0.976223 
1945 0.975844 
1946 0.975520 
1947 0.975252 
1948 0.975041 
1949 0.974886 
1950 0.974788 
1951 0.974746 
1952 0.974761 
1953 0.974833 
1954 0.974960 
1955 0.975142 
1956 0.975380 
1957 0.975671 
1958 0.976015 
1959 0.976412 
1960 0.976860 
1961 0.977358 
1962 0.977904 
1963 0.978497 
1964 0.979137 
1965 0.979820 
1966 0.980546 
1967 0.981313 
1968 0.982118 
1969 0.982961 
1970 0.983838 
1971 0.984748 
1972 0.985689 
1973 0.986659 
1974 0.987655 
1975 0.988675 
1976 0.989717 
1977 0.990778 
1978 0.991856 
1979 0.992949 
1980 0.994054 
1981 0.995169 
1982 0.996291 
1983 0.997417 
1984 0.998546 
1985 0.999675 
1986 1.000801 
1987 1.001922 
1988 1.003035 
1989 1.004139 
1990 1.005230 
1991 1.006307 
1992 1.007366 
1993 1.008407 
1994 1.009426 
1995 1.010421 
1996 1.011391 
1997 1.012333 
1998 1.013246 
1999 1.014127 
