0.085946 0.085946 0.085946 
0.078604 0.078604 0.078604 
0.071890 0.071890 0.071890 
0.065750 0.065750 0.065750 
0.060134 0.060134 0.060134 
0.054997 0.054997 0.054997 
0.050300 0.050300 0.050300 
0.046003 0.046003 0.046003 
0.042074 0.042074 0.042074 
0.038480 0.038480 0.038480 
0.035193 0.035193 0.035193 
0.032187 0.032187 0.032187 
0.029438 0.029438 0.029438 
0.026923 0.026923 0.026923 
0.024624 0.024624 0.024624 
0.022520 0.022520 0.022520 
0.020597 0.020597 0.020597 
0.018838 0.018838 0.018838 
0.017229 0.017229 0.017229 
0.015757 0.015757 0.015757 
0.014411 0.014411 0.014411 
0.013180 0.013180 0.013180 
0.012054 0.012054 0.012054 
0.011025 0.011025 0.011025 
0.010083 0.010083 0.010083 
0.009222 0.009222 0.009222 
0.008434 0.008434 0.008434 
0.007714 0.007714 0.007714 
0.007055 0.007055 0.007055 
0.006452 0.006452 0.006452 
0.005901 0.005901 0.005901 
0.005397 0.005397 0.005397 
0.004936 0.004936 0.004936 
0.004514 0.004514 0.004514 
0.004129 0.004129 0.004129 
0.003776 0.003776 0.003776 
0.003454 0.003454 0.003454 
0.003159 0.003159 0.003159 
0.002889 0.002889 0.002889 
0.002642 0.002642 0.002642 
0.002416 0.002416 0.002416 
0.002210 0.002210 0.002210 
0.002021 0.002021 0.002021 
0.001849 0.001849 0.001849 
0.001691 0.001691 0.001691 
0.001546 0.001546 0.001546 
0.001414 0.001414 0.001414 
0.001293 0.001293 0.001293 
0.001183 0.001183 0.001183 
0.001082 0.001082 0.001082 
0.000989 0.000989 0.000989 
0.000905 0.000905 0.000905 
0.000828 0.000828 0.000828 
0.000757 0.000757 0.000757 
0.000692 0.000692 0.000692 
0.000633 0.000633 0.000633 
0.000579 0.000579 0.000579 
