36.400000 -0.442857 -0.207391 0.575482 0.034283 3.743305 62.064480 92.723295 0.000000 0.000116 0.575366 
34.400000 -0.421429 -0.199057 0.574507 0.033347 3.639428 61.888522 92.829271 0.000000 0.000174 0.574332 
24.400000 -0.314286 -0.156590 0.574526 0.028503 3.101318 61.401825 93.568286 0.000003 0.001334 0.573189 
22.400000 -0.292857 -0.147901 0.575828 0.027486 2.988145 61.403314 93.778007 0.000007 0.002004 0.573817 
13.600000 -0.200000 -0.106231 0.575809 0.022128 2.393754 60.495616 95.181880 0.000229 0.011522 0.564058 
5.600000 -0.117857 -0.065784 0.574527 0.015866 1.705630 58.583943 98.069025 0.004840 0.050806 0.518881 
2.000000 -0.082143 -0.047297 0.575264 0.012329 1.325590 57.121252 100.709207 0.017103 0.090640 0.467521 
-28.800000 0.160714 0.084139 0.575649 0.018892 1.301133 40.863612 140.870832 0.547389 0.026964 0.001297 
-34.400000 0.200000 0.102842 0.574125 0.021627 1.486878 40.365595 142.231290 0.560760 0.013068 0.000297 
-43.600000 0.264286 0.132451 0.575325 0.025568 1.753406 40.077843 143.551995 0.571373 0.003926 0.000026 
-47.200000 0.289286 0.143363 0.575218 0.026920 1.844716 39.973132 143.901277 0.572761 0.002447 0.000010 
-50.800000 0.314286 0.154184 0.575841 0.028237 1.933622 39.935565 144.192514 0.574310 0.001527 0.000004 
