12.800000 -0.196429 -0.094130 0.524705 0.019792 2.140133 55.046068 95.321104 0.000264 0.011788 0.512653 
10.400000 -0.171429 -0.083335 0.525311 0.018243 1.968905 54.734146 95.975004 0.000673 0.018711 0.505927 
4.800000 -0.114286 -0.057297 0.525113 0.013996 1.504130 53.352221 98.423812 0.005503 0.051458 0.468152 
0.800000 -0.075000 -0.038428 0.524281 0.010233 1.102319 51.546785 101.709809 0.021583 0.095070 0.407629 
-8.000000 0.003571 0.001277 0.525885 0.000377 0.078100 44.806895 117.367066 0.182702 0.176686 0.166498 
-11.600000 0.032143 0.016006 0.525659 0.004625 0.276414 42.025190 125.081822 0.282923 0.157388 0.085347 
-32.800000 0.185714 0.088700 0.525709 0.019025 1.308734 37.058114 141.860665 0.510168 0.015104 0.000437 
-42.000000 0.250000 0.115770 0.525023 0.022685 1.556325 36.625385 143.349519 0.520446 0.004539 0.000039 
-45.600000 0.275000 0.125722 0.524348 0.023928 1.640315 36.480328 143.734558 0.521506 0.002827 0.000015 
-49.200000 0.300000 0.135625 0.524595 0.025144 1.722380 36.416833 144.052896 0.522826 0.001763 0.000006 
-52.800000 0.325000 0.145501 0.525618 0.026339 1.803102 36.420204 144.320448 0.524515 0.001100 0.000002 
