38.000000 -0.439286 -0.266240 0.725731 0.043748 4.777700 78.307924 92.676541 0.000000 0.000121 0.725610 
36.000000 -0.417857 -0.256065 0.725220 0.042623 4.652826 78.167357 92.777901 0.000000 0.000182 0.725039 
34.000000 -0.396429 -0.245746 0.724858 0.041475 4.525361 78.034328 92.889618 0.000000 0.000273 0.724585 
32.000000 -0.375000 -0.235280 0.724661 0.040302 4.395075 77.909403 93.013322 0.000000 0.000410 0.724251 
30.000000 -0.353571 -0.224664 0.724651 0.039101 4.261700 77.793124 93.151005 0.000001 0.000617 0.724034 
28.000000 -0.332143 -0.213893 0.724850 0.037870 4.124918 77.685983 93.305120 0.000001 0.000926 0.723922 
26.000000 -0.310714 -0.202963 0.725286 0.036606 3.984350 77.588373 93.478729 0.000003 0.001391 0.723892 
24.000000 -0.289286 -0.191870 0.725992 0.035303 3.839539 77.500525 93.675696 0.000006 0.002088 0.723898 
19.600000 -0.242857 -0.166114 0.724954 0.032125 3.486683 76.946580 94.215243 0.000034 0.005042 0.719878 
10.000000 -0.142857 -0.107028 0.724616 0.023965 2.583838 75.176980 96.388027 0.001502 0.032651 0.690464 
7.200000 -0.114286 -0.089148 0.725336 0.021085 2.268115 74.341284 97.568458 0.004323 0.054425 0.666589 
3.600000 -0.078571 -0.065801 0.725642 0.016804 1.805428 72.648740 99.883621 0.015686 0.099216 0.610741 
-9.600000 0.035714 0.015793 0.725627 0.004608 0.238298 59.109091 122.760667 0.347822 0.229810 0.147994 
-14.400000 0.071429 0.041334 0.724638 0.011396 0.766422 55.222132 131.222326 0.506611 0.165381 0.052646 
-20.800000 0.117857 0.072812 0.725997 0.018148 1.250401 52.784270 137.540444 0.630928 0.084125 0.010944 
-30.400000 0.185714 0.115822 0.725444 0.025291 1.740644 51.269163 141.497068 0.699101 0.025439 0.000904 
-39.600000 0.250000 0.153829 0.725287 0.030549 2.096714 50.663141 143.158707 0.717534 0.007673 0.000080 
-43.200000 0.275000 0.167906 0.725004 0.032345 2.218046 50.495069 143.579222 0.720189 0.004784 0.000031 
-46.800000 0.300000 0.181702 0.725142 0.034056 2.333549 50.383686 143.923888 0.722147 0.002982 0.000012 
-50.400000 0.325000 0.195240 0.725634 0.035695 2.444242 50.317356 144.211512 0.723770 0.001860 0.000005 
-59.200000 0.385714 0.226302 0.724872 0.039288 2.686822 50.078558 144.747020 0.724286 0.000586 0.000000 
