36.400000 -0.410714 -0.274644 0.775728 0.045673 4.985983 83.617855 92.770574 0.000000 0.000189 0.775539 
34.400000 -0.389286 -0.263672 0.775496 0.044456 4.850857 83.493014 92.881557 0.000000 0.000284 0.775212 
32.400000 -0.367857 -0.252521 0.775387 0.043209 4.712353 83.370973 93.004403 0.000000 0.000427 0.774960 
30.400000 -0.346429 -0.241188 0.775415 0.041930 4.570175 83.251628 93.141074 0.000001 0.000642 0.774772 
28.400000 -0.325000 -0.229669 0.775597 0.040614 4.423980 83.134726 93.293983 0.000001 0.000964 0.774632 
26.400000 -0.303571 -0.217960 0.775954 0.039259 4.273358 83.019807 93.466139 0.000003 0.001448 0.774504 
22.000000 -0.257143 -0.190942 0.774788 0.036001 3.911564 82.484699 93.931084 0.000016 0.003508 0.771264 
20.000000 -0.235714 -0.178647 0.775902 0.034491 3.743738 82.371151 94.195839 0.000035 0.005251 0.770616 
17.600000 -0.210714 -0.163149 0.774955 0.032490 3.521854 81.944604 94.570583 0.000090 0.008447 0.766417 
15.200000 -0.185714 -0.147465 0.774572 0.030393 3.289458 81.508461 95.029641 0.000234 0.013539 0.760799 
12.800000 -0.160714 -0.131597 0.774914 0.028177 3.044242 81.054440 95.604098 0.000602 0.021582 0.752730 
10.000000 -0.132143 -0.112606 0.774203 0.025335 2.730954 80.244700 96.480280 0.001770 0.036591 0.735842 
7.200000 -0.103571 -0.093497 0.775286 0.022231 2.391014 79.353723 97.700029 0.005085 0.060888 0.709314 
3.200000 -0.064286 -0.065739 0.775535 0.017031 1.830573 77.206959 100.448801 0.020968 0.117184 0.637383 
2.800000 -0.060714 -0.062915 0.774526 0.016439 1.767751 76.827822 100.813187 0.023887 0.124010 0.626629 
-4.000000 0.000000 -0.016637 0.774488 0.004883 0.606699 69.747684 111.041379 0.158479 0.245513 0.370496 
-4.400000 0.003571 -0.013997 0.775729 0.004124 0.535870 69.328848 111.891215 0.172840 0.250165 0.352724 
-10.400000 0.050000 0.023080 0.774591 0.006674 0.396119 62.011287 124.911333 0.413525 0.233044 0.128022 
-12.800000 0.067857 0.036834 0.775262 0.010351 0.681885 59.996186 129.218606 0.500717 0.198116 0.076429 
-26.800000 0.167857 0.108177 0.774942 0.024633 1.697116 55.147461 140.521757 0.730967 0.041658 0.002317 
-32.400000 0.207143 0.133972 0.774861 0.028506 1.960467 54.561968 142.014890 0.754041 0.020287 0.000533 
-36.000000 0.232143 0.149754 0.774025 0.030688 2.108207 54.250883 142.675061 0.761131 0.012687 0.000207 
-38.000000 0.246429 0.158868 0.775998 0.031935 2.192609 54.273858 142.978225 0.766099 0.009777 0.000122 
-41.600000 0.271429 0.174104 0.775769 0.033907 2.325868 54.085618 143.433467 0.769623 0.006098 0.000047 
-45.200000 0.296429 0.188996 0.775841 0.035773 2.451895 53.951423 143.803697 0.772021 0.003802 0.000018 
-50.400000 0.332143 0.209279 0.774117 0.038198 2.615529 53.672409 144.229982 0.772194 0.001919 0.000005 
-54.000000 0.357143 0.223377 0.774758 0.039866 2.728195 53.627286 144.470889 0.773560 0.001197 0.000002 
-57.600000 0.382143 0.237194 0.775577 0.041474 2.836781 53.607227 144.677710 0.774830 0.000747 0.000001 
