37.200000 -0.439286 -0.244951 0.674787 0.040393 4.410793 72.789345 92.704143 0.000000 0.000126 0.674661 
35.200000 -0.417857 -0.235378 0.674133 0.039328 4.292653 72.637151 92.808241 0.000000 0.000189 0.673943 
25.200000 -0.310714 -0.185766 0.674289 0.033687 3.665928 72.092126 93.531524 0.000003 0.001450 0.672836 
23.200000 -0.289286 -0.175464 0.675228 0.032476 3.531196 72.035136 93.735926 0.000007 0.002176 0.673045 
14.400000 -0.196429 -0.126802 0.675458 0.026259 2.841369 71.028213 95.097120 0.000231 0.012550 0.662677 
12.000000 -0.171429 -0.112926 0.675692 0.024306 2.625417 70.613207 95.689237 0.000592 0.019978 0.655122 
6.400000 -0.114286 -0.079560 0.675010 0.019038 2.047121 68.976101 97.861379 0.004955 0.055926 0.614129 
2.800000 -0.078571 -0.057847 0.675883 0.014956 1.607470 67.341014 100.367143 0.017720 0.100742 0.557421 
-6.800000 0.007143 -0.001533 0.675265 0.000477 0.182763 58.180595 116.063630 0.213895 0.226882 0.234488 
-12.800000 0.053571 0.029613 0.674567 0.008377 0.545345 52.537047 128.398325 0.421109 0.179150 0.074308 
-15.200000 0.071429 0.041216 0.675266 0.011266 0.762002 51.159467 131.992291 0.486025 0.146297 0.042944 
-31.200000 0.185714 0.110061 0.675267 0.023874 1.642798 47.676378 141.635517 0.652525 0.022016 0.000725 
-40.400000 0.250000 0.145243 0.674968 0.028701 1.969554 47.124547 143.230621 0.668272 0.006632 0.000064 
-44.000000 0.275000 0.158255 0.674582 0.030350 2.080952 46.964175 143.637614 0.670424 0.004134 0.000025 
-47.600000 0.300000 0.171048 0.674747 0.031929 2.187602 46.866486 143.972267 0.672161 0.002577 0.000010 
-51.200000 0.325000 0.183642 0.675378 0.033451 2.290390 46.819202 144.252272 0.673767 0.001607 0.000004 
-60.000000 0.385714 0.212336 0.674372 0.036756 2.513426 46.580648 144.775220 0.673866 0.000506 0.000000 
