33.600000 -0.407143 -0.212294 0.625594 0.035817 3.908122 67.350064 92.886972 0.000000 0.000233 0.625361 
31.600000 -0.385714 -0.203186 0.625169 0.034792 3.794252 67.215013 93.010332 0.000000 0.000351 0.624818 
29.600000 -0.364286 -0.193992 0.625026 0.033750 3.678517 67.100541 93.147628 0.000000 0.000527 0.624498 
27.600000 -0.342857 -0.184708 0.625199 0.032690 3.560662 67.008644 93.301311 0.000001 0.000792 0.624407 
25.600000 -0.321429 -0.175328 0.625732 0.031607 3.440376 66.941470 93.474434 0.000002 0.001189 0.624540 
19.200000 -0.253571 -0.143357 0.624523 0.027707 3.007239 66.291939 94.208048 0.000029 0.004300 0.620195 
14.800000 -0.207143 -0.120697 0.625540 0.024764 2.680726 65.869853 94.966095 0.000168 0.010304 0.615068 
12.400000 -0.182143 -0.107825 0.625201 0.022970 2.482252 65.450249 95.523042 0.000431 0.016416 0.608354 
-8.800000 0.017857 0.007474 0.624019 0.002194 0.057929 51.982267 120.044627 0.257081 0.206027 0.160911 
-14.400000 0.060714 0.033617 0.624389 0.009330 0.623962 47.818295 130.575378 0.425744 0.148284 0.050361 
-28.800000 0.164286 0.091969 0.624075 0.020597 1.418514 44.282151 140.931463 0.594244 0.028496 0.001334 
-40.000000 0.242857 0.132437 0.625268 0.026313 1.805994 43.678593 143.151937 0.618537 0.006660 0.000070 
-43.600000 0.267857 0.144465 0.624562 0.027842 1.909236 43.501197 143.573563 0.620385 0.004150 0.000027 
-47.200000 0.292857 0.156326 0.624573 0.029311 2.008459 43.397497 143.919150 0.621976 0.002587 0.000011 
-50.800000 0.317857 0.168042 0.625187 0.030733 2.104514 43.353273 144.207540 0.623569 0.001614 0.000004 
