39.200000 -0.396429 -0.322936 0.875982 0.052977 5.785921 94.533286 92.663850 0.000000 0.000138 0.875844 
38.800000 -0.392857 -0.320238 0.875003 0.052663 5.751151 94.408445 92.682745 0.000000 0.000149 0.874854 
38.400000 -0.389286 -0.317532 0.874012 0.052347 5.716207 94.281952 92.701985 0.000000 0.000162 0.873851 
37.200000 -0.375000 -0.310866 0.875907 0.051654 5.639083 94.423100 92.764053 0.000000 0.000208 0.875699 
36.800000 -0.371429 -0.308136 0.874935 0.051335 5.603683 94.297205 92.784828 0.000000 0.000225 0.874710 
35.200000 -0.353571 -0.298564 0.875876 0.050295 5.488148 94.307574 92.874421 0.000000 0.000313 0.875563 
34.800000 -0.350000 -0.295801 0.874912 0.049970 5.452071 94.180517 92.897363 0.000000 0.000338 0.874574 
33.200000 -0.332143 -0.286026 0.875895 0.048897 5.332813 94.185723 92.996542 0.000000 0.000470 0.875424 
32.800000 -0.328571 -0.283230 0.874940 0.048565 5.296004 94.057364 93.022000 0.000000 0.000509 0.874431 
31.200000 -0.310714 -0.273250 0.875969 0.047456 5.172733 94.056324 93.132347 0.000001 0.000707 0.875261 
30.800000 -0.307143 -0.270420 0.875026 0.047117 5.135128 93.926475 93.160748 0.000001 0.000765 0.874260 
30.400000 -0.303571 -0.267584 0.874073 0.046776 5.097322 93.794915 93.189778 0.000001 0.000828 0.873244 
28.800000 -0.285714 -0.257368 0.875177 0.045622 4.969034 93.786252 93.316086 0.000001 0.001149 0.874026 
28.400000 -0.282143 -0.254499 0.874238 0.045273 4.930345 93.652922 93.348705 0.000002 0.001243 0.872993 
26.800000 -0.264286 -0.244070 0.875401 0.044076 4.797243 93.634661 93.491106 0.000003 0.001725 0.873672 
26.400000 -0.260714 -0.241168 0.874480 0.043718 4.757580 93.499218 93.528007 0.000004 0.001866 0.872610 
24.800000 -0.242857 -0.230525 0.875709 0.042474 4.619194 93.469092 93.689708 0.000007 0.002587 0.873114 
24.400000 -0.239286 -0.227589 0.874809 0.042106 4.578447 93.331072 93.731774 0.000009 0.002798 0.872002 
22.400000 -0.217857 -0.213761 0.875239 0.040430 4.392258 93.144920 93.965258 0.000020 0.004189 0.871030 
22.000000 -0.214286 -0.210787 0.874356 0.040049 4.350024 93.001696 94.015016 0.000023 0.004528 0.869805 
20.400000 -0.196429 -0.199682 0.875786 0.038683 4.198184 92.936042 94.235313 0.000044 0.006262 0.869480 
20.000000 -0.192857 -0.196676 0.874934 0.038289 4.154542 92.788597 94.293216 0.000051 0.006766 0.868116 
19.600000 -0.189286 -0.193665 0.874076 0.037892 4.110593 92.638951 94.352933 0.000060 0.007309 0.866706 
18.000000 -0.171429 -0.182315 0.875655 0.036446 3.949960 92.545159 94.619216 0.000114 0.010087 0.865454 
17.600000 -0.167857 -0.179272 0.874836 0.036034 3.904355 92.389780 94.689701 0.000133 0.010892 0.863811 
17.200000 -0.164286 -0.176226 0.874014 0.035618 3.858397 92.231893 94.762614 0.000156 0.011759 0.862099 
15.600000 -0.146429 -0.164633 0.875775 0.034077 3.687445 92.099143 95.090500 0.000296 0.016176 0.859303 
15.200000 -0.142857 -0.161556 0.875002 0.033643 3.639503 91.933221 95.178029 0.000345 0.017451 0.857206 
14.800000 -0.139286 -0.158476 0.874229 0.033206 3.591142 91.764312 95.268902 0.000403 0.018822 0.855004 
12.800000 -0.117857 -0.143538 0.875508 0.031089 3.357083 91.395863 95.793006 0.000885 0.027766 0.846857 
12.400000 -0.114286 -0.140428 0.874802 0.030624 3.305790 91.211578 95.909075 0.001031 0.029905 0.843866 
12.000000 -0.110714 -0.137314 0.874099 0.030153 3.253971 91.023375 96.030192 0.001199 0.032198 0.840702 
10.000000 -0.089286 -0.122100 0.875847 0.027830 2.998247 90.535436 96.740781 0.002598 0.046984 0.826265 
9.600000 -0.085714 -0.118962 0.875243 0.027323 2.942641 90.323601 96.900796 0.003015 0.050470 0.821758 
9.200000 -0.082143 -0.115823 0.874650 0.026809 2.886358 90.106241 97.068762 0.003496 0.054187 0.816967 
8.800000 -0.078571 -0.112682 0.874070 0.026288 2.829372 89.883067 97.245226 0.004051 0.058147 0.811872 
6.000000 -0.050000 -0.090901 0.875784 0.022489 2.416242 88.639015 98.803414 0.011354 0.094769 0.769660 
5.600000 -0.046429 -0.087748 0.875408 0.021896 2.352269 88.358173 99.074972 0.013063 0.101090 0.761256 
5.200000 -0.042857 -0.084597 0.875061 0.021292 2.287333 88.067770 99.362241 0.015010 0.107723 0.752328 
4.800000 -0.039286 -0.081448 0.874744 0.020678 2.221410 87.767326 99.666277 0.017225 0.114667 0.742852 
4.400000 -0.035714 -0.078302 0.874460 0.020052 2.154476 87.456354 99.988184 0.019740 0.121918 0.732802 
4.000000 -0.032143 -0.075159 0.874211 0.019414 2.086511 87.134372 100.329107 0.022590 0.129466 0.722155 
3.600000 -0.028571 -0.072019 0.874000 0.018764 2.017499 86.800907 100.690226 0.025810 0.137301 0.710890 
-0.000000 0.003571 -0.043975 0.874212 0.012322 1.349716 83.224930 105.042110 0.078445 0.216100 0.579667 
-0.400000 0.007143 -0.040890 0.874511 0.011538 1.270875 82.761614 105.666215 0.087711 0.224960 0.561839 
-0.800000 0.010714 -0.037813 0.874870 0.010741 1.191340 82.286009 106.320581 0.097798 0.233619 0.543452 
-1.200000 0.014286 -0.034745 0.875290 0.009932 1.111214 81.798845 107.005131 0.108729 0.242004 0.524557 
-1.600000 0.017857 -0.031685 0.875771 0.009111 1.030612 81.301035 107.719481 0.120520 0.250039 0.505211 
-4.000000 0.035714 -0.013809 0.874153 0.004079 0.551054 77.730283 112.459713 0.205579 0.284641 0.383932 
-4.400000 0.039286 -0.010840 0.875047 0.003214 0.471591 77.204830 113.340929 0.222820 0.288447 0.363780 
-4.800000 0.042857 -0.007882 0.875988 0.002347 0.392814 76.681631 114.236963 0.240693 0.291454 0.343841 
-6.400000 0.053571 0.003433 0.874175 0.001009 0.096143 74.217344 117.785863 0.312414 0.293350 0.268411 
-6.800000 0.057143 0.006311 0.875341 0.001854 0.023095 73.740023 118.706309 0.332156 0.292381 0.250803 
-8.400000 0.067857 0.017206 0.874027 0.005029 0.244276 71.529919 122.190363 0.406468 0.279815 0.187744 
-8.800000 0.071429 0.020004 0.875339 0.005831 0.309672 71.132560 123.057435 0.426119 0.275547 0.173673 
-10.400000 0.082143 0.030488 0.874295 0.008754 0.543714 69.270585 126.214522 0.496048 0.252726 0.125521 
-10.800000 0.085714 0.033212 0.875689 0.009491 0.601117 68.966014 126.973977 0.514075 0.246440 0.115174 
-12.400000 0.096429 0.043317 0.874753 0.012126 0.803191 67.465062 129.660085 0.575188 0.218577 0.080988 
-14.400000 0.110714 0.055742 0.875272 0.015148 1.027717 66.068258 132.479915 0.641452 0.182939 0.050881 
-16.000000 0.121429 0.065254 0.874321 0.017294 1.183393 65.098754 134.306898 0.683867 0.155824 0.034631 
-16.400000 0.125000 0.067817 0.875802 0.017855 1.223530 65.005461 134.727474 0.694986 0.149464 0.031353 
-18.000000 0.135714 0.077067 0.874847 0.019781 1.360337 64.247594 136.168098 0.728245 0.125503 0.021099 
-20.000000 0.150000 0.088610 0.875382 0.022037 1.518432 63.601884 137.634586 0.762925 0.099736 0.012721 
-21.600000 0.160714 0.097448 0.874413 0.023653 1.630599 63.098572 138.578821 0.783567 0.082392 0.008454 
-22.000000 0.164286 0.099918 0.875933 0.024103 1.661698 63.108674 138.797554 0.789818 0.078501 0.007614 
-23.600000 0.175000 0.108570 0.874985 0.025591 1.764108 62.698718 139.553926 0.805461 0.064485 0.005038 
-25.200000 0.185714 0.117069 0.874034 0.026990 1.859939 62.344524 140.194241 0.817911 0.052797 0.003326 
-25.600000 0.189286 0.119498 0.875587 0.027397 1.887760 62.388394 140.344508 0.822391 0.050205 0.002991 
-27.200000 0.200000 0.127838 0.874668 0.028704 1.976926 62.090226 140.870417 0.831720 0.040977 0.001971 
-29.200000 0.214286 0.138441 0.875333 0.030322 2.087039 61.890373 141.432845 0.842456 0.031712 0.001165 
-30.800000 0.225000 0.146505 0.874453 0.031497 2.166752 61.661318 141.815430 0.847894 0.025792 0.000766 
-32.800000 0.239286 0.156818 0.875183 0.032975 2.267025 61.531577 142.233153 0.854836 0.019895 0.000452 
-34.400000 0.250000 0.164631 0.874343 0.034048 2.339645 61.347612 142.522812 0.857896 0.016151 0.000297 
-34.800000 0.253571 0.166989 0.875940 0.034392 2.362955 61.429480 142.592848 0.860344 0.015329 0.000267 
-36.400000 0.264286 0.174679 0.875134 0.035419 2.432421 61.264753 142.844575 0.862522 0.012437 0.000175 
-38.000000 0.275000 0.182260 0.874334 0.036411 2.499483 61.111779 143.071219 0.864133 0.010086 0.000115 
-38.400000 0.278571 0.184596 0.875946 0.036740 2.521784 61.200863 143.126474 0.866272 0.009571 0.000103 
-40.000000 0.289286 0.192062 0.875177 0.037696 2.586320 61.061769 143.326522 0.867349 0.007760 0.000068 
-41.600000 0.300000 0.199423 0.874414 0.038622 2.648876 60.931087 143.508645 0.868079 0.006291 0.000045 
-43.600000 0.314286 0.208993 0.875303 0.039835 2.730858 60.905006 143.716127 0.870439 0.004838 0.000026 
-45.200000 0.325000 0.216147 0.874574 0.040707 2.789661 60.790982 143.865667 0.870635 0.003921 0.000017 
-47.200000 0.339286 0.225497 0.875502 0.041860 2.867574 60.782889 144.037610 0.872476 0.003016 0.000010 
-48.800000 0.350000 0.232454 0.874803 0.042684 2.923182 60.681710 144.162592 0.872352 0.002444 0.000007 
-50.400000 0.360714 0.239317 0.874108 0.043488 2.977435 60.584759 144.278595 0.872123 0.001981 0.000004 
-50.800000 0.364286 0.241593 0.875765 0.043786 2.997616 60.687484 144.307403 0.873882 0.001880 0.000004 
-52.400000 0.375000 0.248361 0.875094 0.044569 3.050455 60.596475 144.413412 0.873568 0.001524 0.000003 
-54.000000 0.385714 0.255038 0.874427 0.045335 3.102100 60.508783 144.512373 0.873190 0.001235 0.000002 
-56.000000 0.400000 0.263884 0.875439 0.046373 3.172269 60.530374 144.628076 0.874488 0.000950 0.000001 
-57.600000 0.410714 0.270383 0.874797 0.047105 3.221610 60.450243 144.713486 0.874025 0.000770 0.000001 
-59.200000 0.421429 0.276797 0.874156 0.047821 3.269936 60.372518 144.793767 0.873531 0.000625 0.000000 
-59.600000 0.425000 0.279037 0.875831 0.048106 3.289253 60.479773 144.813858 0.875238 0.000593 0.000000 
