39.600000 -0.428571 -0.308750 0.825726 0.050410 5.506431 89.144825 92.627427 0.000000 0.000111 0.825615 
37.600000 -0.407143 -0.297412 0.825505 0.049168 5.368623 89.028157 92.724018 0.000000 0.000167 0.825338 
35.600000 -0.385714 -0.285871 0.825355 0.047896 5.227292 88.910173 92.830234 0.000000 0.000251 0.825104 
33.600000 -0.364286 -0.274124 0.825285 0.046589 5.082176 88.790410 92.947550 0.000000 0.000378 0.824907 
31.600000 -0.342857 -0.262165 0.825304 0.045246 4.932973 88.668250 93.077755 0.000000 0.000569 0.824735 
29.600000 -0.321429 -0.249994 0.825424 0.043864 4.779333 88.542868 93.223043 0.000001 0.000855 0.824568 
27.600000 -0.300000 -0.237604 0.825656 0.042437 4.620847 88.413164 93.386131 0.000002 0.001283 0.824371 
25.200000 -0.275000 -0.222047 0.824348 0.040585 4.415151 88.062832 93.609021 0.000005 0.002080 0.822263 
23.200000 -0.253571 -0.209199 0.824893 0.039050 4.244630 87.918838 93.824406 0.000011 0.003117 0.821764 
21.200000 -0.232143 -0.196125 0.825615 0.037455 4.067411 87.764034 94.072163 0.000026 0.004667 0.820923 
20.800000 -0.228571 -0.193145 0.824008 0.037058 4.023511 87.544348 94.124638 0.000030 0.005036 0.818942 
18.800000 -0.207143 -0.179829 0.824991 0.035385 3.837622 87.373303 94.421374 0.000067 0.007523 0.817400 
16.400000 -0.182143 -0.163278 0.824729 0.033208 3.596277 86.954375 94.846131 0.000175 0.012086 0.812468 
14.000000 -0.157143 -0.146475 0.824929 0.030904 3.341138 86.494937 95.373134 0.000451 0.019318 0.805160 
11.600000 -0.132143 -0.129429 0.825729 0.028442 3.069183 85.975192 96.042714 0.001150 0.030646 0.793932 
11.200000 -0.128571 -0.126406 0.824425 0.027973 3.017631 85.726781 96.168854 0.001336 0.032942 0.790147 
8.400000 -0.100000 -0.106105 0.825053 0.024771 2.666019 84.828360 97.261427 0.003874 0.055234 0.765944 
4.800000 -0.064286 -0.079600 0.825740 0.020048 2.153657 83.084694 99.385344 0.014318 0.102155 0.709267 
4.400000 -0.060714 -0.076604 0.825012 0.019460 2.090623 82.758542 99.688992 0.016408 0.108637 0.699967 
4.000000 -0.057143 -0.073616 0.824330 0.018863 2.026744 82.424408 100.010427 0.018779 0.115399 0.690152 
-3.200000 0.007143 -0.021198 0.824793 0.006190 0.739748 74.957739 110.034372 0.151415 0.255017 0.418360 
-3.600000 0.010714 -0.018366 0.825712 0.005386 0.663749 74.484635 110.856691 0.165738 0.260657 0.399316 
-6.800000 0.035714 0.003469 0.825558 0.001019 0.084987 70.044000 117.862726 0.296553 0.276957 0.252047 
-9.200000 0.053571 0.019000 0.825339 0.005537 0.295207 67.044470 123.103174 0.402729 0.259558 0.163052 
-11.200000 0.067857 0.031329 0.824248 0.008952 0.567219 64.904466 126.994101 0.484308 0.231790 0.108150 
-21.200000 0.139286 0.087764 0.824331 0.021555 1.485716 59.674383 138.138223 0.729307 0.085292 0.009733 
-23.200000 0.153571 0.098331 0.824940 0.023439 1.615899 59.263079 139.199592 0.752185 0.066941 0.005814 
-25.200000 0.167857 0.108729 0.825682 0.025193 1.736267 58.953786 140.055824 0.769999 0.052226 0.003457 
-28.800000 0.192857 0.126587 0.824723 0.027991 1.927085 58.397973 141.224676 0.790327 0.033048 0.001349 
-30.800000 0.207143 0.136561 0.825780 0.029483 2.028510 58.263882 141.731028 0.799433 0.025550 0.000797 
-32.400000 0.217857 0.143913 0.824072 0.030521 2.098793 58.001877 142.076859 0.802796 0.020753 0.000524 
-34.400000 0.232143 0.153649 0.825296 0.031898 2.192138 57.932537 142.458103 0.808984 0.016003 0.000309 
-38.000000 0.257143 0.170282 0.825052 0.034135 2.343452 57.687859 143.020118 0.814938 0.009995 0.000120 
-41.600000 0.282143 0.186495 0.825015 0.036230 2.485008 57.505451 143.467312 0.818735 0.006234 0.000046 
-45.200000 0.307143 0.202314 0.825155 0.038208 2.618594 57.369516 143.831577 0.821250 0.003886 0.000018 
-48.800000 0.332143 0.217761 0.825446 0.040087 2.745506 57.269331 144.134021 0.823016 0.002423 0.000007 
-50.400000 0.342857 0.224068 0.824139 0.040816 2.794686 57.131952 144.251854 0.822172 0.001963 0.000005 
-52.400000 0.357143 0.232853 0.825867 0.041882 2.866717 57.197326 144.389143 0.824354 0.001511 0.000003 
-54.000000 0.367857 0.238984 0.824617 0.042575 2.913437 57.071061 144.489540 0.823391 0.001224 0.000002 
-57.600000 0.392857 0.253569 0.825202 0.044265 3.027534 57.030941 144.693782 0.824438 0.000764 0.000001 
-59.200000 0.403571 0.259442 0.824007 0.044910 3.071057 56.916321 144.775112 0.823387 0.000619 0.000000 
