-23.500000 0.137000 52.154886 176.750000 139.072572 
-20.200000 0.137000 61.066731 160.500000 137.584152 
-16.900000 0.137000 65.788457 150.750000 135.333767 
-13.600000 0.137000 69.469333 143.000000 131.998045 
-10.300000 0.137000 73.335832 134.250000 127.206824 
-7.000000 0.137000 78.012136 123.750000 120.889644 
-3.700000 0.137000 83.501613 122.500000 113.790602 
-0.400000 0.137000 89.021801 113.500000 107.359882 
2.900000 0.137000 93.616742 107.000000 102.611675 
6.200000 0.137000 96.977733 103.000000 99.507212 
9.500000 0.137000 99.342819 100.500000 97.525704 
12.800000 0.137000 101.038364 99.000000 96.217072 
16.100000 0.137000 102.300952 97.500000 95.306579 
19.400000 0.137000 103.264462 96.750000 94.649212 
22.700000 0.137000 104.029842 96.000000 94.149514 
26.000000 0.137000 104.762125 95.250000 93.692222 
29.300000 0.137000 105.108962 95.000000 93.481210 
32.600000 0.137000 105.787876 94.500000 93.082504 
35.900000 0.137000 105.998266 94.500000 92.960238 
39.200000 0.137000 106.181029 94.250000 92.858376 
