0.000067 0.000067 0.000067 
0.000070 0.000070 0.000070 
0.000073 0.000073 0.000073 
0.000076 0.000076 0.000076 
0.000080 0.000080 0.000080 
0.000083 0.000083 0.000083 
0.000087 0.000087 0.000087 
0.000091 0.000091 0.000091 
0.000095 0.000095 0.000095 
0.000099 0.000099 0.000099 
0.000104 0.000104 0.000104 
0.000109 0.000109 0.000109 
0.000114 0.000114 0.000114 
0.000119 0.000119 0.000119 
0.000124 0.000124 0.000124 
0.000130 0.000130 0.000130 
0.000136 0.000136 0.000136 
0.000142 0.000142 0.000142 
0.000148 0.000148 0.000148 
0.000155 0.000155 0.000155 
0.000162 0.000162 0.000162 
0.000169 0.000169 0.000169 
0.000177 0.000177 0.000177 
0.000185 0.000185 0.000185 
0.000194 0.000194 0.000194 
0.000202 0.000202 0.000202 
0.000212 0.000212 0.000212 
0.000221 0.000221 0.000221 
0.000231 0.000231 0.000231 
0.000242 0.000242 0.000242 
0.000253 0.000253 0.000253 
0.000264 0.000264 0.000264 
0.000276 0.000276 0.000276 
0.000289 0.000289 0.000289 
0.000302 0.000302 0.000302 
0.000315 0.000315 0.000315 
0.000330 0.000330 0.000330 
0.000345 0.000345 0.000345 
0.000360 0.000360 0.000360 
0.000377 0.000377 0.000377 
0.000394 0.000394 0.000394 
0.000412 0.000412 0.000412 
0.000430 0.000430 0.000430 
0.000450 0.000450 0.000450 
0.000470 0.000470 0.000470 
0.000492 0.000492 0.000492 
0.000514 0.000514 0.000514 
0.000537 0.000537 0.000537 
0.000562 0.000562 0.000562 
0.000587 0.000587 0.000587 
0.000614 0.000614 0.000614 
0.000641 0.000641 0.000641 
0.000671 0.000671 0.000671 
0.000701 0.000701 0.000701 
0.000733 0.000733 0.000733 
0.000766 0.000766 0.000766 
0.000801 0.000801 0.000801 
0.000837 0.000837 0.000837 
0.000875 0.000875 0.000875 
0.000915 0.000915 0.000915 
0.000956 0.000956 0.000956 
0.001000 0.001000 0.001000 
0.001045 0.001045 0.001045 
0.001093 0.001093 0.001093 
0.001142 0.001142 0.001142 
0.001194 0.001194 0.001194 
0.001248 0.001248 0.001248 
0.001305 0.001305 0.001305 
0.001364 0.001364 0.001364 
0.001426 0.001426 0.001426 
0.001491 0.001491 0.001491 
0.001558 0.001558 0.001558 
0.001629 0.001629 0.001629 
0.001703 0.001703 0.001703 
0.001780 0.001780 0.001780 
0.001861 0.001861 0.001861 
0.001946 0.001946 0.001946 
0.002034 0.002034 0.002034 
0.002126 0.002126 0.002126 
0.002223 0.002223 0.002223 
0.002323 0.002323 0.002323 
0.002429 0.002429 0.002429 
0.002539 0.002539 0.002539 
0.002654 0.002654 0.002654 
0.002775 0.002775 0.002775 
0.002901 0.002901 0.002901 
0.003032 0.003032 0.003032 
0.003170 0.003170 0.003170 
0.003314 0.003314 0.003314 
0.003464 0.003464 0.003464 
0.003621 0.003621 0.003621 
0.003786 0.003786 0.003786 
0.003958 0.003958 0.003958 
0.004137 0.004137 0.004137 
0.004325 0.004325 0.004325 
0.004521 0.004521 0.004521 
0.004726 0.004726 0.004726 
0.004941 0.004941 0.004941 
0.005165 0.005165 0.005165 
0.005399 0.005399 0.005399 
0.005644 0.005644 0.005644 
0.005901 0.005901 0.005901 
0.006168 0.006168 0.006168 
0.006448 0.006448 0.006448 
0.006741 0.006741 0.006741 
0.007047 0.007047 0.007047 
0.007367 0.007367 0.007367 
0.007701 0.007701 0.007701 
0.008050 0.008050 0.008050 
0.008416 0.008416 0.008416 
0.008798 0.008798 0.008798 
0.009197 0.009197 0.009197 
0.009614 0.009614 0.009614 
0.010050 0.010050 0.010050 
0.010506 0.010506 0.010506 
0.010983 0.010983 0.010983 
0.011482 0.011482 0.011482 
0.012003 0.012003 0.012003 
0.012547 0.012547 0.012547 
0.013117 0.013117 0.013117 
0.013712 0.013712 0.013712 
0.014334 0.014334 0.014334 
0.014985 0.014985 0.014985 
0.015665 0.015665 0.015665 
0.016376 0.016376 0.016376 
0.017119 0.017119 0.017119 
0.017896 0.017896 0.017896 
0.018708 0.018708 0.018708 
0.019557 0.019557 0.019557 
0.020444 0.020444 0.020444 
0.021372 0.021372 0.021372 
0.022342 0.022342 0.022342 
0.023355 0.023355 0.023355 
0.024415 0.024415 0.024415 
0.025523 0.025523 0.025523 
0.026682 0.026682 0.026682 
0.027892 0.027892 0.027892 
0.029158 0.029158 0.029158 
0.030481 0.030481 0.030481 
0.031864 0.031864 0.031864 
0.033310 0.033310 0.033310 
0.034822 0.034822 0.034822 
0.036402 0.036402 0.036402 
0.038054 0.038054 0.038054 
0.039781 0.039781 0.039781 
0.041586 0.041586 0.041586 
0.043474 0.043474 0.043474 
