0 0.000000 
1 0.000000 
2 0.000000 
3 0.000000 
4 0.000000 
5 0.000000 
6 0.000000 
7 0.000000 
8 0.000000 
9 0.000000 
10 0.000000 
11 0.000000 
12 0.000000 
13 0.000000 
14 0.000000 
15 0.000000 
16 0.000000 
17 0.000000 
18 0.000000 
19 0.000000 
20 0.000000 
21 0.000555 
22 0.001108 
23 0.001658 
24 0.002209 
25 0.002760 
26 0.003313 
27 0.003870 
28 0.004431 
29 0.004998 
30 0.005573 
31 0.006156 
32 0.006748 
33 0.007352 
34 0.007968 
35 0.008597 
36 0.009242 
37 0.009903 
38 0.010581 
39 0.011279 
40 0.011998 
41 0.012738 
42 0.013502 
43 0.014292 
44 0.015108 
45 0.015953 
46 0.016828 
47 0.017735 
48 0.018676 
49 0.019653 
50 0.020668 
51 0.021722 
52 0.022819 
53 0.023959 
54 0.025146 
55 0.026382 
56 0.027670 
57 0.029011 
58 0.030408 
59 0.031865 
60 0.033385 
61 0.034969 
62 0.036622 
63 0.038347 
64 0.040147 
65 0.042025 
66 0.043986 
67 0.046033 
68 0.048171 
69 0.050403 
70 0.052734 
71 0.055169 
72 0.057712 
73 0.060369 
74 0.063144 
75 0.066044 
76 0.069074 
77 0.072239 
78 0.075547 
79 0.079003 
80 0.082615 
81 0.086390 
82 0.090334 
83 0.094457 
84 0.098766 
85 0.103269 
86 0.107975 
87 0.112895 
88 0.118036 
89 0.123411 
90 0.129028 
91 0.134900 
92 0.141037 
93 0.147452 
94 0.154158 
95 0.161168 
96 0.168495 
97 0.176154 
98 0.184161 
99 0.192530 
100 0.201279 
101 0.210424 
102 0.219985 
103 0.229979 
104 0.240426 
105 0.251347 
106 0.262763 
107 0.274697 
108 0.287173 
109 0.300215 
110 0.313848 
111 0.328100 
112 0.342999 
113 0.358574 
114 0.374855 
115 0.391876 
116 0.409669 
117 0.428269 
118 0.447714 
119 0.468041 
120 0.489291 
121 0.511505 
122 0.534727 
123 0.559004 
124 0.584382 
125 0.610912 
126 0.638647 
127 0.667640 
128 0.697950 
129 0.729635 
130 0.762758 
131 0.797385 
132 0.833584 
133 0.871426 
134 0.910986 
135 0.952342 
136 0.995574 
137 1.040770 
138 1.088017 
139 1.137408 
140 1.189042 
141 1.243019 
142 1.299447 
143 1.358436 
144 1.420103 
145 1.484570 
146 1.551963 
147 1.622415 
148 1.696065 
149 1.773059 
150 1.853548 
151 1.937690 
152 2.025653 
153 2.117608 
154 2.213737 
155 2.314231 
156 2.419286 
157 2.529110 
158 2.643920 
159 2.763942 
160 2.889412 
161 3.020578 
162 3.157698 
163 3.301042 
164 3.450894 
165 3.607549 
166 3.771315 
167 3.942515 
168 3.743206 
169 3.554040 
170 3.374505 
171 3.204114 
172 3.042405 
173 2.888941 
174 2.743305 
175 2.605102 
176 2.473959 
177 2.349519 
178 2.231446 
179 2.119420 
180 2.013136 
181 1.912308 
182 1.816661 
183 1.725936 
184 1.639888 
185 1.558283 
186 1.480899 
187 1.407528 
188 1.337971 
189 1.272035 
190 1.209540 
191 1.150314 
192 1.094193 
193 1.041023 
194 0.990658 
195 0.942957 
196 0.897790 
197 0.855031 
198 0.814561 
199 0.776269 
200 0.740047 
201 0.705795 
202 0.673417 
203 0.642823 
204 0.613926 
205 0.586646 
206 0.560906 
207 0.536631 
208 0.513755 
209 0.492211 
210 0.471937 
211 0.452876 
212 0.434971 
213 0.418172 
214 0.402427 
215 0.387692 
216 0.373922 
217 0.361075 
218 0.349113 
219 0.337998 
220 0.327696 
221 0.318174 
222 0.309402 
223 0.301350 
224 0.293992 
225 0.287302 
226 0.281256 
227 0.275832 
228 0.271009 
229 0.266768 
230 0.263090 
231 0.259959 
232 0.257360 
233 0.255277 
234 0.253698 
235 0.252609 
236 0.252001 
237 0.251863 
238 0.252185 
239 0.252959 
240 0.254177 
241 0.255833 
242 0.257921 
243 0.260435 
244 0.263371 
245 0.266726 
246 0.270495 
247 0.274677 
248 0.279270 
249 0.284272 
250 0.289683 
251 0.295503 
252 0.301731 
253 0.308369 
254 0.315418 
255 0.322880 
256 0.330757 
257 0.339051 
258 0.347765 
259 0.356904 
260 0.366469 
261 0.376466 
262 0.386899 
263 0.397772 
264 0.409090 
265 0.420857 
266 0.433080 
267 0.445763 
268 0.458913 
269 0.472534 
270 0.486632 
271 0.501214 
272 0.516285 
273 0.531850 
274 0.547916 
275 0.564488 
276 0.581572 
277 0.599173 
278 0.617297 
279 0.635947 
280 0.655130 
281 0.674848 
282 0.695106 
283 0.715908 
284 0.737255 
285 0.759150 
286 0.781595 
287 0.804590 
288 0.828134 
289 0.852228 
290 0.876868 
291 0.902050 
292 0.927772 
293 0.954026 
294 0.980805 
295 1.008099 
296 1.035899 
297 1.064191 
298 1.092960 
299 1.122188 
300 1.151857 
301 1.181944 
302 1.212425 
303 1.243270 
304 1.274448 
305 1.305926 
306 1.337663 
307 1.369618 
308 1.401742 
309 1.433986 
310 1.466291 
311 1.498597 
312 1.530834 
313 1.562930 
314 1.594804 
315 1.626369 
316 1.657530 
317 1.688185 
318 1.718222 
319 1.747522 
320 1.775955 
321 1.803382 
322 1.829651 
323 1.854600 
324 1.878056 
325 1.899829 
326 1.919720 
327 1.937510 
328 1.952969 
329 1.965848 
330 1.975879 
331 1.982777 
332 1.986237 
333 1.985932 
334 1.981513 
335 1.972607 
336 1.959686 
337 1.943189 
338 1.923517 
339 1.901043 
340 1.876110 
341 1.849032 
342 1.820100 
343 1.789579 
344 1.757715 
345 1.724729 
346 1.690829 
347 1.656200 
348 1.621014 
349 1.585427 
350 1.549579 
351 1.513601 
352 1.477607 
353 1.441705 
354 1.405988 
355 1.370542 
356 1.335444 
357 1.300762 
358 1.266557 
359 1.232884 
360 1.199790 
361 1.167317 
362 1.135501 
363 1.104375 
364 1.073965 
365 1.044294 
366 1.015381 
367 0.987242 
368 0.959891 
369 0.933336 
370 0.907585 
371 0.882644 
372 0.858514 
373 0.835198 
374 0.812693 
375 0.790999 
376 0.770112 
377 0.750026 
378 0.730737 
379 0.712237 
380 0.694520 
381 0.677576 
382 0.661398 
383 0.645976 
384 0.631300 
385 0.617360 
386 0.604147 
387 0.591650 
388 0.579857 
389 0.568760 
390 0.558346 
391 0.548605 
392 0.539526 
393 0.531099 
394 0.523314 
395 0.516159 
396 0.509625 
397 0.503701 
398 0.498378 
399 0.493647 
400 0.489496 
401 0.485918 
402 0.482903 
403 0.480442 
404 0.478528 
405 0.477151 
406 0.476303 
407 0.475977 
408 0.476165 
409 0.476860 
410 0.478055 
411 0.479742 
412 0.481915 
413 0.484568 
414 0.487694 
415 0.491288 
416 0.495343 
417 0.499853 
418 0.504813 
419 0.510218 
420 0.516062 
421 0.522339 
422 0.529046 
423 0.536177 
424 0.543726 
425 0.551689 
426 0.560061 
427 0.568837 
428 0.578012 
429 0.587581 
430 0.597540 
431 0.607882 
432 0.618603 
433 0.629697 
434 0.641160 
435 0.652984 
436 0.665165 
437 0.677697 
438 0.690572 
439 0.703785 
440 0.717329 
441 0.731195 
442 0.745378 
443 0.759869 
444 0.774659 
445 0.789739 
446 0.805102 
447 0.820735 
448 0.836631 
449 0.852777 
450 0.869162 
451 0.885774 
452 0.902601 
453 0.919629 
454 0.936844 
455 0.954232 
456 0.971776 
457 0.989461 
458 1.007269 
459 1.025183 
460 1.043184 
461 1.061251 
462 1.079365 
463 1.097503 
464 1.115644 
465 1.133764 
466 1.151838 
467 1.169842 
468 1.187748 
469 1.205530 
470 1.223159 
471 1.240606 
472 1.257840 
473 1.274831 
474 1.291547 
475 1.307953 
476 1.324017 
477 1.339703 
478 1.354977 
479 1.369802 
480 1.384142 
481 1.397959 
482 1.411216 
483 1.423874 
484 1.435896 
485 1.447244 
486 1.457880 
487 1.467766 
488 1.476865 
489 1.485141 
490 1.492559 
491 1.499085 
492 1.504687 
493 1.509335 
494 1.513000 
495 1.515659 
496 1.517288 
497 1.517871 
498 1.517392 
499 1.515845 
500 1.513224 
501 1.509534 
502 1.504783 
503 1.498990 
504 1.492180 
505 1.484381 
506 1.475630 
507 1.465966 
508 1.455429 
509 1.444066 
510 1.431923 
511 1.419049 
512 1.405493 
513 1.391305 
514 1.376535 
515 1.361233 
516 1.345451 
517 1.329236 
518 1.312638 
519 1.295704 
520 1.278481 
521 1.261013 
522 1.243346 
523 1.225522 
524 1.207581 
525 1.189563 
526 1.171507 
527 1.153447 
528 1.135420 
529 1.117458 
530 1.099593 
531 1.081854 
532 1.064270 
533 1.046867 
534 1.029671 
535 1.012706 
536 0.995992 
537 0.979552 
538 0.963404 
539 0.947567 
540 0.932058 
541 0.916891 
542 0.902081 
543 0.887642 
544 0.873584 
545 0.859920 
546 0.846660 
547 0.833811 
548 0.821382 
549 0.809381 
550 0.797814 
551 0.786686 
552 0.776002 
553 0.765767 
554 0.755982 
555 0.746653 
556 0.737780 
557 0.729365 
558 0.721409 
559 0.713913 
560 0.706877 
561 0.700301 
562 0.694183 
563 0.688524 
564 0.683320 
565 0.678571 
566 0.674274 
567 0.670427 
568 0.667027 
569 0.664070 
570 0.661554 
571 0.659476 
572 0.657830 
573 0.656614 
574 0.655824 
575 0.655454 
576 0.655500 
577 0.655958 
578 0.656823 
579 0.658090 
580 0.659753 
581 0.661807 
582 0.664247 
583 0.667068 
584 0.670262 
585 0.673825 
586 0.677750 
587 0.682031 
588 0.686662 
589 0.691637 
590 0.696948 
591 0.702589 
592 0.708552 
593 0.714832 
594 0.721420 
595 0.728309 
596 0.735492 
597 0.742961 
598 0.750707 
599 0.758723 
600 0.767000 
601 0.775531 
602 0.784305 
603 0.793315 
604 0.802551 
605 0.812003 
606 0.821663 
607 0.831520 
608 0.841565 
609 0.851787 
610 0.862175 
611 0.872720 
612 0.883409 
613 0.894232 
614 0.905177 
615 0.916233 
616 0.927387 
617 0.938627 
618 0.949941 
619 0.961316 
620 0.972738 
621 0.984195 
622 0.995673 
623 1.007159 
624 1.018637 
625 1.030094 
626 1.041516 
627 1.052888 
628 1.064194 
629 1.075420 
630 1.086551 
631 1.097571 
632 1.108464 
633 1.119215 
634 1.129808 
635 1.140228 
636 1.150457 
637 1.160481 
638 1.170283 
639 1.179848 
640 1.189159 
641 1.198201 
642 1.206958 
643 1.215415 
644 1.223557 
645 1.231368 
646 1.238834 
647 1.245940 
648 1.252673 
649 1.259019 
650 1.264966 
651 1.270500 
652 1.275611 
653 1.280286 
654 1.284516 
655 1.288291 
656 1.291602 
657 1.294441 
658 1.296802 
659 1.298678 
660 1.300064 
661 1.300958 
662 1.301355 
663 1.301255 
664 1.300658 
665 1.299565 
666 1.297977 
667 1.295900 
668 1.293337 
669 1.290295 
670 1.286783 
671 1.282807 
672 1.278380 
673 1.273512 
674 1.268215 
675 1.262502 
676 1.256389 
677 1.249890 
678 1.243021 
679 1.235799 
680 1.228241 
681 1.220366 
682 1.212190 
683 1.203734 
684 1.195016 
685 1.186056 
686 1.176872 
687 1.167485 
688 1.157915 
689 1.148180 
690 1.138300 
691 1.128296 
692 1.118185 
693 1.107988 
694 1.097722 
695 1.087407 
696 1.077061 
697 1.066701 
698 1.056345 
699 1.046009 
700 1.035711 
701 1.025467 
702 1.015292 
703 1.005200 
704 0.995208 
705 0.985329 
706 0.975576 
707 0.965963 
708 0.956502 
709 0.947205 
710 0.938083 
711 0.929148 
712 0.920410 
713 0.911879 
714 0.903564 
715 0.895474 
716 0.887616 
717 0.880000 
718 0.872632 
719 0.865518 
720 0.858666 
721 0.852081 
722 0.845768 
723 0.839732 
724 0.833978 
725 0.828509 
726 0.823329 
727 0.818442 
728 0.813849 
729 0.809554 
730 0.805558 
731 0.801862 
732 0.798468 
733 0.795377 
734 0.792589 
735 0.790104 
736 0.787922 
737 0.786042 
738 0.784464 
739 0.783186 
740 0.782207 
741 0.781525 
742 0.781139 
743 0.781045 
744 0.781241 
745 0.781725 
746 0.782493 
747 0.783542 
748 0.784869 
749 0.786468 
750 0.788338 
751 0.790473 
752 0.792868 
753 0.795520 
754 0.798422 
755 0.801571 
756 0.804960 
757 0.808585 
758 0.812439 
759 0.816517 
760 0.820813 
761 0.825319 
762 0.830031 
763 0.834941 
764 0.840042 
765 0.845328 
766 0.850792 
767 0.856425 
768 0.862222 
769 0.868174 
770 0.874273 
771 0.880512 
772 0.886883 
773 0.893378 
774 0.899988 
775 0.906705 
776 0.913520 
777 0.920426 
778 0.927412 
779 0.934471 
780 0.941594 
781 0.948771 
782 0.955993 
783 0.963251 
784 0.970537 
785 0.977840 
786 0.985151 
787 0.992460 
788 0.999759 
789 1.007038 
790 1.014287 
791 1.021497 
792 1.028658 
793 1.035761 
794 1.042796 
795 1.049753 
796 1.056624 
797 1.063399 
798 1.070068 
799 1.076622 
800 1.083053 
801 1.089351 
802 1.095508 
803 1.101514 
804 1.107361 
805 1.113041 
806 1.118545 
807 1.123866 
808 1.128995 
809 1.133925 
810 1.138649 
811 1.143160 
812 1.147451 
813 1.151516 
814 1.155348 
815 1.158941 
816 1.162291 
817 1.165393 
818 1.168241 
819 1.170831 
820 1.173160 
821 1.175224 
822 1.177021 
823 1.178547 
824 1.179800 
825 1.180780 
826 1.181485 
827 1.181914 
828 1.182068 
829 1.181946 
830 1.181550 
831 1.180881 
832 1.179941 
833 1.178732 
834 1.177258 
835 1.175522 
836 1.173527 
837 1.171278 
838 1.168781 
839 1.166039 
840 1.163060 
841 1.159849 
842 1.156413 
843 1.152758 
844 1.148893 
845 1.144824 
846 1.140560 
847 1.136109 
848 1.131480 
849 1.126682 
850 1.121723 
851 1.116614 
852 1.111362 
853 1.105979 
854 1.100474 
855 1.094856 
856 1.089136 
857 1.083324 
858 1.077429 
859 1.071463 
860 1.065434 
861 1.059354 
862 1.053232 
863 1.047078 
864 1.040902 
865 1.034714 
866 1.028524 
867 1.022341 
868 1.016174 
869 1.010033 
870 1.003928 
871 0.997866 
872 0.991857 
873 0.985908 
874 0.980030 
875 0.974229 
876 0.968513 
877 0.962890 
878 0.957368 
879 0.951953 
880 0.946652 
881 0.941473 
882 0.936420 
883 0.931500 
884 0.926720 
885 0.922084 
886 0.917597 
887 0.913265 
888 0.909092 
889 0.905082 
890 0.901240 
891 0.897570 
892 0.894074 
893 0.890756 
894 0.887618 
895 0.884665 
896 0.881897 
897 0.879318 
898 0.876928 
899 0.874730 
900 0.872724 
901 0.870912 
902 0.869294 
903 0.867872 
904 0.866644 
905 0.865612 
906 0.864775 
907 0.864132 
908 0.863683 
909 0.863427 
910 0.863363 
911 0.863489 
912 0.863803 
913 0.864304 
914 0.864990 
915 0.865859 
916 0.866907 
917 0.868133 
918 0.869533 
919 0.871105 
920 0.872845 
921 0.874750 
922 0.876816 
923 0.879040 
924 0.881418 
925 0.883945 
926 0.886617 
927 0.889431 
928 0.892381 
929 0.895463 
930 0.898673 
931 0.902004 
932 0.905453 
933 0.909014 
934 0.912682 
935 0.916451 
936 0.920317 
937 0.924273 
938 0.928313 
939 0.932433 
940 0.936627 
941 0.940888 
942 0.945210 
943 0.949589 
944 0.954016 
945 0.958488 
946 0.962996 
947 0.967536 
948 0.972101 
949 0.976684 
950 0.981281 
951 0.985883 
952 0.990486 
953 0.995082 
954 0.999667 
955 1.004233 
956 1.008774 
957 1.013284 
958 1.017758 
959 1.022189 
960 1.026571 
961 1.030898 
962 1.035165 
963 1.039365 
964 1.043494 
965 1.047545 
966 1.051513 
967 1.055393 
968 1.059180 
969 1.062869 
970 1.066453 
971 1.069930 
972 1.073294 
973 1.076541 
974 1.079666 
975 1.082665 
976 1.085535 
977 1.088272 
978 1.090871 
979 1.093330 
980 1.095646 
981 1.097815 
982 1.099835 
983 1.101704 
984 1.103418 
985 1.104977 
986 1.106378 
987 1.107620 
988 1.108702 
989 1.109622 
990 1.110379 
991 1.110974 
992 1.111406 
993 1.111675 
994 1.111780 
995 1.111724 
996 1.111506 
997 1.111127 
998 1.110588 
999 1.109892 
1000 1.109040 
1001 1.108034 
1002 1.106876 
1003 1.105569 
1004 1.104115 
1005 1.102517 
1006 1.100779 
1007 1.098904 
1008 1.096895 
1009 1.094757 
1010 1.092492 
1011 1.090107 
1012 1.087604 
1013 1.084988 
1014 1.082264 
1015 1.079437 
1016 1.076511 
1017 1.073492 
1018 1.070385 
1019 1.067195 
1020 1.063928 
1021 1.060589 
1022 1.057183 
1023 1.053717 
1024 1.050195 
1025 1.046623 
1026 1.043008 
1027 1.039355 
1028 1.035670 
1029 1.031958 
1030 1.028226 
1031 1.024478 
1032 1.020722 
1033 1.016961 
1034 1.013203 
1035 1.009452 
1036 1.005714 
1037 1.001995 
1038 0.998300 
1039 0.994633 
1040 0.991001 
1041 0.987409 
1042 0.983861 
1043 0.980362 
1044 0.976917 
1045 0.973531 
1046 0.970207 
1047 0.966951 
1048 0.963767 
1049 0.960658 
1050 0.957629 
1051 0.954683 
1052 0.951824 
1053 0.949055 
1054 0.946380 
1055 0.943801 
1056 0.941322 
1057 0.938945 
1058 0.936674 
1059 0.934509 
1060 0.932455 
1061 0.930512 
1062 0.928682 
1063 0.926968 
1064 0.925371 
1065 0.923892 
1066 0.922532 
1067 0.921293 
1068 0.920176 
1069 0.919180 
1070 0.918306 
1071 0.917556 
1072 0.916928 
1073 0.916424 
1074 0.916042 
1075 0.915783 
1076 0.915645 
1077 0.915629 
1078 0.915733 
1079 0.915957 
1080 0.916300 
1081 0.916759 
1082 0.917334 
1083 0.918023 
1084 0.918825 
1085 0.919737 
1086 0.920758 
1087 0.921886 
1088 0.923118 
1089 0.924452 
1090 0.925885 
1091 0.927415 
1092 0.929040 
1093 0.930756 
1094 0.932561 
1095 0.934451 
1096 0.936423 
1097 0.938475 
1098 0.940603 
1099 0.942804 
1100 0.945074 
1101 0.947410 
1102 0.949807 
1103 0.952264 
1104 0.954775 
1105 0.957338 
1106 0.959947 
1107 0.962601 
1108 0.965294 
1109 0.968023 
1110 0.970783 
1111 0.973571 
1112 0.976384 
1113 0.979216 
1114 0.982064 
1115 0.984923 
1116 0.987791 
1117 0.990663 
1118 0.993534 
1119 0.996401 
1120 0.999260 
1121 1.002107 
1122 1.004938 
1123 1.007750 
1124 1.010537 
1125 1.013298 
1126 1.016027 
1127 1.018721 
1128 1.021377 
1129 1.023991 
1130 1.026559 
1131 1.029079 
1132 1.031546 
1133 1.033958 
1134 1.036312 
1135 1.038604 
1136 1.040831 
1137 1.042990 
1138 1.045080 
1139 1.047096 
1140 1.049037 
1141 1.050900 
1142 1.052683 
1143 1.054383 
1144 1.055999 
1145 1.057529 
1146 1.058970 
1147 1.060322 
1148 1.061582 
1149 1.062749 
1150 1.063822 
1151 1.064800 
1152 1.065682 
1153 1.066467 
1154 1.067154 
1155 1.067743 
1156 1.068233 
1157 1.068624 
1158 1.068917 
1159 1.069110 
1160 1.069205 
1161 1.069201 
1162 1.069100 
1163 1.068901 
1164 1.068605 
1165 1.068214 
1166 1.067729 
1167 1.067150 
1168 1.066479 
1169 1.065718 
1170 1.064868 
1171 1.063930 
1172 1.062907 
1173 1.061801 
1174 1.060613 
1175 1.059347 
1176 1.058003 
1177 1.056585 
1178 1.055095 
1179 1.053535 
1180 1.051909 
1181 1.050219 
1182 1.048468 
1183 1.046659 
1184 1.044795 
1185 1.042879 
1186 1.040913 
1187 1.038903 
1188 1.036849 
1189 1.034757 
1190 1.032628 
1191 1.030467 
1192 1.028277 
1193 1.026061 
1194 1.023822 
1195 1.021565 
1196 1.019292 
1197 1.017006 
1198 1.014713 
1199 1.012414 
1200 1.010113 
1201 1.007813 
1202 1.005518 
1203 1.003232 
1204 1.000956 
1205 0.998696 
1206 0.996453 
1207 0.994231 
1208 0.992033 
1209 0.989862 
1210 0.987722 
1211 0.985614 
1212 0.983542 
1213 0.981508 
1214 0.979516 
1215 0.977567 
1216 0.975665 
1217 0.973811 
1218 0.972009 
1219 0.970260 
1220 0.968566 
1221 0.966929 
1222 0.965353 
1223 0.963837 
1224 0.962385 
1225 0.960997 
1226 0.959675 
1227 0.958421 
1228 0.957237 
1229 0.956122 
1230 0.955079 
1231 0.954108 
1232 0.953211 
1233 0.952387 
1234 0.951639 
1235 0.950965 
1236 0.950368 
1237 0.949846 
1238 0.949401 
1239 0.949033 
1240 0.948740 
1241 0.948525 
1242 0.948385 
1243 0.948322 
1244 0.948333 
1245 0.948420 
1246 0.948582 
1247 0.948817 
1248 0.949125 
1249 0.949505 
1250 0.949956 
1251 0.950477 
1252 0.951067 
1253 0.951725 
1254 0.952448 
1255 0.953237 
1256 0.954088 
1257 0.955002 
1258 0.955975 
1259 0.957007 
1260 0.958095 
1261 0.959238 
1262 0.960434 
1263 0.961681 
1264 0.962976 
1265 0.964318 
1266 0.965704 
1267 0.967133 
1268 0.968602 
1269 0.970108 
1270 0.971650 
1271 0.973225 
1272 0.974830 
1273 0.976464 
1274 0.978124 
1275 0.979807 
1276 0.981511 
1277 0.983233 
1278 0.984971 
1279 0.986723 
1280 0.988485 
1281 0.990255 
1282 0.992032 
1283 0.993811 
1284 0.995591 
1285 0.997370 
1286 0.999144 
1287 1.000911 
1288 1.002669 
1289 1.004416 
1290 1.006148 
1291 1.007864 
1292 1.009562 
1293 1.011238 
1294 1.012891 
1295 1.014519 
1296 1.016119 
1297 1.017690 
1298 1.019228 
1299 1.020733 
1300 1.022202 
1301 1.023633 
1302 1.025025 
1303 1.026375 
1304 1.027683 
1305 1.028946 
1306 1.030162 
1307 1.031332 
1308 1.032452 
1309 1.033521 
1310 1.034539 
1311 1.035504 
1312 1.036416 
1313 1.037272 
1314 1.038072 
1315 1.038816 
1316 1.039502 
1317 1.040129 
1318 1.040698 
1319 1.041208 
1320 1.041658 
1321 1.042048 
1322 1.042377 
1323 1.042646 
1324 1.042855 
1325 1.043003 
1326 1.043090 
1327 1.043118 
1328 1.043085 
1329 1.042993 
1330 1.042842 
1331 1.042632 
1332 1.042364 
1333 1.042039 
1334 1.041658 
1335 1.041221 
1336 1.040729 
1337 1.040183 
1338 1.039585 
1339 1.038936 
1340 1.038236 
1341 1.037487 
1342 1.036691 
1343 1.035849 
1344 1.034961 
1345 1.034031 
1346 1.033059 
1347 1.032048 
1348 1.030998 
1349 1.029911 
1350 1.028790 
1351 1.027636 
1352 1.026451 
1353 1.025237 
1354 1.023996 
1355 1.022729 
1356 1.021440 
1357 1.020128 
1358 1.018798 
1359 1.017450 
1360 1.016088 
1361 1.014712 
1362 1.013325 
1363 1.011929 
1364 1.010526 
1365 1.009119 
1366 1.007708 
1367 1.006297 
1368 1.004888 
1369 1.003481 
1370 1.002080 
1371 1.000686 
1372 0.999302 
1373 0.997929 
1374 0.996568 
1375 0.995223 
1376 0.993895 
1377 0.992585 
1378 0.991296 
1379 0.990029 
1380 0.988786 
1381 0.987568 
1382 0.986378 
1383 0.985215 
1384 0.984083 
1385 0.982983 
1386 0.981915 
1387 0.980882 
1388 0.979884 
1389 0.978922 
1390 0.977999 
1391 0.977114 
1392 0.976269 
1393 0.975466 
1394 0.974703 
1395 0.973984 
1396 0.973308 
1397 0.972676 
1398 0.972088 
1399 0.971546 
1400 0.971049 
1401 0.970599 
1402 0.970195 
1403 0.969837 
1404 0.969527 
1405 0.969264 
1406 0.969048 
1407 0.968879 
1408 0.968757 
1409 0.968682 
1410 0.968654 
1411 0.968673 
1412 0.968738 
1413 0.968849 
1414 0.969005 
1415 0.969207 
1416 0.969452 
1417 0.969742 
1418 0.970074 
1419 0.970449 
1420 0.970866 
1421 0.971323 
1422 0.971820 
1423 0.972356 
1424 0.972930 
1425 0.973540 
1426 0.974187 
1427 0.974868 
1428 0.975582 
1429 0.976329 
1430 0.977107 
1431 0.977914 
1432 0.978750 
1433 0.979613 
1434 0.980502 
1435 0.981415 
1436 0.982351 
1437 0.983308 
1438 0.984285 
1439 0.985281 
1440 0.986294 
1441 0.987322 
1442 0.988364 
1443 0.989418 
1444 0.990483 
1445 0.991557 
1446 0.992639 
1447 0.993727 
1448 0.994819 
1449 0.995915 
1450 0.997011 
1451 0.998108 
1452 0.999203 
1453 1.000294 
1454 1.001381 
1455 1.002462 
1456 1.003534 
1457 1.004598 
1458 1.005651 
1459 1.006692 
1460 1.007719 
1461 1.008731 
1462 1.009727 
1463 1.010706 
1464 1.011666 
1465 1.012605 
1466 1.013524 
1467 1.014420 
1468 1.015292 
1469 1.016140 
1470 1.016962 
1471 1.017757 
1472 1.018524 
1473 1.019262 
1474 1.019972 
1475 1.020650 
1476 1.021297 
1477 1.021913 
1478 1.022496 
1479 1.023045 
1480 1.023561 
1481 1.024042 
1482 1.024488 
1483 1.024899 
1484 1.025274 
1485 1.025613 
1486 1.025915 
1487 1.026181 
1488 1.026410 
1489 1.026603 
1490 1.026758 
1491 1.026877 
1492 1.026958 
1493 1.027002 
1494 1.027010 
1495 1.026982 
1496 1.026917 
1497 1.026816 
1498 1.026679 
1499 1.026507 
1500 1.026301 
1501 1.026060 
1502 1.025785 
1503 1.025477 
1504 1.025137 
1505 1.024765 
1506 1.024361 
1507 1.023927 
1508 1.023464 
1509 1.022971 
1510 1.022451 
1511 1.021904 
1512 1.021331 
1513 1.020732 
1514 1.020109 
1515 1.019464 
1516 1.018796 
1517 1.018107 
1518 1.017399 
1519 1.016671 
1520 1.015926 
1521 1.015165 
1522 1.014389 
1523 1.013598 
1524 1.012795 
1525 1.011980 
1526 1.011155 
1527 1.010320 
1528 1.009478 
1529 1.008629 
1530 1.007775 
1531 1.006917 
1532 1.006056 
1533 1.005193 
1534 1.004330 
1535 1.003468 
1536 1.002608 
1537 1.001751 
1538 1.000899 
1539 1.000052 
1540 0.999213 
1541 0.998381 
1542 0.997559 
1543 0.996746 
1544 0.995946 
1545 0.995158 
1546 0.994383 
1547 0.993623 
1548 0.992878 
1549 0.992150 
1550 0.991439 
1551 0.990747 
1552 0.990074 
1553 0.989421 
1554 0.988789 
1555 0.988178 
1556 0.987590 
1557 0.987025 
1558 0.986484 
1559 0.985967 
1560 0.985475 
1561 0.985008 
1562 0.984568 
1563 0.984154 
1564 0.983766 
1565 0.983407 
1566 0.983074 
1567 0.982770 
1568 0.982494 
1569 0.982246 
1570 0.982026 
1571 0.981836 
1572 0.981674 
1573 0.981541 
1574 0.981437 
1575 0.981361 
1576 0.981315 
1577 0.981297 
1578 0.981307 
1579 0.981346 
1580 0.981413 
1581 0.981507 
1582 0.981629 
1583 0.981778 
1584 0.981954 
1585 0.982156 
1586 0.982384 
1587 0.982638 
1588 0.982916 
1589 0.983219 
1590 0.983545 
1591 0.983895 
1592 0.984267 
1593 0.984660 
1594 0.985075 
1595 0.985511 
1596 0.985966 
1597 0.986440 
1598 0.986933 
1599 0.987442 
1600 0.987968 
1601 0.988510 
1602 0.989067 
1603 0.989637 
1604 0.990221 
1605 0.990817 
1606 0.991424 
1607 0.992042 
1608 0.992668 
1609 0.993304 
1610 0.993947 
1611 0.994596 
1612 0.995251 
1613 0.995911 
1614 0.996574 
1615 0.997240 
1616 0.997908 
1617 0.998577 
1618 0.999246 
1619 0.999914 
1620 1.000580 
1621 1.001243 
1622 1.001902 
1623 1.002557 
1624 1.003206 
1625 1.003848 
1626 1.004484 
1627 1.005111 
1628 1.005729 
1629 1.006338 
1630 1.006936 
1631 1.007522 
1632 1.008097 
1633 1.008658 
1634 1.009206 
1635 1.009740 
1636 1.010259 
1637 1.010763 
1638 1.011250 
1639 1.011720 
1640 1.012174 
1641 1.012609 
1642 1.013026 
1643 1.013425 
1644 1.013804 
1645 1.014163 
1646 1.014503 
1647 1.014822 
1648 1.015120 
1649 1.015397 
1650 1.015653 
1651 1.015887 
1652 1.016100 
1653 1.016291 
1654 1.016459 
1655 1.016606 
1656 1.016730 
1657 1.016832 
1658 1.016911 
1659 1.016969 
1660 1.017004 
1661 1.017016 
1662 1.017007 
1663 1.016976 
1664 1.016923 
1665 1.016849 
1666 1.016753 
1667 1.016636 
1668 1.016498 
1669 1.016340 
1670 1.016162 
1671 1.015964 
1672 1.015747 
1673 1.015510 
1674 1.015255 
1675 1.014982 
1676 1.014692 
1677 1.014384 
1678 1.014060 
1679 1.013720 
1680 1.013365 
1681 1.012994 
1682 1.012610 
1683 1.012212 
1684 1.011801 
1685 1.011378 
1686 1.010943 
1687 1.010497 
1688 1.010041 
1689 1.009575 
1690 1.009101 
1691 1.008618 
1692 1.008128 
1693 1.007632 
1694 1.007129 
1695 1.006622 
1696 1.006110 
1697 1.005594 
1698 1.005076 
1699 1.004555 
1700 1.004033 
1701 1.003511 
1702 1.002988 
1703 1.002466 
1704 1.001946 
1705 1.001428 
1706 1.000914 
1707 1.000403 
1708 0.999896 
1709 0.999394 
1710 0.998899 
1711 0.998409 
1712 0.997927 
1713 0.997453 
1714 0.996987 
1715 0.996530 
1716 0.996083 
1717 0.995645 
1718 0.995219 
1719 0.994803 
1720 0.994400 
1721 0.994008 
1722 0.993630 
1723 0.993264 
1724 0.992912 
1725 0.992575 
1726 0.992251 
1727 0.991942 
1728 0.991649 
1729 0.991371 
1730 0.991108 
1731 0.990862 
1732 0.990632 
1733 0.990418 
1734 0.990221 
1735 0.990040 
1736 0.989877 
1737 0.989730 
1738 0.989601 
1739 0.989489 
1740 0.989394 
1741 0.989317 
1742 0.989257 
1743 0.989214 
1744 0.989188 
1745 0.989179 
1746 0.989188 
1747 0.989213 
1748 0.989255 
1749 0.989313 
1750 0.989388 
1751 0.989479 
1752 0.989586 
1753 0.989709 
1754 0.989847 
1755 0.990000 
1756 0.990167 
1757 0.990350 
1758 0.990546 
1759 0.990756 
1760 0.990979 
1761 0.991215 
1762 0.991464 
1763 0.991725 
1764 0.991997 
1765 0.992281 
1766 0.992575 
1767 0.992880 
1768 0.993194 
1769 0.993518 
1770 0.993850 
1771 0.994191 
1772 0.994539 
1773 0.994894 
1774 0.995256 
1775 0.995624 
1776 0.995998 
1777 0.996377 
1778 0.996760 
1779 0.997146 
1780 0.997537 
1781 0.997930 
1782 0.998325 
1783 0.998722 
1784 0.999120 
1785 0.999518 
1786 0.999917 
1787 1.000315 
1788 1.000712 
1789 1.001107 
1790 1.001500 
1791 1.001891 
1792 1.002278 
1793 1.002662 
1794 1.003042 
1795 1.003417 
1796 1.003787 
1797 1.004151 
1798 1.004509 
1799 1.004861 
1800 1.005206 
1801 1.005544 
1802 1.005874 
1803 1.006196 
1804 1.006509 
1805 1.006814 
1806 1.007109 
1807 1.007395 
1808 1.007671 
1809 1.007937 
1810 1.008192 
1811 1.008437 
1812 1.008670 
1813 1.008893 
1814 1.009104 
1815 1.009303 
1816 1.009490 
1817 1.009665 
1818 1.009828 
1819 1.009979 
1820 1.010117 
1821 1.010242 
1822 1.010355 
1823 1.010454 
1824 1.010541 
1825 1.010615 
1826 1.010677 
1827 1.010725 
1828 1.010760 
1829 1.010782 
1830 1.010791 
1831 1.010788 
1832 1.010771 
1833 1.010742 
1834 1.010701 
1835 1.010646 
1836 1.010580 
1837 1.010501 
1838 1.010411 
1839 1.010308 
1840 1.010194 
1841 1.010068 
1842 1.009931 
1843 1.009784 
1844 1.009625 
1845 1.009456 
1846 1.009277 
1847 1.009088 
1848 1.008890 
1849 1.008682 
1850 1.008466 
1851 1.008241 
1852 1.008007 
1853 1.007766 
1854 1.007518 
1855 1.007263 
1856 1.007000 
1857 1.006732 
1858 1.006458 
1859 1.006178 
1860 1.005894 
1861 1.005604 
1862 1.005311 
1863 1.005014 
1864 1.004714 
1865 1.004411 
1866 1.004105 
1867 1.003798 
1868 1.003489 
1869 1.003179 
1870 1.002868 
1871 1.002557 
1872 1.002247 
1873 1.001937 
1874 1.001628 
1875 1.001321 
1876 1.001016 
1877 1.000713 
1878 1.000413 
1879 1.000116 
1880 0.999823 
1881 0.999533 
1882 0.999248 
1883 0.998968 
1884 0.998693 
1885 0.998423 
1886 0.998159 
1887 0.997902 
1888 0.997650 
1889 0.997406 
1890 0.997168 
1891 0.996937 
1892 0.996715 
1893 0.996500 
1894 0.996293 
1895 0.996094 
1896 0.995904 
1897 0.995722 
1898 0.995550 
1899 0.995386 
1900 0.995232 
1901 0.995087 
1902 0.994951 
1903 0.994825 
1904 0.994709 
1905 0.994602 
1906 0.994505 
1907 0.994418 
1908 0.994341 
1909 0.994274 
1910 0.994217 
1911 0.994170 
1912 0.994132 
1913 0.994105 
1914 0.994087 
1915 0.994080 
1916 0.994082 
1917 0.994093 
1918 0.994114 
1919 0.994144 
1920 0.994184 
1921 0.994233 
1922 0.994291 
1923 0.994358 
1924 0.994433 
1925 0.994517 
1926 0.994609 
1927 0.994709 
1928 0.994817 
1929 0.994933 
1930 0.995056 
1931 0.995187 
1932 0.995325 
1933 0.995469 
1934 0.995620 
1935 0.995777 
1936 0.995940 
1937 0.996109 
1938 0.996283 
1939 0.996462 
1940 0.996647 
1941 0.996836 
1942 0.997029 
1943 0.997226 
1944 0.997428 
1945 0.997632 
1946 0.997840 
1947 0.998051 
1948 0.998265 
1949 0.998480 
1950 0.998698 
1951 0.998918 
1952 0.999139 
1953 0.999362 
1954 0.999585 
1955 0.999809 
1956 1.000034 
1957 1.000259 
1958 1.000483 
1959 1.000708 
1960 1.000931 
1961 1.001154 
1962 1.001376 
1963 1.001596 
1964 1.001815 
1965 1.002032 
1966 1.002247 
1967 1.002459 
1968 1.002669 
1969 1.002877 
1970 1.003082 
1971 1.003283 
1972 1.003481 
1973 1.003676 
1974 1.003867 
1975 1.004055 
1976 1.004238 
1977 1.004417 
1978 1.004592 
1979 1.004762 
1980 1.004928 
1981 1.005088 
1982 1.005244 
1983 1.005395 
1984 1.005540 
1985 1.005680 
1986 1.005815 
1987 1.005943 
1988 1.006066 
1989 1.006183 
1990 1.006294 
1991 1.006399 
1992 1.006497 
1993 1.006589 
1994 1.006675 
1995 1.006753 
1996 1.006825 
1997 1.006890 
1998 1.006948 
1999 1.006999 
