0 0.000000 
1 0.000000 
2 0.000000 
3 0.000000 
4 0.000000 
5 0.000000 
6 0.000000 
7 0.000000 
8 0.000000 
9 0.000000 
10 0.000000 
11 0.000000 
12 0.000000 
13 0.000000 
14 0.000000 
15 0.000000 
16 0.000000 
17 0.000000 
18 0.000000 
19 0.000000 
20 0.000000 
21 0.000000 
22 0.000000 
23 0.000000 
24 0.000000 
25 0.000000 
26 0.000000 
27 0.000000 
28 0.000000 
29 0.000000 
30 0.000000 
31 0.000000 
32 0.000000 
33 0.000000 
34 0.000000 
35 0.000000 
36 0.000000 
37 0.000000 
38 0.000000 
39 0.000000 
40 0.000000 
41 0.000000 
42 0.000000 
43 0.000000 
44 0.000000 
45 0.000000 
46 0.000000 
47 0.000000 
48 0.000000 
49 0.000000 
50 0.000000 
51 0.000000 
52 0.000000 
53 0.000000 
54 0.000000 
55 0.000000 
56 0.000000 
57 0.000000 
58 0.000000 
59 0.000000 
60 0.000000 
61 0.000000 
62 0.000000 
63 0.000000 
64 0.000000 
65 0.000000 
66 0.000000 
67 0.000000 
68 0.000000 
69 0.000000 
70 0.000000 
71 0.000000 
72 0.000000 
73 0.000000 
74 0.000000 
75 0.000000 
76 0.000000 
77 0.000000 
78 0.000000 
79 0.000000 
80 0.000000 
81 0.000000 
82 0.000000 
83 0.000000 
84 0.000000 
85 0.000000 
86 0.000000 
87 0.000000 
88 0.000000 
89 0.000000 
90 0.000000 
91 9.589749 
92 12.993701 
93 13.237702 
94 12.017955 
95 10.254287 
96 8.420330 
97 6.738836 
98 5.295889 
99 4.106680 
100 3.152589 
101 2.401480 
102 1.818299 
103 1.370194 
104 1.028620 
105 0.769868 
106 0.574816 
107 0.428354 
108 0.318719 
109 0.236855 
110 0.175849 
111 0.130459 
112 0.096731 
113 0.071692 
114 0.053120 
115 0.039351 
116 0.029148 
117 0.021590 
118 0.015992 
119 0.011847 
120 0.008777 
121 0.006504 
122 0.004820 
123 0.003573 
124 0.002649 
125 0.001965 
126 0.001457 
127 0.001081 
128 0.000803 
129 0.000596 
130 0.000442 
131 0.000329 
132 0.000244 
133 0.000181 
134 0.000135 
135 0.000100 
136 0.000074 
137 0.000055 
138 0.000041 
139 0.000031 
140 0.000023 
141 0.000017 
142 0.000013 
143 0.000009 
144 0.000007 
145 0.000005 
146 0.000004 
147 0.000003 
148 0.000002 
149 0.000001 
150 0.000001 
151 0.000000 
152 0.000000 
153 0.000000 
154 0.000000 
155 0.000000 
156 0.000000 
157 0.000000 
158 0.000000 
159 0.000000 
160 0.000000 
161 0.000000 
162 0.000000 
163 0.000000 
164 0.000000 
165 0.000000 
166 0.000000 
167 0.000000 
168 0.000000 
169 0.000000 
170 0.000000 
171 0.000000 
172 0.000000 
173 0.000000 
174 0.000000 
175 0.000000 
176 0.000000 
177 0.000000 
178 0.000000 
179 0.000000 
180 0.000000 
181 0.000000 
182 0.962084 
183 2.608783 
184 4.427388 
185 6.019415 
186 7.170973 
187 7.821575 
188 8.009270 
189 7.821935 
190 7.362885 
191 6.730221 
192 6.006561 
193 5.255620 
194 4.522772 
195 3.837587 
196 3.217068 
197 2.668850 
198 2.194014 
199 1.789363 
200 1.449158 
201 1.166394 
202 0.933661 
203 0.743719 
204 0.589837 
205 0.465968 
206 0.366823 
207 0.287863 
208 0.225257 
209 0.175816 
210 0.136908 
211 0.106387 
212 0.082513 
213 0.063886 
214 0.049386 
215 0.038123 
216 0.029390 
217 0.022631 
218 0.017407 
219 0.013376 
220 0.010269 
221 0.007877 
222 0.006038 
223 0.004624 
224 0.003540 
225 0.002708 
226 0.002070 
227 0.001582 
228 0.001208 
229 0.000922 
230 0.000703 
231 0.000536 
232 0.000409 
233 0.000311 
234 0.000237 
235 0.000181 
236 0.000137 
237 0.000104 
238 0.000079 
239 0.000060 
240 0.000046 
241 0.000035 
242 0.000026 
243 0.000020 
244 0.000015 
245 0.000011 
246 0.000008 
247 0.000006 
248 0.000004 
249 0.000003 
250 0.000002 
251 0.000002 
252 0.000001 
253 0.000001 
254 0.000001 
255 0.000001 
256 0.000000 
257 0.000000 
258 0.000000 
259 0.000000 
260 0.000000 
261 0.000000 
262 0.000000 
263 0.000000 
264 0.000000 
265 0.000000 
266 0.000000 
267 0.000000 
268 0.000000 
269 0.000000 
270 0.000000 
271 0.000000 
272 0.000000 
273 0.096225 
274 0.391743 
275 0.931141 
276 1.687784 
277 2.583576 
278 3.518557 
279 4.396565 
280 5.141632 
281 5.705032 
282 6.065263 
283 6.223750 
284 6.198674 
285 6.018621 
286 5.717036 
287 5.327932 
288 4.882926 
289 4.409466 
290 3.930008 
291 3.461885 
292 3.017642 
293 2.605624 
294 2.230692 
295 1.894948 
296 1.598415 
297 1.339636 
298 1.116167 
299 0.924978 
300 0.762758 
301 0.626135 
302 0.511837 
303 0.416792 
304 0.338189 
305 0.273508 
306 0.220524 
307 0.177302 
308 0.142179 
309 0.113735 
310 0.090776 
311 0.072299 
312 0.057469 
313 0.045597 
314 0.036115 
315 0.028559 
316 0.022549 
317 0.017779 
318 0.013999 
319 0.011008 
320 0.008646 
321 0.006783 
322 0.005316 
323 0.004161 
324 0.003254 
325 0.002543 
326 0.001985 
327 0.001548 
328 0.001206 
329 0.000939 
330 0.000730 
331 0.000568 
332 0.000441 
333 0.000342 
334 0.000265 
335 0.000205 
336 0.000159 
337 0.000123 
338 0.000095 
339 0.000073 
340 0.000056 
341 0.000043 
342 0.000033 
343 0.000025 
344 0.000019 
345 0.000015 
346 0.000011 
347 0.000009 
348 0.000007 
349 0.000005 
350 0.000004 
351 0.000003 
352 0.000002 
353 0.000002 
354 0.000001 
355 0.000001 
356 0.000001 
357 0.000001 
358 0.000000 
359 0.000000 
360 0.000000 
361 0.000000 
362 0.000000 
363 0.000000 
364 0.009583 
365 0.052076 
366 0.159282 
367 0.361096 
368 0.675763 
369 1.104350 
370 1.630291 
371 2.222942 
372 2.843362 
373 3.450522 
374 4.006676 
375 4.481190 
376 4.852634 
377 5.109310 
378 5.248584 
379 5.275420 
380 5.200533 
381 5.038457 
382 4.805757 
383 4.519527 
384 4.196221 
385 3.850830 
386 3.496376 
387 3.143672 
388 2.801277 
389 2.475615 
390 2.171176 
391 1.890783 
392 1.635870 
393 1.406764 
394 1.202946 
395 1.023277 
396 0.866201 
397 0.729903 
398 0.612441 
399 0.511843 
400 0.426180 
401 0.353620 
402 0.292456 
403 0.241132 
404 0.198242 
405 0.162541 
406 0.132929 
407 0.108451 
408 0.088280 
409 0.071707 
410 0.058126 
411 0.047027 
412 0.037978 
413 0.030617 
414 0.024641 
415 0.019801 
416 0.015887 
417 0.012728 
418 0.010183 
419 0.008136 
420 0.006492 
421 0.005174 
422 0.004118 
423 0.003274 
424 0.002600 
425 0.002062 
426 0.001634 
427 0.001293 
428 0.001022 
429 0.000807 
430 0.000637 
431 0.000502 
432 0.000395 
433 0.000310 
434 0.000244 
435 0.000191 
436 0.000150 
437 0.000117 
438 0.000092 
439 0.000071 
440 0.000056 
441 0.000043 
442 0.000034 
443 0.000026 
444 0.000020 
445 0.000016 
446 0.000012 
447 0.000009 
448 0.000007 
449 0.000006 
450 0.000004 
451 0.000003 
452 0.000003 
453 0.000002 
454 0.000002 
455 0.000950 
456 0.006458 
457 0.024165 
458 0.065801 
459 0.145638 
460 0.277829 
461 0.473417 
462 0.737861 
463 1.069609 
464 1.459928 
465 1.893863 
466 2.352007 
467 2.812690 
468 3.254180 
469 3.656626 
470 4.003525 
471 4.282640 
472 4.486386 
473 4.611742 
474 4.659812 
475 4.635139 
476 4.544901 
477 4.398073 
478 4.204647 
479 3.974932 
480 3.718993 
481 3.446223 
482 3.165037 
483 2.882704 
484 2.605262 
485 2.337524 
486 2.083140 
487 1.844702 
488 1.623876 
489 1.421534 
490 1.237906 
491 1.072705 
492 0.925256 
493 0.794603 
494 0.679601 
495 0.578996 
496 0.491484 
497 0.415761 
498 0.350558 
499 0.294668 
500 0.246966 
501 0.206413 
502 0.172065 
503 0.143074 
504 0.118685 
505 0.098231 
506 0.081126 
507 0.066861 
508 0.054996 
509 0.045151 
510 0.037001 
511 0.030269 
512 0.024720 
513 0.020156 
514 0.016408 
515 0.013337 
516 0.010825 
517 0.008773 
518 0.007100 
519 0.005739 
520 0.004632 
521 0.003733 
522 0.003005 
523 0.002416 
524 0.001940 
525 0.001556 
526 0.001246 
527 0.000997 
528 0.000797 
529 0.000636 
530 0.000507 
531 0.000403 
532 0.000321 
533 0.000255 
534 0.000202 
535 0.000160 
536 0.000127 
537 0.000100 
538 0.000079 
539 0.000062 
540 0.000049 
541 0.000039 
542 0.000030 
543 0.000024 
544 0.000019 
545 0.000015 
546 0.000105 
547 0.000773 
548 0.003391 
549 0.010767 
550 0.027516 
551 0.060039 
552 0.116033 
553 0.203584 
554 0.330005 
555 0.500667 
556 0.718018 
557 0.980978 
558 1.284778 
559 1.621242 
560 1.979446 
561 2.346627 
562 2.709215 
563 3.053861 
564 3.368341 
565 3.642285 
566 3.867670 
567 4.039081 
568 4.153751 
569 4.211415 
570 4.214028 
571 4.165385 
572 4.070692 
573 3.936131 
574 3.768441 
575 3.574548 
576 3.361250 
577 3.134970 
578 2.901570 
579 2.666228 
580 2.433376 
581 2.206676 
582 1.989038 
583 1.782664 
584 1.589113 
585 1.409375 
586 1.243955 
587 1.092951 
588 0.956134 
589 0.833024 
590 0.722950 
591 0.625112 
592 0.538624 
593 0.462560 
594 0.395982 
595 0.337967 
596 0.287625 
597 0.244113 
598 0.206642 
599 0.174487 
600 0.146983 
601 0.123532 
602 0.103595 
603 0.086692 
604 0.072400 
605 0.060346 
606 0.050204 
607 0.041690 
608 0.034559 
609 0.028599 
610 0.023627 
611 0.019488 
612 0.016048 
613 0.013196 
614 0.010833 
615 0.008881 
616 0.007270 
617 0.005942 
618 0.004850 
619 0.003954 
620 0.003218 
621 0.002616 
622 0.002124 
623 0.001722 
624 0.001394 
625 0.001127 
626 0.000910 
627 0.000734 
628 0.000591 
629 0.000475 
630 0.000382 
631 0.000306 
632 0.000245 
633 0.000196 
634 0.000157 
635 0.000125 
636 0.000100 
637 0.000089 
638 0.000151 
639 0.000497 
640 0.001667 
641 0.004750 
642 0.011621 
643 0.025094 
644 0.048943 
645 0.087745 
646 0.146534 
647 0.230307 
648 0.343446 
649 0.489145 
650 0.668918 
651 0.882265 
652 1.126527 
653 1.396954 
654 1.686962 
655 1.988546 
656 2.292801 
657 2.590483 
658 2.872569 
659 3.130760 
660 3.357891 
661 3.548235 
662 3.697684 
663 3.803813 
664 3.865841 
665 3.884502 
666 3.861858 
667 3.801059 
668 3.706088 
669 3.581505 
670 3.432196 
671 3.263155 
672 3.079288 
673 2.885260 
674 2.685376 
675 2.483497 
676 2.282987 
677 2.086694 
678 1.896949 
679 1.715587 
680 1.543979 
681 1.383077 
682 1.233464 
683 1.095407 
684 0.968905 
685 0.853741 
686 0.749529 
687 0.655755 
688 0.571814 
689 0.497042 
690 0.430744 
691 0.372210 
692 0.320742 
693 0.275659 
694 0.236311 
695 0.202086 
696 0.172413 
697 0.146765 
698 0.124660 
699 0.105663 
700 0.089379 
701 0.075457 
702 0.063581 
703 0.053476 
704 0.044896 
705 0.037626 
706 0.031480 
707 0.026294 
708 0.021926 
709 0.018254 
710 0.015174 
711 0.012593 
712 0.010436 
713 0.008635 
714 0.007134 
715 0.005886 
716 0.004849 
717 0.003989 
718 0.003276 
719 0.002687 
720 0.002201 
721 0.001801 
722 0.001471 
723 0.001200 
724 0.000977 
725 0.000795 
726 0.000646 
727 0.000524 
728 0.000425 
729 0.000353 
730 0.000334 
731 0.000455 
732 0.000932 
733 0.002199 
734 0.005030 
735 0.010650 
736 0.020828 
737 0.037908 
738 0.064767 
739 0.104683 
740 0.161119 
741 0.237433 
742 0.336560 
743 0.460687 
744 0.610965 
745 0.787299 
746 0.988226 
747 1.210905 
748 1.451210 
749 1.703929 
750 1.963026 
751 2.221967 
752 2.474060 
753 2.712793 
754 2.932140 
755 3.126826 
756 3.292521 
757 3.425973 
758 3.525076 
759 3.588863 
760 3.617451 
761 3.611944 
762 3.574292 
763 3.507137 
764 3.413645 
765 3.297342 
766 3.161953 
767 3.011260 
768 2.848974 
769 2.678637 
770 2.503538 
771 2.326654 
772 2.150614 
773 1.977679 
774 1.809736 
775 1.648311 
776 1.494585 
777 1.349421 
778 1.213398 
779 1.086845 
780 0.969874 
781 0.862417 
782 0.764259 
783 0.675071 
784 0.594433 
785 0.521866 
786 0.456846 
787 0.398828 
788 0.347259 
789 0.301591 
790 0.261289 
791 0.225839 
792 0.194756 
793 0.167582 
794 0.143893 
795 0.123299 
796 0.105441 
797 0.089995 
798 0.076666 
799 0.065191 
800 0.055334 
801 0.046885 
802 0.039658 
803 0.033488 
804 0.028231 
805 0.023760 
806 0.019965 
807 0.016750 
808 0.014031 
809 0.011734 
810 0.009799 
811 0.008171 
812 0.006802 
813 0.005655 
814 0.004694 
815 0.003891 
816 0.003220 
817 0.002661 
818 0.002196 
819 0.001810 
820 0.001490 
821 0.001231 
822 0.001036 
823 0.000936 
824 0.001013 
825 0.001440 
826 0.002537 
827 0.004833 
828 0.009132 
829 0.016572 
830 0.028660 
831 0.047266 
832 0.074581 
833 0.113022 
834 0.165093 
835 0.233208 
836 0.319497 
837 0.425602 
838 0.552500 
839 0.700351 
840 0.868400 
841 1.054942 
842 1.257346 
843 1.472138 
844 1.695150 
845 1.921694 
846 2.146780 
847 2.365338 
848 2.572434 
849 2.763480 
850 2.934408 
851 3.081806 
852 3.203023 
853 3.296217 
854 3.360380 
855 3.395303 
856 3.401533 
857 3.380283 
858 3.333338 
859 3.262942 
860 3.171686 
861 3.062390 
862 2.937998 
863 2.801480 
864 2.655746 
865 2.503573 
866 2.347551 
867 2.190041 
868 2.033144 
869 1.878685 
870 1.728214 
871 1.583003 
872 1.444063 
873 1.312156 
874 1.187825 
875 1.071408 
876 0.963070 
877 0.862826 
878 0.770565 
879 0.686075 
880 0.609064 
881 0.539178 
882 0.476021 
883 0.419169 
884 0.368182 
885 0.322614 
886 0.282027 
887 0.245989 
888 0.214087 
889 0.185927 
890 0.161139 
891 0.139377 
892 0.120319 
893 0.103669 
894 0.089158 
895 0.076539 
896 0.065589 
897 0.056107 
898 0.047914 
899 0.040849 
900 0.034767 
901 0.029542 
902 0.025062 
903 0.021227 
904 0.017951 
905 0.015156 
906 0.012777 
907 0.010754 
908 0.009038 
909 0.007584 
910 0.006354 
911 0.005316 
912 0.004442 
913 0.003708 
914 0.003101 
915 0.002619 
916 0.002282 
917 0.002151 
918 0.002352 
919 0.003105 
920 0.004766 
921 0.007866 
922 0.013150 
923 0.021604 
924 0.034470 
925 0.053234 
926 0.079592 
927 0.115379 
928 0.162486 
929 0.222737 
930 0.297768 
931 0.388892 
932 0.496976 
933 0.622333 
934 0.764643 
935 0.922908 
936 1.095445 
937 1.279921 
938 1.473421 
939 1.672556 
940 1.873589 
941 2.072584 
942 2.265560 
943 2.448643 
944 2.618210 
945 2.771011 
946 2.904276 
947 3.015787 
948 3.103928 
949 3.167704 
950 3.206739 
951 3.221238 
952 3.211946 
953 3.180080 
954 3.127254 
955 3.055400 
956 2.966681 
957 2.863416 
958 2.747995 
959 2.622816 
960 2.490221 
961 2.352447 
962 2.211583 
963 2.069538 
964 1.928024 
965 1.788540 
966 1.652370 
967 1.520583 
968 1.394042 
969 1.273416 
970 1.159194 
971 1.051702 
972 0.951125 
973 0.857520 
974 0.770841 
975 0.690953 
976 0.617647 
977 0.550661 
978 0.489690 
979 0.434401 
980 0.384439 
981 0.339443 
982 0.299047 
983 0.262890 
984 0.230621 
985 0.201901 
986 0.176407 
987 0.153834 
988 0.133896 
989 0.116327 
990 0.100880 
991 0.087329 
992 0.075466 
993 0.065102 
994 0.056067 
995 0.048204 
996 0.041376 
997 0.035457 
998 0.030336 
999 0.025913 
1000 0.022099 
1001 0.018817 
1002 0.015997 
1003 0.013579 
1004 0.011509 
1005 0.009741 
1006 0.008236 
1007 0.006965 
1008 0.005913 
1009 0.005083 
1010 0.004509 
1011 0.004269 
1012 0.004508 
1013 0.005459 
1014 0.007470 
1015 0.011030 
1016 0.016794 
1017 0.025593 
1018 0.038444 
1019 0.056536 
1020 0.081203 
1021 0.113880 
1022 0.156040 
1023 0.209115 
1024 0.274413 
1025 0.353025 
1026 0.445737 
1027 0.552949 
1028 0.674611 
1029 0.810179 
1030 0.958596 
1031 1.118294 
1032 1.287230 
1033 1.462944 
1034 1.642634 
1035 1.823252 
1036 2.001612 
1037 2.174501 
1038 2.338786 
1039 2.491524 
1040 2.630050 
1041 2.752057 
1042 2.855654 
1043 2.939413 
1044 3.002381 
1045 3.044089 
1046 3.064538 
1047 3.064161 
1048 3.043788 
1049 3.004593 
1050 2.948031 
1051 2.875784 
1052 2.789690 
1053 2.691693 
1054 2.583777 
1055 2.467919 
1056 2.346047 
1057 2.219997 
1058 2.091485 
1059 1.962086 
1060 1.833214 
1061 1.706116 
1062 1.581867 
1063 1.461371 
1064 1.345366 
1065 1.234435 
1066 1.129012 
1067 1.029402 
1068 0.935789 
1069 0.848252 
1070 0.766783 
1071 0.691294 
1072 0.621638 
1073 0.557616 
1074 0.498990 
1075 0.445493 
1076 0.396839 
1077 0.352730 
1078 0.312861 
1079 0.276929 
1080 0.244633 
1081 0.215682 
1082 0.189795 
1083 0.166703 
1084 0.146154 
1085 0.127908 
1086 0.111743 
1087 0.097451 
1088 0.084842 
1089 0.073740 
1090 0.063984 
1091 0.055427 
1092 0.047937 
1093 0.041391 
1094 0.035681 
1095 0.030711 
1096 0.026390 
1097 0.022643 
1098 0.019399 
1099 0.016599 
1100 0.014195 
1101 0.012149 
1102 0.010443 
1103 0.009082 
1104 0.008104 
1105 0.007591 
1106 0.007689 
1107 0.008618 
1108 0.010698 
1109 0.014359 
1110 0.020159 
1111 0.028794 
1112 0.041095 
1113 0.058023 
1114 0.080645 
1115 0.110107 
1116 0.147585 
1117 0.194237 
1118 0.251138 
1119 0.319218 
1120 0.399192 
1121 0.491505 
1122 0.596277 
1123 0.713261 
1124 0.841818 
1125 0.980911 
1126 1.129116 
1127 1.284648 
1128 1.445407 
1129 1.609043 
1130 1.773022 
1131 1.934708 
1132 2.091446 
1133 2.240647 
1134 2.379862 
1135 2.506858 
1136 2.619676 
1137 2.716681 
1138 2.796596 
1139 2.858524 
1140 2.901952 
1141 2.926746 
1142 2.933135 
1143 2.921678 
1144 2.893230 
1145 2.848901 
1146 2.790007 
1147 2.718023 
1148 2.634537 
1149 2.541201 
1150 2.439691 
1151 2.331669 
1152 2.218745 
1153 2.102451 
1154 1.984222 
1155 1.865372 
1156 1.747086 
1157 1.630412 
1158 1.516257 
1159 1.405392 
1160 1.298448 
1161 1.195931 
1162 1.098225 
1163 1.005607 
1164 0.918252 
1165 0.836247 
1166 0.759604 
1167 0.688270 
1168 0.622136 
1169 0.561050 
1170 0.504822 
1171 0.453238 
1172 0.406062 
1173 0.363048 
1174 0.323939 
1175 0.288479 
1176 0.256410 
1177 0.227480 
1178 0.201446 
1179 0.178071 
1180 0.157131 
1181 0.138413 
1182 0.121717 
1183 0.106854 
1184 0.093649 
1185 0.081941 
1186 0.071580 
1187 0.062427 
1188 0.054357 
1189 0.047255 
1190 0.041016 
1191 0.035547 
1192 0.030764 
1193 0.026595 
1194 0.022980 
1195 0.019876 
1196 0.017257 
1197 0.015125 
1198 0.013512 
1199 0.012496 
1200 0.012208 
1201 0.012847 
1202 0.014691 
1203 0.018108 
1204 0.023569 
1205 0.031651 
1206 0.043037 
1207 0.058507 
1208 0.078928 
1209 0.105230 
1210 0.138372 
1211 0.179306 
1212 0.228935 
1213 0.288061 
1214 0.357341 
1215 0.437234 
1216 0.527964 
1217 0.629480 
1218 0.741429 
1219 0.863149 
1220 0.993656 
1221 1.131667 
1222 1.275616 
1223 1.423696 
1224 1.573906 
1225 1.724103 
1226 1.872067 
1227 2.015565 
1228 2.152411 
1229 2.280533 
1230 2.398024 
1231 2.503195 
1232 2.594612 
1233 2.671127 
1234 2.731896 
1235 2.776391 
1236 2.804395 
1237 2.815993 
1238 2.811553 
1239 2.791698 
1240 2.757278 
1241 2.709331 
1242 2.649052 
1243 2.577745 
1244 2.496796 
1245 2.407632 
1246 2.311685 
1247 2.210370 
1248 2.105053 
1249 1.997031 
1250 1.887515 
1251 1.777617 
1252 1.668338 
1253 1.560569 
1254 1.455080 
1255 1.352530 
1256 1.253463 
1257 1.158317 
1258 1.067430 
1259 0.981048 
1260 0.899332 
1261 0.822371 
1262 0.750188 
1263 0.682749 
1264 0.619974 
1265 0.561742 
1266 0.507903 
1267 0.458279 
1268 0.412677 
1269 0.370888 
1270 0.332697 
1271 0.297883 
1272 0.266228 
1273 0.237511 
1274 0.211521 
1275 0.188050 
1276 0.166900 
1277 0.147880 
1278 0.130811 
1279 0.115522 
1280 0.101854 
1281 0.089659 
1282 0.078798 
1283 0.069144 
1284 0.060578 
1285 0.052995 
1286 0.046299 
1287 0.040407 
1288 0.035249 
1289 0.030771 
1290 0.026942 
1291 0.023753 
1292 0.021229 
1293 0.019433 
1294 0.018478 
1295 0.018531 
1296 0.019828 
1297 0.022680 
1298 0.027477 
1299 0.034697 
1300 0.044899 
1301 0.058726 
1302 0.076886 
1303 0.100143 
1304 0.129289 
1305 0.165120 
1306 0.208404 
1307 0.259840 
1308 0.320028 
1309 0.389425 
1310 0.468317 
1311 0.556779 
1312 0.654658 
1313 0.761554 
1314 0.876808 
1315 0.999507 
1316 1.128494 
1317 1.262391 
1318 1.399625 
1319 1.538471 
1320 1.677092 
1321 1.813589 
1322 1.946051 
1323 2.072607 
1324 2.191472 
1325 2.300995 
1326 2.399700 
1327 2.486312 
1328 2.559794 
1329 2.619356 
1330 2.664466 
1331 2.694856 
1332 2.710512 
1333 2.711662 
1334 2.698759 
1335 2.672453 
1336 2.633572 
1337 2.583085 
1338 2.522075 
1339 2.451710 
1340 2.373207 
1341 2.287812 
1342 2.196764 
1343 2.101281 
1344 2.002535 
1345 1.901635 
1346 1.799616 
1347 1.697425 
1348 1.595919 
1349 1.495857 
1350 1.397899 
1351 1.302610 
1352 1.210459 
1353 1.121826 
1354 1.037005 
1355 0.956214 
1356 0.879600 
1357 0.807246 
1358 0.739180 
1359 0.675380 
1360 0.615786 
1361 0.560300 
1362 0.508800 
1363 0.461138 
1364 0.417151 
1365 0.376664 
1366 0.339493 
1367 0.305449 
1368 0.274342 
1369 0.245983 
1370 0.220184 
1371 0.196765 
1372 0.175549 
1373 0.156367 
1374 0.139058 
1375 0.123468 
1376 0.109454 
1377 0.096880 
1378 0.085620 
1379 0.075560 
1380 0.066595 
1381 0.058632 
1382 0.051594 
1383 0.045418 
1384 0.040063 
1385 0.035510 
1386 0.031772 
1387 0.028896 
1388 0.026970 
1389 0.026132 
1390 0.026576 
1391 0.028557 
1392 0.032399 
1393 0.038494 
1394 0.047302 
1395 0.059351 
1396 0.075227 
1397 0.095560 
1398 0.121012 
1399 0.152255 
1400 0.189946 
1401 0.234700 
1402 0.287061 
1403 0.347475 
1404 0.416257 
1405 0.493567 
1406 0.579389 
1407 0.673507 
1408 0.775501 
1409 0.884736 
1410 1.000370 
1411 1.121360 
1412 1.246482 
1413 1.374358 
1414 1.503482 
1415 1.632259 
1416 1.759044 
1417 1.882179 
1418 2.000039 
1419 2.111068 
1420 2.213817 
1421 2.306978 
1422 2.389413 
1423 2.460173 
1424 2.518519 
1425 2.563928 
1426 2.596098 
1427 2.614945 
1428 2.620596 
1429 2.613372 
1430 2.593776 
1431 2.562466 
1432 2.520236 
1433 2.467989 
1434 2.406714 
1435 2.337458 
1436 2.261303 
1437 2.179342 
1438 2.092661 
1439 2.002317 
1440 1.909325 
1441 1.814642 
1442 1.719159 
1443 1.623690 
1444 1.528973 
1445 1.435659 
1446 1.344316 
1447 1.255430 
1448 1.169406 
1449 1.086573 
1450 1.007188 
1451 0.931440 
1452 0.859461 
1453 0.791325 
1454 0.727062 
1455 0.666658 
1456 0.610064 
1457 0.557201 
1458 0.507967 
1459 0.462236 
1460 0.419873 
1461 0.380725 
1462 0.344637 
1463 0.311444 
1464 0.280982 
1465 0.253086 
1466 0.227593 
1467 0.204341 
1468 0.183176 
1469 0.163947 
1470 0.146510 
1471 0.130729 
1472 0.116476 
1473 0.103630 
1474 0.092082 
1475 0.081734 
1476 0.072501 
1477 0.064315 
1478 0.057123 
1479 0.050900 
1480 0.045641 
1481 0.041378 
1482 0.038176 
1483 0.036143 
1484 0.035434 
1485 0.036258 
1486 0.038877 
1487 0.043612 
1488 0.050842 
1489 0.061001 
1490 0.074573 
1491 0.092085 
1492 0.114091 
1493 0.141162 
1494 0.173862 
1495 0.212735 
1496 0.258273 
1497 0.310900 
1498 0.370945 
1499 0.438619 
1500 0.513996 
1501 0.596997 
1502 0.687372 
1503 0.784699 
1504 0.888375 
1505 0.997623 
1506 1.111501 
1507 1.228917 
1508 1.348651 
1509 1.469376 
1510 1.589691 
1511 1.708154 
1512 1.823311 
1513 1.933732 
1514 2.038045 
1515 2.134964 
1516 2.223321 
1517 2.302086 
1518 2.370391 
1519 2.427539 
1520 2.473023 
1521 2.506519 
1522 2.527895 
1523 2.537202 
1524 2.534662 
1525 2.520660 
1526 2.495723 
1527 2.460504 
1528 2.415759 
1529 2.362332 
1530 2.301126 
1531 2.233085 
1532 2.159178 
1533 2.080373 
1534 1.997625 
1535 1.911862 
1536 1.823969 
1537 1.734777 
1538 1.645059 
1539 1.555520 
1540 1.466797 
1541 1.379453 
1542 1.293977 
1543 1.210790 
1544 1.130240 
1545 1.052612 
1546 0.978127 
1547 0.906952 
1548 0.839201 
1549 0.774940 
1550 0.714196 
1551 0.656960 
1552 0.603190 
1553 0.552822 
1554 0.505766 
1555 0.461919 
1556 0.421162 
1557 0.383365 
1558 0.348392 
1559 0.316102 
1560 0.286352 
1561 0.258997 
1562 0.233893 
1563 0.210901 
1564 0.189883 
1565 0.170706 
1566 0.153244 
1567 0.137378 
1568 0.122999 
1569 0.110004 
1570 0.098307 
1571 0.087832 
1572 0.078522 
1573 0.070340 
1574 0.063271 
1575 0.057329 
1576 0.052559 
1577 0.049041 
1578 0.046898 
1579 0.046293 
1580 0.047440 
1581 0.050599 
1582 0.056081 
1583 0.064242 
1584 0.075485 
1585 0.090248 
1586 0.109000 
1587 0.132224 
1588 0.160411 
1589 0.194036 
1590 0.233546 
1591 0.279338 
1592 0.331740 
1593 0.390993 
1594 0.457233 
1595 0.530472 
1596 0.610590 
1597 0.697320 
1598 0.790247 
1599 0.888804 
1600 0.992273 
1601 1.099802 
1602 1.210408 
1603 1.323002 
1604 1.436405 
1605 1.549375 
1606 1.660635 
1607 1.768894 
1608 1.872883 
1609 1.971379 
1610 2.063230 
1611 2.147382 
1612 2.222898 
1613 2.288975 
1614 2.344962 
1615 2.390361 
1616 2.424841 
1617 2.448235 
1618 2.460535 
1619 2.461888 
1620 2.452585 
1621 2.433050 
1622 2.403821 
1623 2.365536 
1624 2.318915 
1625 2.264743 
1626 2.203848 
1627 2.137089 
1628 2.065334 
1629 1.989448 
1630 1.910278 
1631 1.828640 
1632 1.745312 
1633 1.661021 
1634 1.576442 
1635 1.492188 
1636 1.408810 
1637 1.326797 
1638 1.246572 
1639 1.168497 
1640 1.092875 
1641 1.019949 
1642 0.949912 
1643 0.882905 
1644 0.819028 
1645 0.758337 
1646 0.700856 
1647 0.646577 
1648 0.595464 
1649 0.547461 
1650 0.502492 
1651 0.460467 
1652 0.421282 
1653 0.384827 
1654 0.350982 
1655 0.319625 
1656 0.290631 
1657 0.263874 
1658 0.239229 
1659 0.216572 
1660 0.195786 
1661 0.176755 
1662 0.159374 
1663 0.143542 
1664 0.129171 
1665 0.116184 
1666 0.104519 
1667 0.094132 
1668 0.084998 
1669 0.077116 
1670 0.070513 
1671 0.065247 
1672 0.061409 
1673 0.059130 
1674 0.058576 
1675 0.059960 
1676 0.063534 
1677 0.069592 
1678 0.078467 
1679 0.090525 
1680 0.106161 
1681 0.125789 
1682 0.149832 
1683 0.178708 
1684 0.212819 
1685 0.252533 
1686 0.298169 
1687 0.349981 
1688 0.408144 
1689 0.472737 
1690 0.543729 
1691 0.620974 
1692 0.704199 
1693 0.793000 
1694 0.886844 
1695 0.985071 
1696 1.086904 
1697 1.191453 
1698 1.297740 
1699 1.404709 
1700 1.511248 
1701 1.616214 
1702 1.718454 
1703 1.816830 
1704 1.910240 
1705 1.997646 
1706 2.078087 
1707 2.150704 
1708 2.214754 
1709 2.269621 
1710 2.314825 
1711 2.350029 
1712 2.375040 
1713 2.389807 
1714 2.394419 
1715 2.389092 
1716 2.374165 
1717 2.350084 
1718 2.317388 
1719 2.276697 
1720 2.228694 
1721 2.174109 
1722 2.113707 
1723 2.048267 
1724 1.978575 
1725 1.905407 
1726 1.829516 
1727 1.751627 
1728 1.672425 
1729 1.592552 
1730 1.512596 
1731 1.433094 
1732 1.354525 
1733 1.277314 
1734 1.201826 
1735 1.128375 
1736 1.057220 
1737 0.988572 
1738 0.922593 
1739 0.859406 
1740 0.799093 
1741 0.741703 
1742 0.687255 
1743 0.635738 
1744 0.587124 
1745 0.541360 
1746 0.498382 
1747 0.458110 
1748 0.420455 
1749 0.385319 
1750 0.352601 
1751 0.322192 
1752 0.293985 
1753 0.267871 
1754 0.243743 
1755 0.221495 
1756 0.201028 
1757 0.182248 
1758 0.165067 
1759 0.149411 
1760 0.135215 
1761 0.122431 
1762 0.111025 
1763 0.100988 
1764 0.092329 
1765 0.085089 
1766 0.079333 
1767 0.075160 
1768 0.072705 
1769 0.072134 
1770 0.073655 
1771 0.077506 
1772 0.083965 
1773 0.093337 
1774 0.105955 
1775 0.122174 
1776 0.142357 
1777 0.166872 
1778 0.196080 
1779 0.230318 
1780 0.269891 
1781 0.315056 
1782 0.366009 
1783 0.422873 
1784 0.485684 
1785 0.554384 
1786 0.628808 
1787 0.708683 
1788 0.793622 
1789 0.883124 
1790 0.976580 
1791 1.073277 
1792 1.172407 
1793 1.273085 
1794 1.374355 
1795 1.475218 
1796 1.574641 
1797 1.671585 
1798 1.765020 
1799 1.853948 
1800 1.937422 
1801 2.014564 
1802 2.084580 
1803 2.146778 
1804 2.200574 
1805 2.245506 
1806 2.281233 
1807 2.307546 
1808 2.324361 
1809 2.331718 
1810 2.329776 
1811 2.318804 
1812 2.299170 
1813 2.271334 
1814 2.235830 
1815 2.193256 
1816 2.144258 
1817 2.089518 
1818 2.029741 
1819 1.965642 
1820 1.897930 
1821 1.827306 
1822 1.754443 
1823 1.679989 
1824 1.604550 
1825 1.528691 
1826 1.452931 
1827 1.377739 
1828 1.303533 
1829 1.230681 
1830 1.159501 
1831 1.090262 
1832 1.023186 
1833 0.958452 
1834 0.896199 
1835 0.836529 
1836 0.779511 
1837 0.725183 
1838 0.673558 
1839 0.624627 
1840 0.578362 
1841 0.534716 
1842 0.493633 
1843 0.455041 
1844 0.418865 
1845 0.385020 
1846 0.353417 
1847 0.323965 
1848 0.296572 
1849 0.271145 
1850 0.247595 
1851 0.225837 
1852 0.205788 
1853 0.187379 
1854 0.170544 
1855 0.155234 
1856 0.141412 
1857 0.129058 
1858 0.118173 
1859 0.108778 
1860 0.100922 
1861 0.094679 
1862 0.090152 
1863 0.087475 
1864 0.086814 
1865 0.088366 
1866 0.092359 
1867 0.099048 
1868 0.108715 
1869 0.121662 
1870 0.138203 
1871 0.158661 
1872 0.183357 
1873 0.212599 
1874 0.246674 
1875 0.285833 
1876 0.330284 
1877 0.380178 
1878 0.435598 
1879 0.496549 
1880 0.562950 
1881 0.634629 
1882 0.711316 
1883 0.792640 
1884 0.878133 
1885 0.967228 
1886 1.059272 
1887 1.153525 
1888 1.249179 
1889 1.345369 
1890 1.441184 
1891 1.535689 
1892 1.627936 
1893 1.716990 
1894 1.801938 
1895 1.881911 
1896 1.956101 
1897 2.023770 
1898 2.084270 
1899 2.137047 
1900 2.181653 
1901 2.217751 
1902 2.245116 
1903 2.263640 
1904 2.273325 
1905 2.274282 
1906 2.266722 
1907 2.250952 
1908 2.227361 
1909 2.196412 
1910 2.158631 
1911 2.114592 
1912 2.064906 
1913 2.010212 
1914 1.951161 
1915 1.888408 
1916 1.822601 
1917 1.754370 
1918 1.684324 
1919 1.613039 
1920 1.541056 
1921 1.468875 
1922 1.396953 
1923 1.325702 
1924 1.255485 
1925 1.186623 
1926 1.119390 
1927 1.054015 
1928 0.990688 
1929 0.929560 
1930 0.870747 
1931 0.814332 
1932 0.760371 
1933 0.708892 
1934 0.659904 
1935 0.613395 
1936 0.569338 
1937 0.527692 
1938 0.488407 
1939 0.451423 
1940 0.416673 
1941 0.384087 
1942 0.353588 
1943 0.325102 
1944 0.298552 
1945 0.273863 
1946 0.250964 
1947 0.229789 
1948 0.210278 
1949 0.192382 
1950 0.176062 
1951 0.161293 
1952 0.148068 
1953 0.136396 
1954 0.126309 
1955 0.117862 
1956 0.111134 
1957 0.106232 
1958 0.103288 
1959 0.102464 
1960 0.103947 
1961 0.107953 
1962 0.114717 
1963 0.124497 
1964 0.137565 
1965 0.154204 
1966 0.174699 
1967 0.199330 
1968 0.228361 
1969 0.262038 
1970 0.300568 
1971 0.344121 
1972 0.392809 
1973 0.446685 
1974 0.505733 
1975 0.569856 
1976 0.638878 
1977 0.712535 
1978 0.790472 
1979 0.872251 
1980 0.957346 
1981 1.045151 
1982 1.134989 
1983 1.226119 
1984 1.317748 
1985 1.409045 
1986 1.499154 
1987 1.587208 
1988 1.672350 
1989 1.753739 
1990 1.830576 
1991 1.902108 
1992 1.967649 
1993 2.026588 
1994 2.078397 
1995 2.122644 
1996 2.158993 
1997 2.187213 
1998 2.207171 
1999 2.218842 
