-22.000000 0.137000 50.133693 192.250000 138.590118 
-20.900000 0.137000 52.288647 187.000000 138.118910 
-19.800000 0.137000 53.986030 182.250000 137.574514 
-18.700000 0.137000 55.380976 178.500000 136.944322 
-17.600000 0.137000 56.577655 175.250000 136.210729 
-16.500000 0.137000 57.650612 172.500000 135.349433 
-15.400000 0.137000 58.658278 169.750000 134.326649 
-14.300000 0.137000 59.652476 167.500000 133.094615 
-13.200000 0.137000 60.686682 165.000000 131.584294 
-12.100000 0.137000 61.825440 162.500000 129.693404 
-11.000000 0.137000 63.158107 159.750000 127.266686 
-9.900000 0.137000 64.822302 156.750000 124.063620 
-8.800000 0.137000 67.047599 153.000000 119.707605 
-7.700000 0.137000 70.241743 149.000000 113.614083 
-6.600000 0.137000 75.167973 144.750000 104.917954 
-5.500000 0.137000 83.317610 140.500000 92.505686 
-4.400000 0.137000 97.645686 134.000000 75.485967 
-3.300000 0.137000 123.415062 125.000000 54.715852 
-2.200000 0.137000 165.426889 82.500000 34.800868 
-1.100000 0.137000 216.425719 45.666667 21.258297 
