-60.000000 0.411000 50.562348 194.750000 144.840282 
-54.700000 0.411000 55.110035 180.500000 144.631688 
-49.400000 0.411000 57.006887 174.750000 144.377112 
-44.100000 0.411000 58.042496 171.750000 144.084197 
-38.800000 0.411000 58.944526 169.250000 143.596042 
-33.500000 0.411000 59.365813 168.250000 143.153415 
-28.200000 0.411000 59.999510 166.750000 142.442050 
-22.900000 0.411000 60.620983 165.250000 141.312058 
-17.600000 0.411000 61.177818 163.750000 140.233120 
-12.300000 0.411000 62.255760 161.000000 137.827012 
-7.000000 0.411000 63.945354 155.750000 133.906435 
-1.700000 0.411000 66.837196 146.500000 127.408913 
3.600000 0.411000 71.447702 144.250000 117.989639 
8.900000 0.411000 76.843022 132.000000 108.372652 
14.200000 0.411000 81.037019 123.500000 101.823735 
19.500000 0.411000 83.574250 119.250000 98.239930 
24.800000 0.411000 85.036839 117.500000 96.317660 
30.100000 0.411000 85.992855 116.250000 95.128668 
35.400000 0.411000 86.857046 115.000000 94.113383 
40.700000 0.411000 87.010646 115.000000 93.936031 
