0.018562 0.018562 0.018562 
0.018524 0.018524 0.018524 
0.018487 0.018487 0.018487 
0.018449 0.018449 0.018449 
0.018411 0.018411 0.018411 
0.018374 0.018374 0.018374 
0.018337 0.018337 0.018337 
0.018299 0.018299 0.018299 
0.018262 0.018262 0.018262 
0.018225 0.018225 0.018225 
0.018188 0.018188 0.018188 
0.018151 0.018151 0.018151 
0.018114 0.018114 0.018114 
0.018077 0.018077 0.018077 
0.018041 0.018041 0.018041 
0.018004 0.018004 0.018004 
0.017967 0.017967 0.017967 
0.017931 0.017931 0.017931 
0.017894 0.017894 0.017894 
0.017858 0.017858 0.017858 
0.017822 0.017822 0.017822 
0.017786 0.017786 0.017786 
0.017749 0.017749 0.017749 
0.017713 0.017713 0.017713 
0.017677 0.017677 0.017677 
0.017641 0.017641 0.017641 
0.017606 0.017606 0.017606 
0.017570 0.017570 0.017570 
0.017534 0.017534 0.017534 
0.017498 0.017498 0.017498 
0.017463 0.017463 0.017463 
0.017427 0.017427 0.017427 
0.017392 0.017392 0.017392 
0.017357 0.017357 0.017357 
0.017321 0.017321 0.017321 
0.017286 0.017286 0.017286 
0.017251 0.017251 0.017251 
0.017216 0.017216 0.017216 
0.017181 0.017181 0.017181 
0.017146 0.017146 0.017146 
0.017111 0.017111 0.017111 
0.017076 0.017076 0.017076 
0.017042 0.017042 0.017042 
0.017007 0.017007 0.017007 
0.016972 0.016972 0.016972 
0.016938 0.016938 0.016938 
0.016904 0.016904 0.016904 
0.016869 0.016869 0.016869 
0.016835 0.016835 0.016835 
0.016801 0.016801 0.016801 
0.016767 0.016767 0.016767 
0.016732 0.016732 0.016732 
0.016698 0.016698 0.016698 
0.016664 0.016664 0.016664 
0.016631 0.016631 0.016631 
0.016597 0.016597 0.016597 
0.016563 0.016563 0.016563 
