0 0.000000 
1 0.000000 
2 0.000000 
3 0.000000 
4 0.000000 
5 0.000000 
6 0.000000 
7 0.000000 
8 0.000000 
9 0.000000 
10 0.000000 
11 0.000000 
12 0.000000 
13 0.000000 
14 0.000000 
15 0.000000 
16 0.000000 
17 0.000000 
18 0.000000 
19 0.000000 
20 0.000000 
21 0.000000 
22 0.000000 
23 0.000000 
24 0.000000 
25 0.000000 
26 0.000000 
27 0.000000 
28 0.000000 
29 0.000000 
30 0.000000 
31 0.000000 
32 0.000000 
33 0.000000 
34 0.000000 
35 0.000000 
36 0.000000 
37 0.000000 
38 0.000000 
39 0.000000 
40 0.000000 
41 0.000000 
42 0.000000 
43 0.000000 
44 0.000000 
45 0.000000 
46 0.000000 
47 0.000000 
48 0.000000 
49 0.000000 
50 0.000000 
51 0.000000 
52 0.000000 
53 0.000000 
54 0.000000 
55 0.000000 
56 0.000000 
57 0.000000 
58 0.000000 
59 0.000000 
60 0.000000 
61 0.000000 
62 0.000000 
63 0.000000 
64 0.000000 
65 0.000000 
66 0.000000 
67 0.000000 
68 0.000000 
69 0.000000 
70 0.000000 
71 0.000000 
72 0.000000 
73 0.000000 
74 0.000000 
75 0.000000 
76 0.000000 
77 0.000000 
78 0.000000 
79 0.000000 
80 0.000000 
81 0.000000 
82 0.000000 
83 0.000000 
84 0.000000 
85 0.000000 
86 0.000000 
87 0.000000 
88 0.000000 
89 0.000000 
90 0.000000 
91 0.023211 
92 0.046329 
93 0.069352 
94 0.092281 
95 0.115117 
96 0.137859 
97 0.160509 
98 0.183066 
99 0.205531 
100 0.227903 
101 0.250184 
102 0.272373 
103 0.294471 
104 0.316478 
105 0.338395 
106 0.360221 
107 0.381957 
108 0.403603 
109 0.425159 
110 0.446627 
111 0.468005 
112 0.489294 
113 0.510495 
114 0.531608 
115 0.552633 
116 0.573570 
117 0.594420 
118 0.615182 
119 0.635858 
120 0.656447 
121 0.676950 
122 0.697367 
123 0.717698 
124 0.737944 
125 0.758104 
126 0.778179 
127 0.798170 
128 0.818076 
129 0.837898 
130 0.857635 
131 0.877290 
132 0.896860 
133 0.916348 
134 0.935753 
135 0.955075 
136 0.974314 
137 0.993472 
138 1.012547 
139 1.031541 
140 1.050453 
141 1.069285 
142 1.088035 
143 1.106705 
144 1.125295 
145 1.143804 
146 1.162233 
147 1.180583 
148 1.178183 
149 1.175789 
150 1.173399 
151 1.171014 
152 1.168634 
153 1.166259 
154 1.163888 
155 1.161523 
156 1.159162 
157 1.156806 
158 1.154455 
159 1.152109 
160 1.149767 
161 1.147430 
162 1.145098 
163 1.142771 
164 1.140448 
165 1.138130 
166 1.135817 
167 1.133508 
168 1.131204 
169 1.128905 
170 1.126611 
171 1.124321 
172 1.122036 
173 1.119755 
174 1.117479 
175 1.115208 
176 1.112942 
177 1.110679 
178 1.108422 
179 1.106169 
180 1.103921 
181 1.101677 
182 1.099439 
183 1.097207 
184 1.094982 
185 1.092765 
186 1.090557 
187 1.088359 
188 1.086171 
189 1.083995 
190 1.081830 
191 1.079679 
192 1.077541 
193 1.075418 
194 1.073310 
195 1.071218 
196 1.069143 
197 1.067085 
198 1.065046 
199 1.063026 
200 1.061026 
201 1.059046 
202 1.057088 
203 1.055152 
204 1.053238 
205 1.051348 
206 1.049482 
207 1.047642 
208 1.045826 
209 1.044037 
210 1.042275 
211 1.040540 
212 1.038834 
213 1.037157 
214 1.035509 
215 1.033892 
216 1.032305 
217 1.030750 
218 1.029227 
219 1.027737 
220 1.026281 
221 1.024858 
222 1.023470 
223 1.022117 
224 1.020800 
225 1.019520 
226 1.018277 
227 1.017071 
228 1.015903 
229 1.014774 
230 1.013685 
231 1.012635 
232 1.011626 
233 1.010657 
234 1.009730 
235 1.008846 
236 1.008003 
237 1.007204 
238 1.006449 
239 1.005736 
240 1.005065 
241 1.004434 
242 1.003842 
243 1.003290 
244 1.002774 
245 1.002295 
246 1.001852 
247 1.001443 
248 1.001067 
249 1.000724 
250 1.000413 
251 1.000132 
252 0.999881 
253 0.999659 
254 0.999464 
255 0.999297 
256 0.999155 
257 0.999038 
258 0.998945 
259 0.998876 
260 0.998829 
261 0.998803 
262 0.998798 
263 0.998812 
264 0.998846 
265 0.998897 
266 0.998965 
267 0.999049 
268 0.999149 
269 0.999264 
270 0.999392 
271 0.999533 
272 0.999686 
273 0.999850 
274 1.000025 
275 1.000209 
276 1.000403 
277 1.000604 
278 1.000813 
279 1.001028 
280 1.001249 
281 1.001475 
282 1.001705 
283 1.001939 
284 1.002175 
285 1.002413 
286 1.002653 
287 1.002893 
288 1.003134 
289 1.003373 
290 1.003611 
291 1.003846 
292 1.004078 
293 1.004307 
294 1.004532 
295 1.004751 
296 1.004966 
297 1.005176 
298 1.005380 
299 1.005580 
300 1.005775 
301 1.005966 
302 1.006151 
303 1.006332 
304 1.006508 
305 1.006679 
306 1.006846 
307 1.007008 
308 1.007166 
309 1.007319 
310 1.007467 
311 1.007611 
312 1.007751 
313 1.007886 
314 1.008017 
315 1.008144 
316 1.008267 
317 1.008385 
318 1.008499 
319 1.008610 
320 1.008716 
321 1.008818 
322 1.008916 
323 1.009011 
324 1.009101 
325 1.009188 
326 1.009271 
327 1.009351 
328 1.009427 
329 1.009499 
330 1.009568 
331 1.009634 
332 1.009696 
333 1.009755 
334 1.009811 
335 1.009863 
336 1.009913 
337 1.009959 
338 1.010003 
339 1.010044 
340 1.010082 
341 1.010117 
342 1.010150 
343 1.010180 
344 1.010207 
345 1.010232 
346 1.010255 
347 1.010276 
348 1.010294 
349 1.010310 
350 1.010324 
351 1.010336 
352 1.010347 
353 1.010355 
354 1.010361 
355 1.010366 
356 1.010369 
357 1.010371 
358 1.010371 
359 1.010370 
360 1.010367 
361 1.010363 
362 1.010358 
363 1.010351 
364 1.010344 
365 1.010335 
366 1.010326 
367 1.010315 
368 1.010304 
369 1.010292 
370 1.010279 
371 1.010265 
372 1.010251 
373 1.010236 
374 1.010221 
375 1.010205 
376 1.010189 
377 1.010172 
378 1.010155 
379 1.010138 
380 1.010121 
381 1.010103 
382 1.010085 
383 1.010068 
384 1.010050 
385 1.010032 
386 1.010014 
387 1.009996 
388 1.009978 
389 1.009960 
390 1.009942 
391 1.009925 
392 1.009907 
393 1.009890 
394 1.009873 
395 1.009856 
396 1.009840 
397 1.009823 
398 1.009807 
399 1.009792 
400 1.009776 
401 1.009761 
402 1.009746 
403 1.009732 
404 1.009718 
405 1.009704 
406 1.009691 
407 1.009678 
408 1.009665 
409 1.009653 
410 1.009641 
411 1.009629 
412 1.009618 
413 1.009607 
414 1.009597 
415 1.009587 
416 1.009577 
417 1.009568 
418 1.009559 
419 1.009551 
420 1.009542 
421 1.009535 
422 1.009527 
423 1.009520 
424 1.009513 
425 1.009507 
426 1.009501 
427 1.009495 
428 1.009490 
429 1.009485 
430 1.009480 
431 1.009475 
432 1.009471 
433 1.009467 
434 1.009463 
435 1.009460 
436 1.009457 
437 1.009454 
438 1.009451 
439 1.009449 
440 1.009446 
441 1.009444 
442 1.009443 
443 1.009441 
444 1.009440 
445 1.009438 
446 1.009437 
447 1.009436 
448 1.009436 
449 1.009435 
450 1.009435 
451 1.009434 
452 1.009434 
453 1.009434 
454 1.009434 
455 1.009434 
456 1.009435 
457 1.009435 
458 1.009436 
459 1.009436 
460 1.009437 
461 1.009438 
462 1.009439 
463 1.009440 
464 1.009441 
465 1.009442 
466 1.009443 
467 1.009444 
468 1.009445 
469 1.009446 
470 1.009448 
471 1.009449 
472 1.009450 
473 1.009452 
474 1.009453 
475 1.009455 
476 1.009456 
477 1.009458 
478 1.009459 
479 1.009461 
480 1.009462 
481 1.009464 
482 1.009465 
483 1.009466 
484 1.009468 
485 1.009469 
486 1.009471 
487 1.009472 
488 1.009474 
489 1.009475 
490 1.009477 
491 1.009478 
492 1.009479 
493 1.009481 
494 1.009482 
495 1.009483 
496 1.009485 
497 1.009486 
498 1.009487 
499 1.009488 
500 1.009489 
501 1.009491 
502 1.009492 
503 1.009493 
504 1.009494 
505 1.009495 
506 1.009496 
507 1.009497 
508 1.009498 
509 1.009499 
510 1.009500 
511 1.009500 
512 1.009501 
513 1.009502 
514 1.009503 
515 1.009504 
516 1.009504 
517 1.009505 
518 1.009506 
519 1.009506 
520 1.009507 
521 1.009507 
522 1.009508 
523 1.009508 
524 1.009509 
525 1.009509 
526 1.009510 
527 1.009510 
528 1.009510 
529 1.009511 
530 1.009511 
531 1.009511 
532 1.009512 
533 1.009512 
534 1.009512 
535 1.009512 
536 1.009513 
537 1.009513 
538 1.009513 
539 1.009513 
540 1.009513 
541 1.009513 
542 1.009513 
543 1.009513 
544 1.009514 
545 1.009514 
546 1.009514 
547 1.009514 
548 1.009514 
549 1.009514 
550 1.009514 
551 1.009514 
552 1.009514 
553 1.009514 
554 1.009514 
555 1.009513 
556 1.009513 
557 1.009513 
558 1.009513 
559 1.009513 
560 1.009513 
561 1.009513 
562 1.009513 
563 1.009513 
564 1.009513 
565 1.009513 
566 1.009513 
567 1.009512 
568 1.009512 
569 1.009512 
570 1.009512 
571 1.009512 
572 1.009512 
573 1.009512 
574 1.009512 
575 1.009511 
576 1.009511 
577 1.009511 
578 1.009511 
579 1.009511 
580 1.009511 
581 1.009511 
582 1.009511 
583 1.009510 
584 1.009510 
585 1.009510 
586 1.009510 
587 1.009510 
588 1.009510 
589 1.009510 
590 1.009510 
591 1.009509 
592 1.009509 
593 1.009509 
594 1.009509 
595 1.009509 
596 1.009509 
597 1.009509 
598 1.009509 
599 1.009509 
600 1.009509 
601 1.009509 
602 1.009508 
603 1.009508 
604 1.009508 
605 1.009508 
606 1.009508 
607 1.009508 
608 1.009508 
609 1.009508 
610 1.009508 
611 1.009508 
612 1.009508 
613 1.009508 
614 1.009508 
615 1.009508 
616 1.009508 
617 1.009507 
618 1.009507 
619 1.009507 
620 1.009507 
621 1.009507 
622 1.009507 
623 1.009507 
624 1.009507 
625 1.009507 
626 1.009507 
627 1.009507 
628 1.009507 
629 1.009507 
630 1.009507 
631 1.009507 
632 1.009507 
633 1.009507 
634 1.009507 
635 1.009507 
636 1.009507 
637 1.009507 
638 1.009507 
639 1.009507 
640 1.009507 
641 1.009507 
642 1.009507 
643 1.009507 
644 1.009507 
645 1.009507 
646 1.009507 
647 1.009507 
648 1.009507 
649 1.009507 
650 1.009507 
651 1.009507 
652 1.009507 
653 1.009507 
654 1.009507 
655 1.009507 
656 1.009507 
657 1.009507 
658 1.009507 
659 1.009507 
660 1.009507 
661 1.009507 
662 1.009507 
663 1.009507 
664 1.009507 
665 1.009507 
666 1.009507 
667 1.009507 
668 1.009507 
669 1.009507 
670 1.009507 
671 1.009507 
672 1.009507 
673 1.009507 
674 1.009507 
675 1.009507 
676 1.009507 
677 1.009507 
678 1.009507 
679 1.009507 
680 1.009507 
681 1.009507 
682 1.009507 
683 1.009507 
684 1.009507 
685 1.009507 
686 1.009507 
687 1.009507 
688 1.009507 
689 1.009507 
690 1.009507 
691 1.009507 
692 1.009507 
693 1.009507 
694 1.009507 
695 1.009507 
696 1.009507 
697 1.009507 
698 1.009507 
699 1.009507 
700 1.009507 
701 1.009507 
702 1.009507 
703 1.009507 
704 1.009507 
705 1.009507 
706 1.009507 
707 1.009507 
708 1.009507 
709 1.009507 
710 1.009507 
711 1.009507 
712 1.009507 
713 1.009507 
714 1.009507 
715 1.009507 
716 1.009507 
717 1.009507 
718 1.009507 
719 1.009507 
720 1.009507 
721 1.009507 
722 1.009507 
723 1.009507 
724 1.009507 
725 1.009507 
726 1.009507 
727 1.009507 
728 1.009507 
729 1.009507 
730 1.009507 
731 1.009507 
732 1.009507 
733 1.009507 
734 1.009507 
735 1.009507 
736 1.009507 
737 1.009507 
738 1.009507 
739 1.009507 
740 1.009507 
741 1.009507 
742 1.009507 
743 1.009507 
744 1.009507 
745 1.009507 
746 1.009507 
747 1.009507 
748 1.009507 
749 1.009507 
750 1.009507 
751 1.009507 
752 1.009507 
753 1.009507 
754 1.009507 
755 1.009507 
756 1.009507 
757 1.009507 
758 1.009507 
759 1.009507 
760 1.009507 
761 1.009507 
762 1.009507 
763 1.009507 
764 1.009507 
765 1.009507 
766 1.009507 
767 1.009507 
768 1.009507 
769 1.009507 
770 1.009507 
771 1.009507 
772 1.009507 
773 1.009507 
774 1.009507 
775 1.009507 
776 1.009507 
777 1.009507 
778 1.009507 
779 1.009507 
780 1.009507 
781 1.009507 
782 1.009507 
783 1.009507 
784 1.009507 
785 1.009507 
786 1.009507 
787 1.009507 
788 1.009507 
789 1.009507 
790 1.009507 
791 1.009507 
792 1.009507 
793 1.009507 
794 1.009507 
795 1.009507 
796 1.009507 
797 1.009507 
798 1.009507 
799 1.009507 
800 1.009507 
801 1.009507 
802 1.009507 
803 1.009507 
804 1.009507 
805 1.009507 
806 1.009507 
807 1.009507 
808 1.009507 
809 1.009507 
810 1.009507 
811 1.009507 
812 1.009507 
813 1.009507 
814 1.009507 
815 1.009507 
816 1.009507 
817 1.009507 
818 1.009507 
819 1.009507 
820 1.009507 
821 1.009507 
822 1.009507 
823 1.009507 
824 1.009507 
825 1.009507 
826 1.009507 
827 1.009507 
828 1.009507 
829 1.009507 
830 1.009507 
831 1.009507 
832 1.009507 
833 1.009507 
834 1.009507 
835 1.009507 
836 1.009507 
837 1.009507 
838 1.009507 
839 1.009507 
840 1.009507 
841 1.009507 
842 1.009507 
843 1.009507 
844 1.009507 
845 1.009507 
846 1.009507 
847 1.009507 
848 1.009507 
849 1.009507 
850 1.009507 
851 1.009507 
852 1.009507 
853 1.009507 
854 1.009507 
855 1.009507 
856 1.009507 
857 1.009507 
858 1.009507 
859 1.009507 
860 1.009507 
861 1.009507 
862 1.009507 
863 1.009507 
864 1.009507 
865 1.009507 
866 1.009507 
867 1.009507 
868 1.009507 
869 1.009507 
870 1.009507 
871 1.009507 
872 1.009507 
873 1.009507 
874 1.009507 
875 1.009507 
876 1.009507 
877 1.009507 
878 1.009507 
879 1.009507 
880 1.009507 
881 1.009507 
882 1.009507 
883 1.009507 
884 1.009507 
885 1.009507 
886 1.009507 
887 1.009507 
888 1.009507 
889 1.009507 
890 1.009507 
891 1.009507 
892 1.009507 
893 1.009507 
894 1.009507 
895 1.009507 
896 1.009507 
897 1.009507 
898 1.009507 
899 1.009507 
900 1.009507 
901 1.009507 
902 1.009507 
903 1.009507 
904 1.009507 
905 1.009507 
906 1.009507 
907 1.009507 
908 1.009507 
909 1.009507 
910 1.009507 
911 1.009507 
912 1.009507 
913 1.009507 
914 1.009507 
915 1.009507 
916 1.009507 
917 1.009507 
918 1.009507 
919 1.009507 
920 1.009507 
921 1.009507 
922 1.009507 
923 1.009507 
924 1.009507 
925 1.009507 
926 1.009507 
927 1.009507 
928 1.009507 
929 1.009507 
930 1.009507 
931 1.009507 
932 1.009507 
933 1.009507 
934 1.009507 
935 1.009507 
936 1.009507 
937 1.009507 
938 1.009507 
939 1.009507 
940 1.009507 
941 1.009507 
942 1.009507 
943 1.009507 
944 1.009507 
945 1.009507 
946 1.009507 
947 1.009507 
948 1.009507 
949 1.009507 
950 1.009507 
951 1.009507 
952 1.009507 
953 1.009507 
954 1.009507 
955 1.009507 
956 1.009507 
957 1.009507 
958 1.009507 
959 1.009507 
960 1.009507 
961 1.009507 
962 1.009507 
963 1.009507 
964 1.009507 
965 1.009507 
966 1.009507 
967 1.009507 
968 1.009507 
969 1.009507 
970 1.009507 
971 1.009507 
972 1.009507 
973 1.009507 
974 1.009507 
975 1.009507 
976 1.009507 
977 1.009507 
978 1.009507 
979 1.009507 
980 1.009507 
981 1.009507 
982 1.009507 
983 1.009507 
984 1.009507 
985 1.009507 
986 1.009507 
987 1.009507 
988 1.009507 
989 1.009507 
990 1.009507 
991 1.009507 
992 1.009507 
993 1.009507 
994 1.009507 
995 1.009507 
996 1.009507 
997 1.009507 
998 1.009507 
999 1.009507 
1000 1.009507 
1001 1.009507 
1002 1.009507 
1003 1.009507 
1004 1.009507 
1005 1.009507 
1006 1.009507 
1007 1.009507 
1008 1.009507 
1009 1.009507 
1010 1.009507 
1011 1.009507 
1012 1.009507 
1013 1.009507 
1014 1.009507 
1015 1.009507 
1016 1.009507 
1017 1.009507 
1018 1.009507 
1019 1.009507 
1020 1.009507 
1021 1.009507 
1022 1.009507 
1023 1.009507 
1024 1.009507 
1025 1.009507 
1026 1.009507 
1027 1.009507 
1028 1.009507 
1029 1.009507 
1030 1.009507 
1031 1.009507 
1032 1.009507 
1033 1.009507 
1034 1.009507 
1035 1.009507 
1036 1.009507 
1037 1.009507 
1038 1.009507 
1039 1.009507 
1040 1.009507 
1041 1.009507 
1042 1.009507 
1043 1.009507 
1044 1.009507 
1045 1.009507 
1046 1.009507 
1047 1.009507 
1048 1.009507 
1049 1.009507 
1050 1.009507 
1051 1.009507 
1052 1.009507 
1053 1.009507 
1054 1.009507 
1055 1.009507 
1056 1.009507 
1057 1.009507 
1058 1.009507 
1059 1.009507 
1060 1.009507 
1061 1.009507 
1062 1.009507 
1063 1.009507 
1064 1.009507 
1065 1.009507 
1066 1.009507 
1067 1.009507 
1068 1.009507 
1069 1.009507 
1070 1.009507 
1071 1.009507 
1072 1.009507 
1073 1.009507 
1074 1.009507 
1075 1.009507 
1076 1.009507 
1077 1.009507 
1078 1.009507 
1079 1.009507 
1080 1.009507 
1081 1.009507 
1082 1.009507 
1083 1.009507 
1084 1.009507 
1085 1.009507 
1086 1.009507 
1087 1.009507 
1088 1.009507 
1089 1.009507 
1090 1.009507 
1091 1.009507 
1092 1.009507 
1093 1.009507 
1094 1.009507 
1095 1.009507 
1096 1.009507 
1097 1.009507 
1098 1.009507 
1099 1.009507 
1100 1.009507 
1101 1.009507 
1102 1.009507 
1103 1.009507 
1104 1.009507 
1105 1.009507 
1106 1.009507 
1107 1.009507 
1108 1.009507 
1109 1.009507 
1110 1.009507 
1111 1.009507 
1112 1.009507 
1113 1.009507 
1114 1.009507 
1115 1.009507 
1116 1.009507 
1117 1.009507 
1118 1.009507 
1119 1.009507 
1120 1.009507 
1121 1.009507 
1122 1.009507 
1123 1.009507 
1124 1.009507 
1125 1.009507 
1126 1.009507 
1127 1.009507 
1128 1.009507 
1129 1.009507 
1130 1.009507 
1131 1.009507 
1132 1.009507 
1133 1.009507 
1134 1.009507 
1135 1.009507 
1136 1.009507 
1137 1.009507 
1138 1.009507 
1139 1.009507 
1140 1.009507 
1141 1.009507 
1142 1.009507 
1143 1.009507 
1144 1.009507 
1145 1.009507 
1146 1.009507 
1147 1.009507 
1148 1.009507 
1149 1.009507 
1150 1.009507 
1151 1.009507 
1152 1.009507 
1153 1.009507 
1154 1.009507 
1155 1.009507 
1156 1.009507 
1157 1.009507 
1158 1.009507 
1159 1.009507 
1160 1.009507 
1161 1.009507 
1162 1.009507 
1163 1.009507 
1164 1.009507 
1165 1.009507 
1166 1.009507 
1167 1.009507 
1168 1.009507 
1169 1.009507 
1170 1.009507 
1171 1.009507 
1172 1.009507 
1173 1.009507 
1174 1.009507 
1175 1.009507 
1176 1.009507 
1177 1.009507 
1178 1.009507 
1179 1.009507 
1180 1.009507 
1181 1.009507 
1182 1.009507 
1183 1.009507 
1184 1.009507 
1185 1.009507 
1186 1.009507 
1187 1.009507 
1188 1.009507 
1189 1.009507 
1190 1.009507 
1191 1.009507 
1192 1.009507 
1193 1.009507 
1194 1.009507 
1195 1.009507 
1196 1.009507 
1197 1.009507 
1198 1.009507 
1199 1.009507 
1200 1.009507 
1201 1.009507 
1202 1.009507 
1203 1.009507 
1204 1.009507 
1205 1.009507 
1206 1.009507 
1207 1.009507 
1208 1.009507 
1209 1.009507 
1210 1.009507 
1211 1.009507 
1212 1.009507 
1213 1.009507 
1214 1.009507 
1215 1.009507 
1216 1.009507 
1217 1.009507 
1218 1.009507 
1219 1.009507 
1220 1.009507 
1221 1.009507 
1222 1.009507 
1223 1.009507 
1224 1.009507 
1225 1.009507 
1226 1.009507 
1227 1.009507 
1228 1.009507 
1229 1.009507 
1230 1.009507 
1231 1.009507 
1232 1.009507 
1233 1.009507 
1234 1.009507 
1235 1.009507 
1236 1.009507 
1237 1.009507 
1238 1.009507 
1239 1.009507 
1240 1.009507 
1241 1.009507 
1242 1.009507 
1243 1.009507 
1244 1.009507 
1245 1.009507 
1246 1.009507 
1247 1.009507 
1248 1.009507 
1249 1.009507 
1250 1.009507 
1251 1.009507 
1252 1.009507 
1253 1.009507 
1254 1.009507 
1255 1.009507 
1256 1.009507 
1257 1.009507 
1258 1.009507 
1259 1.009507 
1260 1.009507 
1261 1.009507 
1262 1.009507 
1263 1.009507 
1264 1.009507 
1265 1.009507 
1266 1.009507 
1267 1.009507 
1268 1.009507 
1269 1.009507 
1270 1.009507 
1271 1.009507 
1272 1.009507 
1273 1.009507 
1274 1.009507 
1275 1.009507 
1276 1.009507 
1277 1.009507 
1278 1.009507 
1279 1.009507 
1280 1.009507 
1281 1.009507 
1282 1.009507 
1283 1.009507 
1284 1.009507 
1285 1.009507 
1286 1.009507 
1287 1.009507 
1288 1.009507 
1289 1.009507 
1290 1.009507 
1291 1.009507 
1292 1.009507 
1293 1.009507 
1294 1.009507 
1295 1.009507 
1296 1.009507 
1297 1.009507 
1298 1.009507 
1299 1.009507 
1300 1.009507 
1301 1.009507 
1302 1.009507 
1303 1.009507 
1304 1.009507 
1305 1.009507 
1306 1.009507 
1307 1.009507 
1308 1.009507 
1309 1.009507 
1310 1.009507 
1311 1.009507 
1312 1.009507 
1313 1.009507 
1314 1.009507 
1315 1.009507 
1316 1.009507 
1317 1.009507 
1318 1.009507 
1319 1.009507 
1320 1.009507 
1321 1.009507 
1322 1.009507 
1323 1.009507 
1324 1.009507 
1325 1.009507 
1326 1.009507 
1327 1.009507 
1328 1.009507 
1329 1.009507 
1330 1.009507 
1331 1.009507 
1332 1.009507 
1333 1.009507 
1334 1.009507 
1335 1.009507 
1336 1.009507 
1337 1.009507 
1338 1.009507 
1339 1.009507 
1340 1.009507 
1341 1.009507 
1342 1.009507 
1343 1.009507 
1344 1.009507 
1345 1.009507 
1346 1.009507 
1347 1.009507 
1348 1.009507 
1349 1.009507 
1350 1.009507 
1351 1.009507 
1352 1.009507 
1353 1.009507 
1354 1.009507 
1355 1.009507 
1356 1.009507 
1357 1.009507 
1358 1.009507 
1359 1.009507 
1360 1.009507 
1361 1.009507 
1362 1.009507 
1363 1.009507 
1364 1.009507 
1365 1.009507 
1366 1.009507 
1367 1.009507 
1368 1.009507 
1369 1.009507 
1370 1.009507 
1371 1.009507 
1372 1.009507 
1373 1.009507 
1374 1.009507 
1375 1.009507 
1376 1.009507 
1377 1.009507 
1378 1.009507 
1379 1.009507 
1380 1.009507 
1381 1.009507 
1382 1.009507 
1383 1.009507 
1384 1.009507 
1385 1.009507 
1386 1.009507 
1387 1.009507 
1388 1.009507 
1389 1.009507 
1390 1.009507 
1391 1.009507 
1392 1.009507 
1393 1.009507 
1394 1.009507 
1395 1.009507 
1396 1.009507 
1397 1.009507 
1398 1.009507 
1399 1.009507 
1400 1.009507 
1401 1.009507 
1402 1.009507 
1403 1.009507 
1404 1.009507 
1405 1.009507 
1406 1.009507 
1407 1.009507 
1408 1.009507 
1409 1.009507 
1410 1.009507 
1411 1.009507 
1412 1.009507 
1413 1.009507 
1414 1.009507 
1415 1.009507 
1416 1.009507 
1417 1.009507 
1418 1.009507 
1419 1.009507 
1420 1.009507 
1421 1.009507 
1422 1.009507 
1423 1.009507 
1424 1.009507 
1425 1.009507 
1426 1.009507 
1427 1.009507 
1428 1.009507 
1429 1.009507 
1430 1.009507 
1431 1.009507 
1432 1.009507 
1433 1.009507 
1434 1.009507 
1435 1.009507 
1436 1.009507 
1437 1.009507 
1438 1.009507 
1439 1.009507 
1440 1.009507 
1441 1.009507 
1442 1.009507 
1443 1.009507 
1444 1.009507 
1445 1.009507 
1446 1.009507 
1447 1.009507 
1448 1.009507 
1449 1.009507 
1450 1.009507 
1451 1.009507 
1452 1.009507 
1453 1.009507 
1454 1.009507 
1455 1.009507 
1456 1.009507 
1457 1.009507 
1458 1.009507 
1459 1.009507 
1460 1.009507 
1461 1.009507 
1462 1.009507 
1463 1.009507 
1464 1.009507 
1465 1.009507 
1466 1.009507 
1467 1.009507 
1468 1.009507 
1469 1.009507 
1470 1.009507 
1471 1.009507 
1472 1.009507 
1473 1.009507 
1474 1.009507 
1475 1.009507 
1476 1.009507 
1477 1.009507 
1478 1.009507 
1479 1.009507 
1480 1.009507 
1481 1.009507 
1482 1.009507 
1483 1.009507 
1484 1.009507 
1485 1.009507 
1486 1.009507 
1487 1.009507 
1488 1.009507 
1489 1.009507 
1490 1.009507 
1491 1.009507 
1492 1.009507 
1493 1.009507 
1494 1.009507 
1495 1.009507 
1496 1.009507 
1497 1.009507 
1498 1.009507 
1499 1.009507 
1500 1.009507 
1501 1.009507 
1502 1.009507 
1503 1.009507 
1504 1.009507 
1505 1.009507 
1506 1.009507 
1507 1.009507 
1508 1.009507 
1509 1.009507 
1510 1.009507 
1511 1.009507 
1512 1.009507 
1513 1.009507 
1514 1.009507 
1515 1.009507 
1516 1.009507 
1517 1.009507 
1518 1.009507 
1519 1.009507 
1520 1.009507 
1521 1.009507 
1522 1.009507 
1523 1.009507 
1524 1.009507 
1525 1.009507 
1526 1.009507 
1527 1.009507 
1528 1.009507 
1529 1.009507 
1530 1.009507 
1531 1.009507 
1532 1.009507 
1533 1.009507 
1534 1.009507 
1535 1.009507 
1536 1.009507 
1537 1.009507 
1538 1.009507 
1539 1.009507 
1540 1.009507 
1541 1.009507 
1542 1.009507 
1543 1.009507 
1544 1.009507 
1545 1.009507 
1546 1.009507 
1547 1.009507 
1548 1.009507 
1549 1.009507 
1550 1.009507 
1551 1.009507 
1552 1.009507 
1553 1.009507 
1554 1.009507 
1555 1.009507 
1556 1.009507 
1557 1.009507 
1558 1.009507 
1559 1.009507 
1560 1.009507 
1561 1.009507 
1562 1.009507 
1563 1.009507 
1564 1.009507 
1565 1.009507 
1566 1.009507 
1567 1.009507 
1568 1.009507 
1569 1.009507 
1570 1.009507 
1571 1.009507 
1572 1.009507 
1573 1.009507 
1574 1.009507 
1575 1.009507 
1576 1.009507 
1577 1.009507 
1578 1.009507 
1579 1.009507 
1580 1.009507 
1581 1.009507 
1582 1.009507 
1583 1.009507 
1584 1.009507 
1585 1.009507 
1586 1.009507 
1587 1.009507 
1588 1.009507 
1589 1.009507 
1590 1.009507 
1591 1.009507 
1592 1.009507 
1593 1.009507 
1594 1.009507 
1595 1.009507 
1596 1.009507 
1597 1.009507 
1598 1.009507 
1599 1.009507 
1600 1.009507 
1601 1.009507 
1602 1.009507 
1603 1.009507 
1604 1.009507 
1605 1.009507 
1606 1.009507 
1607 1.009507 
1608 1.009507 
1609 1.009507 
1610 1.009507 
1611 1.009507 
1612 1.009507 
1613 1.009507 
1614 1.009507 
1615 1.009507 
1616 1.009507 
1617 1.009507 
1618 1.009507 
1619 1.009507 
1620 1.009507 
1621 1.009507 
1622 1.009507 
1623 1.009507 
1624 1.009507 
1625 1.009507 
1626 1.009507 
1627 1.009507 
1628 1.009507 
1629 1.009507 
1630 1.009507 
1631 1.009507 
1632 1.009507 
1633 1.009507 
1634 1.009507 
1635 1.009507 
1636 1.009507 
1637 1.009507 
1638 1.009507 
1639 1.009507 
1640 1.009507 
1641 1.009507 
1642 1.009507 
1643 1.009507 
1644 1.009507 
1645 1.009507 
1646 1.009507 
1647 1.009507 
1648 1.009507 
1649 1.009507 
1650 1.009507 
1651 1.009507 
1652 1.009507 
1653 1.009507 
1654 1.009507 
1655 1.009507 
1656 1.009507 
1657 1.009507 
1658 1.009507 
1659 1.009507 
1660 1.009507 
1661 1.009507 
1662 1.009507 
1663 1.009507 
1664 1.009507 
1665 1.009507 
1666 1.009507 
1667 1.009507 
1668 1.009507 
1669 1.009507 
1670 1.009507 
1671 1.009507 
1672 1.009507 
1673 1.009507 
1674 1.009507 
1675 1.009507 
1676 1.009507 
1677 1.009507 
1678 1.009507 
1679 1.009507 
1680 1.009507 
1681 1.009507 
1682 1.009507 
1683 1.009507 
1684 1.009507 
1685 1.009507 
1686 1.009507 
1687 1.009507 
1688 1.009507 
1689 1.009507 
1690 1.009507 
1691 1.009507 
1692 1.009507 
1693 1.009507 
1694 1.009507 
1695 1.009507 
1696 1.009507 
1697 1.009507 
1698 1.009507 
1699 1.009507 
1700 1.009507 
1701 1.009507 
1702 1.009507 
1703 1.009507 
1704 1.009507 
1705 1.009507 
1706 1.009507 
1707 1.009507 
1708 1.009507 
1709 1.009507 
1710 1.009507 
1711 1.009507 
1712 1.009507 
1713 1.009507 
1714 1.009507 
1715 1.009507 
1716 1.009507 
1717 1.009507 
1718 1.009507 
1719 1.009507 
1720 1.009507 
1721 1.009507 
1722 1.009507 
1723 1.009507 
1724 1.009507 
1725 1.009507 
1726 1.009507 
1727 1.009507 
1728 1.009507 
1729 1.009507 
1730 1.009507 
1731 1.009507 
1732 1.009507 
1733 1.009507 
1734 1.009507 
1735 1.009507 
1736 1.009507 
1737 1.009507 
1738 1.009507 
1739 1.009507 
1740 1.009507 
1741 1.009507 
1742 1.009507 
1743 1.009507 
1744 1.009507 
1745 1.009507 
1746 1.009507 
1747 1.009507 
1748 1.009507 
1749 1.009507 
1750 1.009507 
1751 1.009507 
1752 1.009507 
1753 1.009507 
1754 1.009507 
1755 1.009507 
1756 1.009507 
1757 1.009507 
1758 1.009507 
1759 1.009507 
1760 1.009507 
1761 1.009507 
1762 1.009507 
1763 1.009507 
1764 1.009507 
1765 1.009507 
1766 1.009507 
1767 1.009507 
1768 1.009507 
1769 1.009507 
1770 1.009507 
1771 1.009507 
1772 1.009507 
1773 1.009507 
1774 1.009507 
1775 1.009507 
1776 1.009507 
1777 1.009507 
1778 1.009507 
1779 1.009507 
1780 1.009507 
1781 1.009507 
1782 1.009507 
1783 1.009507 
1784 1.009507 
1785 1.009507 
1786 1.009507 
1787 1.009507 
1788 1.009507 
1789 1.009507 
1790 1.009507 
1791 1.009507 
1792 1.009507 
1793 1.009507 
1794 1.009507 
1795 1.009507 
1796 1.009507 
1797 1.009507 
1798 1.009507 
1799 1.009507 
1800 1.009507 
1801 1.009507 
1802 1.009507 
1803 1.009507 
1804 1.009507 
1805 1.009507 
1806 1.009507 
1807 1.009507 
1808 1.009507 
1809 1.009507 
1810 1.009507 
1811 1.009507 
1812 1.009507 
1813 1.009507 
1814 1.009507 
1815 1.009507 
1816 1.009507 
1817 1.009507 
1818 1.009507 
1819 1.009507 
1820 1.009507 
1821 1.009507 
1822 1.009507 
1823 1.009507 
1824 1.009507 
1825 1.009507 
1826 1.009507 
1827 1.009507 
1828 1.009507 
1829 1.009507 
1830 1.009507 
1831 1.009507 
1832 1.009507 
1833 1.009507 
1834 1.009507 
1835 1.009507 
1836 1.009507 
1837 1.009507 
1838 1.009507 
1839 1.009507 
1840 1.009507 
1841 1.009507 
1842 1.009507 
1843 1.009507 
1844 1.009507 
1845 1.009507 
1846 1.009507 
1847 1.009507 
1848 1.009507 
1849 1.009507 
1850 1.009507 
1851 1.009507 
1852 1.009507 
1853 1.009507 
1854 1.009507 
1855 1.009507 
1856 1.009507 
1857 1.009507 
1858 1.009507 
1859 1.009507 
1860 1.009507 
1861 1.009507 
1862 1.009507 
1863 1.009507 
1864 1.009507 
1865 1.009507 
1866 1.009507 
1867 1.009507 
1868 1.009507 
1869 1.009507 
1870 1.009507 
1871 1.009507 
1872 1.009507 
1873 1.009507 
1874 1.009507 
1875 1.009507 
1876 1.009507 
1877 1.009507 
1878 1.009507 
1879 1.009507 
1880 1.009507 
1881 1.009507 
1882 1.009507 
1883 1.009507 
1884 1.009507 
1885 1.009507 
1886 1.009507 
1887 1.009507 
1888 1.009507 
1889 1.009507 
1890 1.009507 
1891 1.009507 
1892 1.009507 
1893 1.009507 
1894 1.009507 
1895 1.009507 
1896 1.009507 
1897 1.009507 
1898 1.009507 
1899 1.009507 
1900 1.009507 
1901 1.009507 
1902 1.009507 
1903 1.009507 
1904 1.009507 
1905 1.009507 
1906 1.009507 
1907 1.009507 
1908 1.009507 
1909 1.009507 
1910 1.009507 
1911 1.009507 
1912 1.009507 
1913 1.009507 
1914 1.009507 
1915 1.009507 
1916 1.009507 
1917 1.009507 
1918 1.009507 
1919 1.009507 
1920 1.009507 
1921 1.009507 
1922 1.009507 
1923 1.009507 
1924 1.009507 
1925 1.009507 
1926 1.009507 
1927 1.009507 
1928 1.009507 
1929 1.009507 
1930 1.009507 
1931 1.009507 
1932 1.009507 
1933 1.009507 
1934 1.009507 
1935 1.009507 
1936 1.009507 
1937 1.009507 
1938 1.009507 
1939 1.009507 
1940 1.009507 
1941 1.009507 
1942 1.009507 
1943 1.009507 
1944 1.009507 
1945 1.009507 
1946 1.009507 
1947 1.009507 
1948 1.009507 
1949 1.009507 
1950 1.009507 
1951 1.009507 
1952 1.009507 
1953 1.009507 
1954 1.009507 
1955 1.009507 
1956 1.009507 
1957 1.009507 
1958 1.009508 
1959 1.009508 
1960 1.009508 
1961 1.009508 
1962 1.009508 
1963 1.009508 
1964 1.009508 
1965 1.009508 
1966 1.009508 
1967 1.009508 
1968 1.009508 
1969 1.009508 
1970 1.009508 
1971 1.009508 
1972 1.009508 
1973 1.009508 
1974 1.009508 
1975 1.009508 
1976 1.009508 
1977 1.009508 
1978 1.009508 
1979 1.009508 
1980 1.009508 
1981 1.009508 
1982 1.009508 
1983 1.009508 
1984 1.009508 
1985 1.009508 
1986 1.009508 
1987 1.009508 
1988 1.009508 
1989 1.009508 
1990 1.009508 
1991 1.009508 
1992 1.009508 
1993 1.009508 
1994 1.009508 
1995 1.009507 
1996 1.009507 
1997 1.009507 
1998 1.009507 
1999 1.009507 
