0.258993 0.258510 0.258470 
0.191880 0.191602 0.191586 
0.142177 0.142120 0.142114 
0.105351 0.105348 0.105352 
0.078076 0.078155 0.078160 
0.057859 0.057937 0.057945 
0.042885 0.042987 0.042994 
0.031782 0.031867 0.031875 
0.023559 0.023646 0.023651 
0.017460 0.017528 0.017534 
0.012942 0.013007 0.013011 
0.009591 0.009641 0.009645 
0.007110 0.007154 0.007156 
0.005268 0.005302 0.005304 
0.003905 0.003934 0.003935 
0.002893 0.002915 0.002916 
0.002144 0.002162 0.002163 
0.001589 0.001602 0.001603 
0.001177 0.001188 0.001189 
0.000872 0.000880 0.000881 
0.000646 0.000653 0.000653 
0.000478 0.000483 0.000483 
0.000354 0.000358 0.000358 
0.000262 0.000265 0.000265 
0.000194 0.000197 0.000197 
0.000144 0.000145 0.000146 
0.000106 0.000108 0.000108 
0.000079 0.000080 0.000080 
0.000058 0.000059 0.000059 
0.000043 0.000044 0.000044 
0.000032 0.000032 0.000032 
0.000024 0.000024 0.000024 
0.000017 0.000018 0.000018 
0.000013 0.000013 0.000013 
0.000010 0.000010 0.000010 
0.000007 0.000007 0.000007 
0.000005 0.000005 0.000005 
0.000004 0.000004 0.000004 
0.000003 0.000003 0.000003 
0.000002 0.000002 0.000002 
0.000002 0.000002 0.000002 
0.000001 0.000001 0.000001 
0.000001 0.000001 0.000001 
0.000001 0.000001 0.000001 
0.000000 0.000000 0.000000 
0.000000 0.000000 0.000000 
0.000000 0.000000 0.000000 
0.000000 0.000000 0.000000 
0.000000 0.000000 0.000000 
0.000000 0.000000 0.000000 
0.000000 0.000000 0.000000 
0.000000 0.000000 0.000000 
0.000000 0.000000 0.000000 
0.000000 0.000000 0.000000 
0.000000 0.000000 0.000000 
0.000000 0.000000 0.000000 
0.000000 0.000000 0.000000 
