-10.700000 0.034000 51.520906 183.250000 104.921861 
-10.440000 0.034000 53.673366 180.500000 103.162715 
-10.180000 0.034000 55.821768 177.500000 101.248334 
-9.920000 0.034000 57.989162 175.000000 99.169405 
-9.660000 0.034000 60.200251 172.250000 96.916664 
-9.400000 0.034000 62.481596 169.750000 94.481232 
-9.140000 0.034000 64.861919 167.250000 91.855054 
-8.880000 0.034000 67.372482 165.000000 89.031452 
-8.620000 0.034000 70.047491 162.750000 86.005814 
-8.360000 0.034000 72.924501 160.500000 82.776413 
-8.100000 0.034000 76.044752 158.250000 79.345366 
-7.840000 0.034000 79.453350 156.250000 75.719694 
-7.580000 0.034000 83.199170 154.000000 71.912446 
-7.320000 0.034000 87.334305 152.250000 67.943778 
-7.060000 0.034000 91.912853 150.250000 63.841865 
-6.800000 0.034000 96.988755 148.500000 59.643431 
-6.540000 0.034000 102.612472 146.750000 55.393658 
-6.280000 0.034000 108.826334 138.000000 51.145225 
-6.020000 0.034000 115.658703 134.000000 46.956241 
-5.760000 0.034000 123.117518 134.000000 42.887020 
