0.017708 0.017708 0.017708 
0.017702 0.017702 0.017702 
0.017697 0.017697 0.017697 
0.017691 0.017691 0.017691 
0.017685 0.017685 0.017685 
0.017679 0.017679 0.017679 
0.017673 0.017673 0.017673 
0.017667 0.017667 0.017667 
0.017661 0.017661 0.017661 
0.017655 0.017655 0.017655 
0.017649 0.017649 0.017649 
0.017643 0.017643 0.017643 
0.017638 0.017638 0.017638 
0.017632 0.017632 0.017632 
0.017626 0.017626 0.017626 
0.017620 0.017620 0.017620 
0.017614 0.017614 0.017614 
0.017608 0.017608 0.017608 
0.017602 0.017602 0.017602 
0.017596 0.017596 0.017596 
0.017591 0.017591 0.017591 
0.017585 0.017585 0.017585 
0.017579 0.017579 0.017579 
0.017573 0.017573 0.017573 
0.017567 0.017567 0.017567 
0.017561 0.017561 0.017561 
0.017555 0.017555 0.017555 
0.017549 0.017549 0.017549 
0.017544 0.017544 0.017544 
0.017538 0.017538 0.017538 
0.017532 0.017532 0.017532 
0.017526 0.017526 0.017526 
0.017520 0.017520 0.017520 
0.017514 0.017514 0.017514 
0.017508 0.017508 0.017508 
0.017503 0.017503 0.017503 
0.017497 0.017497 0.017497 
0.017491 0.017491 0.017491 
0.017485 0.017485 0.017485 
0.017479 0.017479 0.017479 
0.017473 0.017473 0.017473 
0.017468 0.017468 0.017468 
0.017462 0.017462 0.017462 
0.017456 0.017456 0.017456 
0.017450 0.017450 0.017450 
0.017444 0.017444 0.017444 
0.017438 0.017438 0.017438 
0.017433 0.017433 0.017433 
0.017427 0.017427 0.017427 
0.017421 0.017421 0.017421 
0.017415 0.017415 0.017415 
0.017409 0.017409 0.017409 
0.017404 0.017404 0.017404 
0.017398 0.017398 0.017398 
0.017392 0.017392 0.017392 
0.017386 0.017386 0.017386 
0.017380 0.017380 0.017380 
