0 0.000000 
1 0.000000 
2 0.000000 
3 0.000000 
4 0.000000 
5 0.000000 
6 0.000000 
7 0.000000 
8 0.000000 
9 0.000000 
10 0.000000 
11 0.000000 
12 0.000000 
13 0.000000 
14 0.000000 
15 0.000000 
16 0.000000 
17 0.000000 
18 0.000000 
19 0.000000 
20 0.000000 
21 0.000000 
22 0.000000 
23 0.000000 
24 0.000000 
25 0.000000 
26 0.000000 
27 0.000000 
28 0.000000 
29 0.000000 
30 0.000000 
31 0.000000 
32 0.000000 
33 0.000000 
34 0.000000 
35 0.000000 
36 0.000000 
37 0.000000 
38 0.000000 
39 0.000000 
40 0.000000 
41 0.000000 
42 0.000000 
43 0.000000 
44 0.000000 
45 0.000000 
46 0.000000 
47 0.000000 
48 0.000000 
49 0.000000 
50 0.000000 
51 0.000000 
52 0.000000 
53 0.000000 
54 0.000000 
55 0.000000 
56 0.000000 
57 0.000000 
58 0.000000 
59 0.000000 
60 0.000000 
61 0.000000 
62 0.000000 
63 0.000000 
64 0.000000 
65 0.000000 
66 0.000000 
67 0.000000 
68 0.000000 
69 0.000000 
70 0.000000 
71 0.000000 
72 0.000000 
73 0.000000 
74 0.000000 
75 0.000000 
76 0.000000 
77 0.000000 
78 0.000000 
79 0.000000 
80 0.000000 
81 0.000000 
82 0.000000 
83 0.000000 
84 0.000000 
85 0.000000 
86 0.000000 
87 0.000000 
88 0.000000 
89 0.000000 
90 0.000000 
91 0.364515 
92 0.668912 
93 0.923062 
94 1.135214 
95 1.312262 
96 1.459969 
97 1.583153 
98 1.685840 
99 1.771395 
100 1.842631 
101 1.901898 
102 1.951162 
103 1.992066 
104 2.025981 
105 2.054056 
106 2.077249 
107 2.096362 
108 2.112065 
109 2.124918 
110 2.135389 
111 2.143870 
112 2.150687 
113 2.156113 
114 2.160378 
115 2.163672 
116 2.166155 
117 2.167959 
118 2.169198 
119 2.169963 
120 2.170333 
121 2.170372 
122 2.170136 
123 2.169669 
124 2.169010 
125 2.168191 
126 2.167237 
127 2.166172 
128 2.165014 
129 2.163778 
130 2.162477 
131 2.161122 
132 2.159722 
133 2.158285 
134 2.156817 
135 2.155323 
136 2.153808 
137 2.152276 
138 2.150729 
139 2.149170 
140 2.147601 
141 2.146025 
142 2.144441 
143 2.142853 
144 2.141261 
145 2.139665 
146 2.138067 
147 2.136467 
148 1.785727 
149 1.492568 
150 1.247536 
151 1.042731 
152 0.871548 
153 0.728468 
154 0.608877 
155 0.508919 
156 0.425370 
157 0.355538 
158 0.297170 
159 0.248384 
160 0.207608 
161 0.173525 
162 0.145038 
163 0.121227 
164 0.101326 
165 0.084691 
166 0.070788 
167 0.059167 
168 0.049453 
169 0.041335 
170 0.034549 
171 0.028877 
172 0.024136 
173 0.020174 
174 0.016862 
175 0.014094 
176 0.011780 
177 0.009846 
178 0.008230 
179 0.006879 
180 0.005749 
181 0.004806 
182 0.005089 
183 0.007293 
184 0.011847 
185 0.018989 
186 0.028812 
187 0.041307 
188 0.056395 
189 0.073948 
190 0.093810 
191 0.115807 
192 0.139759 
193 0.165486 
194 0.192813 
195 0.221571 
196 0.251605 
197 0.282768 
198 0.314928 
199 0.347960 
200 0.381757 
201 0.416218 
202 0.451254 
203 0.486787 
204 0.522745 
205 0.559068 
206 0.595700 
207 0.632593 
208 0.669704 
209 0.706997 
210 0.744440 
211 0.782004 
212 0.819664 
213 0.857400 
214 0.895193 
215 0.933026 
216 0.970887 
217 1.008762 
218 1.046643 
219 1.084519 
220 1.122384 
221 1.160230 
222 1.198052 
223 1.235846 
224 1.273606 
225 1.311330 
226 1.349014 
227 1.386655 
228 1.424253 
229 1.461804 
230 1.499307 
231 1.536761 
232 1.574164 
233 1.611516 
234 1.648816 
235 1.686062 
236 1.723255 
237 1.760395 
238 1.797479 
239 1.832455 
240 1.863945 
241 1.891084 
242 1.913384 
243 1.930638 
244 1.942839 
245 1.950119 
246 1.952704 
247 1.950881 
248 1.944971 
249 1.935309 
250 1.922233 
251 1.906071 
252 1.887139 
253 1.865732 
254 1.842125 
255 1.816572 
256 1.789303 
257 1.760528 
258 1.730434 
259 1.699190 
260 1.666946 
261 1.633836 
262 1.599978 
263 1.565476 
264 1.530422 
265 1.494897 
266 1.458970 
267 1.422705 
268 1.386153 
269 1.349362 
270 1.312373 
271 1.275221 
272 1.237936 
273 1.200548 
274 1.163089 
275 1.125590 
276 1.088087 
277 1.050618 
278 1.013222 
279 0.975940 
280 0.938814 
281 0.901885 
282 0.865194 
283 0.828781 
284 0.792684 
285 0.756941 
286 0.721586 
287 0.686653 
288 0.652173 
289 0.618175 
290 0.584684 
291 0.551726 
292 0.519322 
293 0.487492 
294 0.456256 
295 0.425629 
296 0.396610 
297 0.369871 
298 0.345839 
299 0.324756 
300 0.306732 
301 0.291778 
302 0.279836 
303 0.270805 
304 0.264553 
305 0.260929 
306 0.259778 
307 0.260940 
308 0.264260 
309 0.269591 
310 0.276791 
311 0.285730 
312 0.296288 
313 0.308355 
314 0.321831 
315 0.336625 
316 0.352658 
317 0.369857 
318 0.388156 
319 0.407500 
320 0.427838 
321 0.449124 
322 0.471320 
323 0.494390 
324 0.518303 
325 0.543034 
326 0.568558 
327 0.594855 
328 0.621906 
329 0.649696 
330 0.678202 
331 0.707388 
332 0.737205 
333 0.767592 
334 0.798474 
335 0.829766 
336 0.861375 
337 0.893204 
338 0.925151 
339 0.957113 
340 0.988988 
341 1.020675 
342 1.052077 
343 1.083100 
344 1.113656 
345 1.143660 
346 1.173033 
347 1.201703 
348 1.229602 
349 1.256668 
350 1.282845 
351 1.308080 
352 1.332328 
353 1.355545 
354 1.377695 
355 1.398743 
356 1.418659 
357 1.437416 
358 1.454992 
359 1.471364 
360 1.486516 
361 1.500431 
362 1.513096 
363 1.524498 
364 1.534628 
365 1.543478 
366 1.551040 
367 1.557308 
368 1.562278 
369 1.565947 
370 1.568312 
371 1.569373 
372 1.569129 
373 1.567580 
374 1.564730 
375 1.560580 
376 1.555134 
377 1.548397 
378 1.540373 
379 1.531070 
380 1.520493 
381 1.508650 
382 1.495549 
383 1.481198 
384 1.465608 
385 1.448787 
386 1.430747 
387 1.411505 
388 1.391096 
389 1.369567 
390 1.346981 
391 1.323412 
392 1.298948 
393 1.273683 
394 1.247719 
395 1.221160 
396 1.194114 
397 1.166689 
398 1.138991 
399 1.111122 
400 1.083185 
401 1.055275 
402 1.027484 
403 0.999899 
404 0.972601 
405 0.945668 
406 0.919171 
407 0.893177 
408 0.867746 
409 0.842938 
410 0.818804 
411 0.795394 
412 0.772752 
413 0.750920 
414 0.729937 
415 0.709837 
416 0.690654 
417 0.672417 
418 0.655154 
419 0.638891 
420 0.623653 
421 0.609460 
422 0.596335 
423 0.584296 
424 0.573361 
425 0.563546 
426 0.554864 
427 0.547328 
428 0.540949 
429 0.535734 
430 0.531690 
431 0.528820 
432 0.527127 
433 0.526609 
434 0.527265 
435 0.529088 
436 0.532072 
437 0.536206 
438 0.541481 
439 0.547881 
440 0.555392 
441 0.563997 
442 0.573675 
443 0.584408 
444 0.596169 
445 0.608928 
446 0.622649 
447 0.637290 
448 0.652802 
449 0.669135 
450 0.686233 
451 0.704038 
452 0.722489 
453 0.741526 
454 0.761085 
455 0.781106 
456 0.801526 
457 0.822284 
458 0.843320 
459 0.864576 
460 0.885992 
461 0.907514 
462 0.929085 
463 0.950654 
464 0.972168 
465 0.993576 
466 1.014829 
467 1.035881 
468 1.056684 
469 1.077193 
470 1.097364 
471 1.117155 
472 1.136522 
473 1.155427 
474 1.173827 
475 1.191685 
476 1.208961 
477 1.225618 
478 1.241620 
479 1.256929 
480 1.271510 
481 1.285331 
482 1.298358 
483 1.310559 
484 1.321908 
485 1.332375 
486 1.341938 
487 1.350574 
488 1.358265 
489 1.364995 
490 1.370750 
491 1.375522 
492 1.379303 
493 1.382090 
494 1.383883 
495 1.384684 
496 1.384498 
497 1.383334 
498 1.381204 
499 1.378120 
500 1.374100 
501 1.369161 
502 1.363324 
503 1.356612 
504 1.349050 
505 1.340664 
506 1.331483 
507 1.321535 
508 1.310853 
509 1.299468 
510 1.287415 
511 1.274727 
512 1.261442 
513 1.247594 
514 1.233223 
515 1.218366 
516 1.203063 
517 1.187352 
518 1.171274 
519 1.154871 
520 1.138182 
521 1.121250 
522 1.104116 
523 1.086822 
524 1.069411 
525 1.051925 
526 1.034407 
527 1.016899 
528 0.999443 
529 0.982082 
530 0.964858 
531 0.947814 
532 0.930990 
533 0.914430 
534 0.898172 
535 0.882260 
536 0.866732 
537 0.851628 
538 0.836987 
539 0.822847 
540 0.809244 
541 0.796212 
542 0.783784 
543 0.771992 
544 0.760864 
545 0.750427 
546 0.740706 
547 0.731722 
548 0.723495 
549 0.716041 
550 0.709375 
551 0.703509 
552 0.698451 
553 0.694209 
554 0.690786 
555 0.688185 
556 0.686405 
557 0.685443 
558 0.685295 
559 0.685954 
560 0.687410 
561 0.689653 
562 0.692671 
563 0.696448 
564 0.700969 
565 0.706217 
566 0.712172 
567 0.718813 
568 0.726118 
569 0.734065 
570 0.742628 
571 0.751781 
572 0.761498 
573 0.771751 
574 0.782510 
575 0.793745 
576 0.805425 
577 0.817518 
578 0.829992 
579 0.842812 
580 0.855945 
581 0.869356 
582 0.883009 
583 0.896869 
584 0.910900 
585 0.925066 
586 0.939329 
587 0.953655 
588 0.968005 
589 0.982345 
590 0.996636 
591 1.010844 
592 1.024933 
593 1.038868 
594 1.052613 
595 1.066135 
596 1.079401 
597 1.092378 
598 1.105035 
599 1.117341 
600 1.129267 
601 1.140786 
602 1.151870 
603 1.162494 
604 1.172635 
605 1.182270 
606 1.191378 
607 1.199940 
608 1.207939 
609 1.215358 
610 1.222184 
611 1.228402 
612 1.234002 
613 1.238975 
614 1.243313 
615 1.247008 
616 1.250057 
617 1.252457 
618 1.254205 
619 1.255302 
620 1.255749 
621 1.255549 
622 1.254708 
623 1.253231 
624 1.251125 
625 1.248400 
626 1.245067 
627 1.241136 
628 1.236622 
629 1.231540 
630 1.225904 
631 1.219733 
632 1.213046 
633 1.205862 
634 1.198202 
635 1.190089 
636 1.181546 
637 1.172597 
638 1.163268 
639 1.153585 
640 1.143575 
641 1.133265 
642 1.122684 
643 1.111861 
644 1.100825 
645 1.089605 
646 1.078232 
647 1.066736 
648 1.055147 
649 1.043495 
650 1.031811 
651 1.020124 
652 1.008464 
653 0.996861 
654 0.985343 
655 0.973940 
656 0.962679 
657 0.951589 
658 0.940695 
659 0.930024 
660 0.919601 
661 0.909452 
662 0.899599 
663 0.890065 
664 0.880873 
665 0.872043 
666 0.863594 
667 0.855546 
668 0.847916 
669 0.840721 
670 0.833975 
671 0.827693 
672 0.821888 
673 0.816572 
674 0.811754 
675 0.807443 
676 0.803648 
677 0.800375 
678 0.797628 
679 0.795412 
680 0.793730 
681 0.792581 
682 0.791966 
683 0.791883 
684 0.792329 
685 0.793301 
686 0.794792 
687 0.796795 
688 0.799302 
689 0.802304 
690 0.805790 
691 0.809749 
692 0.814166 
693 0.819028 
694 0.824320 
695 0.830025 
696 0.836127 
697 0.842605 
698 0.849443 
699 0.856619 
700 0.864114 
701 0.871905 
702 0.879971 
703 0.888290 
704 0.896838 
705 0.905592 
706 0.914528 
707 0.923622 
708 0.932850 
709 0.942188 
710 0.951611 
711 0.961094 
712 0.970614 
713 0.980145 
714 0.989664 
715 0.999146 
716 1.008568 
717 1.017906 
718 1.027137 
719 1.036239 
720 1.045190 
721 1.053967 
722 1.062551 
723 1.070920 
724 1.079054 
725 1.086935 
726 1.094545 
727 1.101866 
728 1.108882 
729 1.115576 
730 1.121934 
731 1.127942 
732 1.133587 
733 1.138857 
734 1.143742 
735 1.148231 
736 1.152315 
737 1.155988 
738 1.159242 
739 1.162072 
740 1.164473 
741 1.166442 
742 1.167977 
743 1.169077 
744 1.169741 
745 1.169972 
746 1.169772 
747 1.169143 
748 1.168090 
749 1.166619 
750 1.164737 
751 1.162449 
752 1.159766 
753 1.156697 
754 1.153252 
755 1.149441 
756 1.145279 
757 1.140776 
758 1.135947 
759 1.130806 
760 1.125368 
761 1.119650 
762 1.113667 
763 1.107436 
764 1.100974 
765 1.094300 
766 1.087432 
767 1.080388 
768 1.073187 
769 1.065848 
770 1.058391 
771 1.050836 
772 1.043202 
773 1.035509 
774 1.027777 
775 1.020025 
776 1.012274 
777 1.004542 
778 0.996850 
779 0.989217 
780 0.981661 
781 0.974201 
782 0.966856 
783 0.959643 
784 0.952580 
785 0.945684 
786 0.938971 
787 0.932457 
788 0.926157 
789 0.920086 
790 0.914259 
791 0.908687 
792 0.903384 
793 0.898361 
794 0.893630 
795 0.889200 
796 0.885080 
797 0.881280 
798 0.877807 
799 0.874666 
800 0.871865 
801 0.869408 
802 0.867299 
803 0.865540 
804 0.864135 
805 0.863084 
806 0.862388 
807 0.862046 
808 0.862056 
809 0.862417 
810 0.863125 
811 0.864175 
812 0.865564 
813 0.867285 
814 0.869331 
815 0.871696 
816 0.874371 
817 0.877348 
818 0.880616 
819 0.884167 
820 0.887988 
821 0.892069 
822 0.896397 
823 0.900960 
824 0.905745 
825 0.910738 
826 0.915926 
827 0.921293 
828 0.926826 
829 0.932508 
830 0.938325 
831 0.944261 
832 0.950301 
833 0.956427 
834 0.962625 
835 0.968877 
836 0.975169 
837 0.981483 
838 0.987803 
839 0.994114 
840 1.000399 
841 1.006642 
842 1.012829 
843 1.018943 
844 1.024970 
845 1.030894 
846 1.036703 
847 1.042380 
848 1.047914 
849 1.053291 
850 1.058497 
851 1.063523 
852 1.068354 
853 1.072982 
854 1.077394 
855 1.081582 
856 1.085537 
857 1.089249 
858 1.092711 
859 1.095916 
860 1.098858 
861 1.101531 
862 1.103929 
863 1.106049 
864 1.107886 
865 1.109439 
866 1.110705 
867 1.111683 
868 1.112372 
869 1.112773 
870 1.112885 
871 1.112712 
872 1.112255 
873 1.111517 
874 1.110502 
875 1.109214 
876 1.107658 
877 1.105841 
878 1.103768 
879 1.101446 
880 1.098883 
881 1.096087 
882 1.093066 
883 1.089830 
884 1.086389 
885 1.082751 
886 1.078928 
887 1.074931 
888 1.070771 
889 1.066460 
890 1.062009 
891 1.057430 
892 1.052737 
893 1.047942 
894 1.043057 
895 1.038096 
896 1.033071 
897 1.027996 
898 1.022885 
899 1.017749 
900 1.012603 
901 1.007459 
902 1.002331 
903 0.997231 
904 0.992172 
905 0.987167 
906 0.982228 
907 0.977367 
908 0.972596 
909 0.967926 
910 0.963369 
911 0.958935 
912 0.954635 
913 0.950478 
914 0.946475 
915 0.942635 
916 0.938966 
917 0.935476 
918 0.932173 
919 0.929064 
920 0.926156 
921 0.923455 
922 0.920966 
923 0.918695 
924 0.916645 
925 0.914820 
926 0.913224 
927 0.911858 
928 0.910726 
929 0.909828 
930 0.909166 
931 0.908738 
932 0.908545 
933 0.908586 
934 0.908859 
935 0.909362 
936 0.910092 
937 0.911046 
938 0.912219 
939 0.913609 
940 0.915208 
941 0.917013 
942 0.919017 
943 0.921214 
944 0.923597 
945 0.926158 
946 0.928891 
947 0.931787 
948 0.934837 
949 0.938033 
950 0.941366 
951 0.944826 
952 0.948404 
953 0.952091 
954 0.955875 
955 0.959746 
956 0.963695 
957 0.967711 
958 0.971783 
959 0.975901 
960 0.980053 
961 0.984229 
962 0.988419 
963 0.992611 
964 0.996795 
965 1.000960 
966 1.005097 
967 1.009194 
968 1.013241 
969 1.017229 
970 1.021148 
971 1.024989 
972 1.028741 
973 1.032397 
974 1.035947 
975 1.039384 
976 1.042699 
977 1.045885 
978 1.048935 
979 1.051841 
980 1.054597 
981 1.057198 
982 1.059637 
983 1.061910 
984 1.064012 
985 1.065938 
986 1.067685 
987 1.069251 
988 1.070631 
989 1.071823 
990 1.072827 
991 1.073640 
992 1.074262 
993 1.074692 
994 1.074931 
995 1.074979 
996 1.074837 
997 1.074507 
998 1.073991 
999 1.073292 
1000 1.072412 
1001 1.071356 
1002 1.070126 
1003 1.068727 
1004 1.067163 
1005 1.065441 
1006 1.063564 
1007 1.061539 
1008 1.059373 
1009 1.057070 
1010 1.054639 
1011 1.052086 
1012 1.049419 
1013 1.046644 
1014 1.043770 
1015 1.040805 
1016 1.037756 
1017 1.034632 
1018 1.031442 
1019 1.028193 
1020 1.024895 
1021 1.021556 
1022 1.018185 
1023 1.014791 
1024 1.011382 
1025 1.007967 
1026 1.004556 
1027 1.001155 
1028 0.997775 
1029 0.994423 
1030 0.991108 
1031 0.987838 
1032 0.984621 
1033 0.981464 
1034 0.978376 
1035 0.975364 
1036 0.972434 
1037 0.969594 
1038 0.966851 
1039 0.964210 
1040 0.961678 
1041 0.959260 
1042 0.956962 
1043 0.954789 
1044 0.952745 
1045 0.950835 
1046 0.949063 
1047 0.947432 
1048 0.945946 
1049 0.944607 
1050 0.943419 
1051 0.942382 
1052 0.941498 
1053 0.940769 
1054 0.940196 
1055 0.939779 
1056 0.939517 
1057 0.939412 
1058 0.939461 
1059 0.939664 
1060 0.940019 
1061 0.940525 
1062 0.941179 
1063 0.941978 
1064 0.942919 
1065 0.944000 
1066 0.945216 
1067 0.946564 
1068 0.948039 
1069 0.949637 
1070 0.951352 
1071 0.953180 
1072 0.955115 
1073 0.957153 
1074 0.959286 
1075 0.961508 
1076 0.963815 
1077 0.966199 
1078 0.968653 
1079 0.971171 
1080 0.973747 
1081 0.976373 
1082 0.979042 
1083 0.981748 
1084 0.984482 
1085 0.987239 
1086 0.990011 
1087 0.992790 
1088 0.995570 
1089 0.998344 
1090 1.001105 
1091 1.003845 
1092 1.006558 
1093 1.009238 
1094 1.011877 
1095 1.014470 
1096 1.017009 
1097 1.019489 
1098 1.021905 
1099 1.024250 
1100 1.026518 
1101 1.028706 
1102 1.030807 
1103 1.032816 
1104 1.034730 
1105 1.036545 
1106 1.038255 
1107 1.039858 
1108 1.041350 
1109 1.042728 
1110 1.043990 
1111 1.045133 
1112 1.046154 
1113 1.047053 
1114 1.047827 
1115 1.048475 
1116 1.048997 
1117 1.049392 
1118 1.049661 
1119 1.049802 
1120 1.049817 
1121 1.049706 
1122 1.049471 
1123 1.049112 
1124 1.048632 
1125 1.048033 
1126 1.047317 
1127 1.046486 
1128 1.045543 
1129 1.044492 
1130 1.043336 
1131 1.042078 
1132 1.040723 
1133 1.039274 
1134 1.037735 
1135 1.036112 
1136 1.034408 
1137 1.032630 
1138 1.030780 
1139 1.028866 
1140 1.026892 
1141 1.024863 
1142 1.022785 
1143 1.020664 
1144 1.018505 
1145 1.016314 
1146 1.014096 
1147 1.011858 
1148 1.009606 
1149 1.007344 
1150 1.005079 
1151 1.002817 
1152 1.000564 
1153 0.998324 
1154 0.996104 
1155 0.993909 
1156 0.991745 
1157 0.989616 
1158 0.987529 
1159 0.985487 
1160 0.983496 
1161 0.981561 
1162 0.979686 
1163 0.977875 
1164 0.976133 
1165 0.974463 
1166 0.972870 
1167 0.971357 
1168 0.969926 
1169 0.968582 
1170 0.967328 
1171 0.966164 
1172 0.965095 
1173 0.964122 
1174 0.963247 
1175 0.962472 
1176 0.961797 
1177 0.961224 
1178 0.960754 
1179 0.960387 
1180 0.960124 
1181 0.959964 
1182 0.959907 
1183 0.959953 
1184 0.960100 
1185 0.960349 
1186 0.960696 
1187 0.961142 
1188 0.961684 
1189 0.962320 
1190 0.963048 
1191 0.963866 
1192 0.964770 
1193 0.965759 
1194 0.966828 
1195 0.967975 
1196 0.969196 
1197 0.970488 
1198 0.971847 
1199 0.973269 
1200 0.974750 
1201 0.976286 
1202 0.977872 
1203 0.979505 
1204 0.981179 
1205 0.982891 
1206 0.984636 
1207 0.986409 
1208 0.988205 
1209 0.990020 
1210 0.991849 
1211 0.993687 
1212 0.995530 
1213 0.997373 
1214 0.999211 
1215 1.001040 
1216 1.002854 
1217 1.004650 
1218 1.006424 
1219 1.008170 
1220 1.009884 
1221 1.011563 
1222 1.013202 
1223 1.014798 
1224 1.016346 
1225 1.017844 
1226 1.019287 
1227 1.020673 
1228 1.021997 
1229 1.023259 
1230 1.024453 
1231 1.025579 
1232 1.026633 
1233 1.027613 
1234 1.028517 
1235 1.029345 
1236 1.030093 
1237 1.030760 
1238 1.031346 
1239 1.031850 
1240 1.032270 
1241 1.032606 
1242 1.032859 
1243 1.033027 
1244 1.033111 
1245 1.033111 
1246 1.033028 
1247 1.032863 
1248 1.032616 
1249 1.032289 
1250 1.031883 
1251 1.031400 
1252 1.030841 
1253 1.030208 
1254 1.029504 
1255 1.028730 
1256 1.027889 
1257 1.026984 
1258 1.026017 
1259 1.024991 
1260 1.023909 
1261 1.022774 
1262 1.021590 
1263 1.020360 
1264 1.019087 
1265 1.017774 
1266 1.016426 
1267 1.015046 
1268 1.013637 
1269 1.012204 
1270 1.010750 
1271 1.009279 
1272 1.007795 
1273 1.006301 
1274 1.004802 
1275 1.003302 
1276 1.001803 
1277 1.000311 
1278 0.998828 
1279 0.997358 
1280 0.995906 
1281 0.994474 
1282 0.993066 
1283 0.991686 
1284 0.990336 
1285 0.989021 
1286 0.987743 
1287 0.986504 
1288 0.985309 
1289 0.984160 
1290 0.983058 
1291 0.982008 
1292 0.981011 
1293 0.980069 
1294 0.979184 
1295 0.978359 
1296 0.977595 
1297 0.976893 
1298 0.976254 
1299 0.975681 
1300 0.975174 
1301 0.974734 
1302 0.974361 
1303 0.974056 
1304 0.973820 
1305 0.973652 
1306 0.973553 
1307 0.973522 
1308 0.973558 
1309 0.973663 
1310 0.973834 
1311 0.974070 
1312 0.974372 
1313 0.974737 
1314 0.975164 
1315 0.975652 
1316 0.976199 
1317 0.976803 
1318 0.977463 
1319 0.978176 
1320 0.978940 
1321 0.979753 
1322 0.980613 
1323 0.981517 
1324 0.982462 
1325 0.983446 
1326 0.984466 
1327 0.985520 
1328 0.986603 
1329 0.987715 
1330 0.988850 
1331 0.990007 
1332 0.991183 
1333 0.992373 
1334 0.993576 
1335 0.994788 
1336 0.996005 
1337 0.997226 
1338 0.998446 
1339 0.999662 
1340 1.000872 
1341 1.002073 
1342 1.003261 
1343 1.004433 
1344 1.005588 
1345 1.006721 
1346 1.007830 
1347 1.008913 
1348 1.009967 
1349 1.010990 
1350 1.011979 
1351 1.012931 
1352 1.013845 
1353 1.014719 
1354 1.015551 
1355 1.016338 
1356 1.017079 
1357 1.017774 
1358 1.018419 
1359 1.019014 
1360 1.019558 
1361 1.020049 
1362 1.020487 
1363 1.020871 
1364 1.021201 
1365 1.021475 
1366 1.021694 
1367 1.021857 
1368 1.021964 
1369 1.022016 
1370 1.022013 
1371 1.021954 
1372 1.021842 
1373 1.021675 
1374 1.021455 
1375 1.021183 
1376 1.020860 
1377 1.020487 
1378 1.020066 
1379 1.019597 
1380 1.019082 
1381 1.018523 
1382 1.017921 
1383 1.017279 
1384 1.016598 
1385 1.015880 
1386 1.015128 
1387 1.014343 
1388 1.013527 
1389 1.012683 
1390 1.011814 
1391 1.010921 
1392 1.010006 
1393 1.009074 
1394 1.008125 
1395 1.007162 
1396 1.006189 
1397 1.005206 
1398 1.004218 
1399 1.003227 
1400 1.002234 
1401 1.001243 
1402 1.000256 
1403 0.999276 
1404 0.998304 
1405 0.997344 
1406 0.996398 
1407 0.995467 
1408 0.994555 
1409 0.993664 
1410 0.992795 
1411 0.991950 
1412 0.991133 
1413 0.990343 
1414 0.989584 
1415 0.988858 
1416 0.988164 
1417 0.987506 
1418 0.986885 
1419 0.986301 
1420 0.985757 
1421 0.985253 
1422 0.984790 
1423 0.984370 
1424 0.983992 
1425 0.983658 
1426 0.983369 
1427 0.983124 
1428 0.982923 
1429 0.982768 
1430 0.982659 
1431 0.982594 
1432 0.982575 
1433 0.982600 
1434 0.982670 
1435 0.982784 
1436 0.982942 
1437 0.983142 
1438 0.983384 
1439 0.983667 
1440 0.983990 
1441 0.984352 
1442 0.984752 
1443 0.985188 
1444 0.985660 
1445 0.986165 
1446 0.986703 
1447 0.987271 
1448 0.987869 
1449 0.988494 
1450 0.989144 
1451 0.989818 
1452 0.990514 
1453 0.991230 
1454 0.991964 
1455 0.992714 
1456 0.993478 
1457 0.994255 
1458 0.995041 
1459 0.995835 
1460 0.996635 
1461 0.997439 
1462 0.998245 
1463 0.999051 
1464 0.999854 
1465 1.000653 
1466 1.001445 
1467 1.002230 
1468 1.003004 
1469 1.003766 
1470 1.004515 
1471 1.005247 
1472 1.005962 
1473 1.006658 
1474 1.007334 
1475 1.007986 
1476 1.008616 
1477 1.009219 
1478 1.009797 
1479 1.010346 
1480 1.010866 
1481 1.011356 
1482 1.011815 
1483 1.012242 
1484 1.012636 
1485 1.012995 
1486 1.013321 
1487 1.013611 
1488 1.013865 
1489 1.014084 
1490 1.014266 
1491 1.014412 
1492 1.014521 
1493 1.014594 
1494 1.014629 
1495 1.014629 
1496 1.014592 
1497 1.014519 
1498 1.014411 
1499 1.014267 
1500 1.014090 
1501 1.013879 
1502 1.013634 
1503 1.013358 
1504 1.013051 
1505 1.012713 
1506 1.012346 
1507 1.011951 
1508 1.011529 
1509 1.011082 
1510 1.010610 
1511 1.010116 
1512 1.009600 
1513 1.009063 
1514 1.008509 
1515 1.007937 
1516 1.007349 
1517 1.006748 
1518 1.006134 
1519 1.005509 
1520 1.004876 
1521 1.004235 
1522 1.003588 
1523 1.002937 
1524 1.002284 
1525 1.001630 
1526 1.000977 
1527 1.000327 
1528 0.999680 
1529 0.999040 
1530 0.998407 
1531 0.997783 
1532 0.997169 
1533 0.996567 
1534 0.995978 
1535 0.995405 
1536 0.994847 
1537 0.994307 
1538 0.993785 
1539 0.993283 
1540 0.992802 
1541 0.992344 
1542 0.991908 
1543 0.991496 
1544 0.991109 
1545 0.990748 
1546 0.990413 
1547 0.990105 
1548 0.989825 
1549 0.989573 
1550 0.989350 
1551 0.989155 
1552 0.988990 
1553 0.988855 
1554 0.988749 
1555 0.988672 
1556 0.988626 
1557 0.988609 
1558 0.988622 
1559 0.988664 
1560 0.988734 
1561 0.988834 
1562 0.988961 
1563 0.989116 
1564 0.989298 
1565 0.989506 
1566 0.989740 
1567 0.989999 
1568 0.990282 
1569 0.990589 
1570 0.990917 
1571 0.991267 
1572 0.991637 
1573 0.992026 
1574 0.992433 
1575 0.992858 
1576 0.993298 
1577 0.993752 
1578 0.994220 
1579 0.994700 
1580 0.995191 
1581 0.995691 
1582 0.996199 
1583 0.996714 
1584 0.997235 
1585 0.997759 
1586 0.998286 
1587 0.998815 
1588 0.999344 
1589 0.999871 
1590 1.000396 
1591 1.000917 
1592 1.001433 
1593 1.001943 
1594 1.002444 
1595 1.002937 
1596 1.003420 
1597 1.003892 
1598 1.004351 
1599 1.004797 
1600 1.005229 
1601 1.005645 
1602 1.006045 
1603 1.006428 
1604 1.006793 
1605 1.007139 
1606 1.007465 
1607 1.007771 
1608 1.008056 
1609 1.008320 
1610 1.008562 
1611 1.008781 
1612 1.008978 
1613 1.009151 
1614 1.009301 
1615 1.009427 
1616 1.009529 
1617 1.009607 
1618 1.009662 
1619 1.009692 
1620 1.009699 
1621 1.009682 
1622 1.009642 
1623 1.009578 
1624 1.009491 
1625 1.009382 
1626 1.009251 
1627 1.009098 
1628 1.008924 
1629 1.008729 
1630 1.008515 
1631 1.008281 
1632 1.008029 
1633 1.007759 
1634 1.007472 
1635 1.007170 
1636 1.006851 
1637 1.006519 
1638 1.006173 
1639 1.005815 
1640 1.005445 
1641 1.005064 
1642 1.004675 
1643 1.004277 
1644 1.003871 
1645 1.003459 
1646 1.003042 
1647 1.002621 
1648 1.002197 
1649 1.001771 
1650 1.001344 
1651 1.000918 
1652 1.000492 
1653 1.000069 
1654 0.999650 
1655 0.999234 
1656 0.998824 
1657 0.998421 
1658 0.998025 
1659 0.997637 
1660 0.997259 
1661 0.996890 
1662 0.996533 
1663 0.996187 
1664 0.995854 
1665 0.995534 
1666 0.995228 
1667 0.994937 
1668 0.994662 
1669 0.994402 
1670 0.994158 
1671 0.993932 
1672 0.993723 
1673 0.993532 
1674 0.993358 
1675 0.993204 
1676 0.993068 
1677 0.992951 
1678 0.992853 
1679 0.992774 
1680 0.992714 
1681 0.992674 
1682 0.992653 
1683 0.992650 
1684 0.992667 
1685 0.992703 
1686 0.992758 
1687 0.992830 
1688 0.992921 
1689 0.993030 
1690 0.993155 
1691 0.993298 
1692 0.993457 
1693 0.993632 
1694 0.993822 
1695 0.994026 
1696 0.994245 
1697 0.994478 
1698 0.994723 
1699 0.994980 
1700 0.995249 
1701 0.995528 
1702 0.995817 
1703 0.996115 
1704 0.996421 
1705 0.996735 
1706 0.997055 
1707 0.997381 
1708 0.997712 
1709 0.998047 
1710 0.998385 
1711 0.998725 
1712 0.999067 
1713 0.999410 
1714 0.999752 
1715 1.000093 
1716 1.000432 
1717 1.000768 
1718 1.001101 
1719 1.001429 
1720 1.001752 
1721 1.002070 
1722 1.002380 
1723 1.002683 
1724 1.002978 
1725 1.003265 
1726 1.003541 
1727 1.003808 
1728 1.004064 
1729 1.004309 
1730 1.004542 
1731 1.004764 
1732 1.004972 
1733 1.005167 
1734 1.005349 
1735 1.005517 
1736 1.005671 
1737 1.005810 
1738 1.005934 
1739 1.006044 
1740 1.006139 
1741 1.006219 
1742 1.006283 
1743 1.006332 
1744 1.006365 
1745 1.006384 
1746 1.006387 
1747 1.006375 
1748 1.006348 
1749 1.006306 
1750 1.006249 
1751 1.006179 
1752 1.006094 
1753 1.005995 
1754 1.005883 
1755 1.005758 
1756 1.005620 
1757 1.005470 
1758 1.005308 
1759 1.005135 
1760 1.004951 
1761 1.004756 
1762 1.004553 
1763 1.004339 
1764 1.004118 
1765 1.003888 
1766 1.003652 
1767 1.003408 
1768 1.003159 
1769 1.002904 
1770 1.002644 
1771 1.002381 
1772 1.002114 
1773 1.001844 
1774 1.001573 
1775 1.001300 
1776 1.001027 
1777 1.000753 
1778 1.000481 
1779 1.000210 
1780 0.999940 
1781 0.999674 
1782 0.999411 
1783 0.999152 
1784 0.998897 
1785 0.998648 
1786 0.998404 
1787 0.998167 
1788 0.997937 
1789 0.997714 
1790 0.997498 
1791 0.997292 
1792 0.997093 
1793 0.996904 
1794 0.996725 
1795 0.996556 
1796 0.996396 
1797 0.996248 
1798 0.996110 
1799 0.995984 
1800 0.995869 
1801 0.995765 
1802 0.995673 
1803 0.995593 
1804 0.995525 
1805 0.995469 
1806 0.995425 
1807 0.995394 
1808 0.995374 
1809 0.995366 
1810 0.995371 
1811 0.995387 
1812 0.995415 
1813 0.995455 
1814 0.995506 
1815 0.995568 
1816 0.995641 
1817 0.995725 
1818 0.995819 
1819 0.995923 
1820 0.996037 
1821 0.996161 
1822 0.996294 
1823 0.996435 
1824 0.996584 
1825 0.996742 
1826 0.996906 
1827 0.997078 
1828 0.997256 
1829 0.997440 
1830 0.997630 
1831 0.997824 
1832 0.998023 
1833 0.998226 
1834 0.998432 
1835 0.998642 
1836 0.998853 
1837 0.999067 
1838 0.999282 
1839 0.999497 
1840 0.999713 
1841 0.999929 
1842 1.000144 
1843 1.000358 
1844 1.000570 
1845 1.000779 
1846 1.000986 
1847 1.001190 
1848 1.001390 
1849 1.001585 
1850 1.001776 
1851 1.001963 
1852 1.002143 
1853 1.002318 
1854 1.002487 
1855 1.002649 
1856 1.002805 
1857 1.002953 
1858 1.003094 
1859 1.003227 
1860 1.003352 
1861 1.003468 
1862 1.003576 
1863 1.003676 
1864 1.003767 
1865 1.003848 
1866 1.003921 
1867 1.003984 
1868 1.004038 
1869 1.004083 
1870 1.004118 
1871 1.004144 
1872 1.004160 
1873 1.004167 
1874 1.004165 
1875 1.004154 
1876 1.004133 
1877 1.004104 
1878 1.004065 
1879 1.004018 
1880 1.003962 
1881 1.003898 
1882 1.003826 
1883 1.003746 
1884 1.003658 
1885 1.003563 
1886 1.003460 
1887 1.003351 
1888 1.003236 
1889 1.003114 
1890 1.002987 
1891 1.002854 
1892 1.002715 
1893 1.002573 
1894 1.002425 
1895 1.002274 
1896 1.002119 
1897 1.001961 
1898 1.001800 
1899 1.001637 
1900 1.001471 
1901 1.001304 
1902 1.001136 
1903 1.000967 
1904 1.000797 
1905 1.000628 
1906 1.000459 
1907 1.000290 
1908 1.000123 
1909 0.999957 
1910 0.999794 
1911 0.999632 
1912 0.999473 
1913 0.999317 
1914 0.999165 
1915 0.999016 
1916 0.998871 
1917 0.998731 
1918 0.998595 
1919 0.998463 
1920 0.998337 
1921 0.998217 
1922 0.998102 
1923 0.997992 
1924 0.997889 
1925 0.997792 
1926 0.997701 
1927 0.997617 
1928 0.997540 
1929 0.997469 
1930 0.997406 
1931 0.997349 
1932 0.997300 
1933 0.997257 
1934 0.997222 
1935 0.997194 
1936 0.997173 
1937 0.997159 
1938 0.997153 
1939 0.997153 
1940 0.997161 
1941 0.997176 
1942 0.997197 
1943 0.997225 
1944 0.997260 
1945 0.997302 
1946 0.997350 
1947 0.997404 
1948 0.997464 
1949 0.997530 
1950 0.997602 
1951 0.997679 
1952 0.997762 
1953 0.997850 
1954 0.997942 
1955 0.998039 
1956 0.998141 
1957 0.998247 
1958 0.998356 
1959 0.998469 
1960 0.998585 
1961 0.998704 
1962 0.998826 
1963 0.998951 
1964 0.999077 
1965 0.999206 
1966 0.999336 
1967 0.999467 
1968 0.999599 
1969 0.999732 
1970 0.999865 
1971 0.999998 
1972 1.000130 
1973 1.000263 
1974 1.000394 
1975 1.000524 
1976 1.000653 
1977 1.000780 
1978 1.000906 
1979 1.001029 
1980 1.001149 
1981 1.001267 
1982 1.001382 
1983 1.001494 
1984 1.001602 
1985 1.001707 
1986 1.001808 
1987 1.001905 
1988 1.001998 
1989 1.002086 
1990 1.002170 
1991 1.002250 
1992 1.002324 
1993 1.002394 
1994 1.002459 
1995 1.002518 
1996 1.002572 
1997 1.002621 
1998 1.002665 
1999 1.002703 
