0.262691 0.262426 0.262375 
0.193838 0.193731 0.193653 
0.142827 0.142752 0.142758 
0.105363 0.105361 0.105344 
0.077619 0.077627 0.077649 
0.057248 0.057286 0.057291 
0.042168 0.042205 0.042227 
0.031097 0.031144 0.031154 
0.022904 0.022946 0.022963 
0.016890 0.016932 0.016942 
0.012440 0.012477 0.012489 
0.009174 0.009207 0.009215 
0.006758 0.006786 0.006794 
0.004984 0.005009 0.005014 
0.003672 0.003693 0.003698 
0.002709 0.002726 0.002729 
0.001996 0.002011 0.002014 
0.001473 0.001485 0.001487 
0.001086 0.001095 0.001097 
0.000801 0.000809 0.000811 
0.000591 0.000597 0.000599 
0.000436 0.000442 0.000442 
0.000322 0.000326 0.000327 
0.000238 0.000241 0.000242 
0.000176 0.000178 0.000179 
0.000130 0.000132 0.000132 
0.000096 0.000098 0.000098 
0.000071 0.000072 0.000072 
0.000052 0.000053 0.000054 
0.000039 0.000040 0.000040 
0.000029 0.000029 0.000029 
0.000021 0.000022 0.000022 
0.000016 0.000016 0.000016 
0.000012 0.000012 0.000012 
0.000009 0.000009 0.000009 
0.000006 0.000007 0.000007 
0.000005 0.000005 0.000005 
0.000004 0.000004 0.000004 
0.000003 0.000003 0.000003 
0.000002 0.000002 0.000002 
0.000001 0.000001 0.000001 
0.000001 0.000001 0.000001 
0.000001 0.000001 0.000001 
0.000001 0.000001 0.000001 
0.000000 0.000000 0.000000 
0.000000 0.000000 0.000000 
0.000000 0.000000 0.000000 
0.000000 0.000000 0.000000 
0.000000 0.000000 0.000000 
0.000000 0.000000 0.000000 
0.000000 0.000000 0.000000 
0.000000 0.000000 0.000000 
0.000000 0.000000 0.000000 
0.000000 0.000000 0.000000 
0.000000 0.000000 0.000000 
0.000000 0.000000 0.000000 
0.000000 0.000000 0.000000 
