-7.408000 -0.068000 55.484679 139.000000 13.849430 
-7.040000 -0.068000 70.076296 91.000000 13.451118 
-6.948000 -0.068000 73.988465 85.250000 13.340961 
-6.856000 -0.068000 77.992488 85.000000 13.226761 
-6.764000 -0.068000 82.080654 84.250000 13.108654 
-6.672000 -0.068000 86.244958 86.000000 12.986798 
-6.580000 -0.068000 90.477209 86.000000 12.861371 
-6.488000 -0.068000 94.769121 60.750000 12.732570 
-6.396000 -0.068000 99.112414 60.000000 12.600610 
-6.304000 -0.068000 103.498896 59.000000 12.465718 
-6.212000 -0.068000 107.920541 58.250000 12.328133 
-6.120000 -0.068000 112.369561 57.500000 12.188105 
-6.028000 -0.068000 116.838459 57.000000 12.045890 
-5.936000 -0.068000 121.320078 56.250000 11.901747 
-5.844000 -0.068000 125.807638 55.750000 11.755939 
-5.752000 -0.068000 130.294758 42.000000 11.608726 
