0.004931 0.004931 0.004931 
0.005124 0.005124 0.005124 
0.005325 0.005325 0.005325 
0.005534 0.005534 0.005534 
0.005751 0.005751 0.005751 
0.005976 0.005976 0.005976 
0.006210 0.006210 0.006210 
0.006454 0.006454 0.006454 
0.006707 0.006707 0.006707 
0.006970 0.006970 0.006970 
0.007243 0.007243 0.007243 
0.007527 0.007527 0.007527 
0.007822 0.007822 0.007822 
0.008128 0.008128 0.008128 
0.008447 0.008447 0.008447 
0.008778 0.008778 0.008778 
0.009122 0.009122 0.009122 
0.009480 0.009480 0.009480 
0.009851 0.009851 0.009851 
0.010237 0.010237 0.010237 
0.010639 0.010639 0.010639 
0.011056 0.011056 0.011056 
0.011489 0.011489 0.011489 
0.011939 0.011939 0.011939 
0.012407 0.012407 0.012407 
0.012894 0.012894 0.012894 
0.013399 0.013399 0.013399 
0.013924 0.013924 0.013924 
0.014470 0.014470 0.014470 
0.015037 0.015037 0.015037 
0.015627 0.015627 0.015627 
0.016239 0.016239 0.016239 
0.016876 0.016876 0.016876 
0.017537 0.017537 0.017537 
0.018225 0.018225 0.018225 
0.018939 0.018939 0.018939 
0.019681 0.019681 0.019681 
0.020453 0.020453 0.020453 
0.021255 0.021255 0.021255 
0.022088 0.022088 0.022088 
0.022954 0.022954 0.022954 
0.023853 0.023853 0.023853 
0.024788 0.024788 0.024788 
0.025760 0.025760 0.025760 
0.026770 0.026770 0.026770 
0.027819 0.027819 0.027819 
0.028909 0.028909 0.028909 
0.030043 0.030043 0.030043 
0.031220 0.031220 0.031220 
0.032444 0.032444 0.032444 
0.033716 0.033716 0.033716 
0.035037 0.035037 0.035037 
0.036411 0.036411 0.036411 
0.037838 0.037838 0.037838 
0.039321 0.039321 0.039321 
0.040862 0.040862 0.040862 
0.042464 0.042464 0.042464 
