0 0.000000 
1 0.000000 
2 0.000000 
3 0.000000 
4 0.000000 
5 0.000000 
6 0.000000 
7 0.000000 
8 0.000000 
9 0.000000 
10 0.000000 
11 0.000000 
12 0.000000 
13 0.000000 
14 0.000000 
15 0.000000 
16 0.000000 
17 0.000000 
18 0.000000 
19 0.000000 
20 0.000000 
21 0.000000 
22 0.000000 
23 0.000000 
24 0.000000 
25 0.000000 
26 0.000000 
27 0.000000 
28 0.000000 
29 0.000000 
30 0.000000 
31 0.000000 
32 0.000000 
33 0.000000 
34 0.000000 
35 0.000000 
36 0.000000 
37 0.000000 
38 0.000000 
39 0.000000 
40 0.000000 
41 0.000000 
42 0.000000 
43 0.000000 
44 0.000000 
45 0.000000 
46 0.000000 
47 0.000000 
48 0.000000 
49 0.000000 
50 0.000000 
51 0.000000 
52 0.000000 
53 0.000000 
54 0.000000 
55 0.000000 
56 0.000000 
57 0.000000 
58 0.000000 
59 0.000000 
60 0.000000 
61 0.000000 
62 0.000000 
63 0.000000 
64 0.000000 
65 0.000000 
66 0.000000 
67 0.000000 
68 0.000000 
69 0.000000 
70 0.000000 
71 0.000000 
72 0.000000 
73 0.000000 
74 0.000000 
75 0.000000 
76 0.000000 
77 0.000000 
78 0.000000 
79 0.000000 
80 0.000000 
81 0.000000 
82 0.000000 
83 0.000000 
84 0.000000 
85 0.000000 
86 0.000000 
87 0.000000 
88 0.000000 
89 0.000000 
90 0.000000 
91 0.037791 
92 0.069213 
93 0.096061 
94 0.119704 
95 0.141196 
96 0.161350 
97 0.180802 
98 0.200055 
99 0.219514 
100 0.239511 
101 0.260328 
102 0.282208 
103 0.305369 
104 0.330014 
105 0.356333 
106 0.384517 
107 0.414752 
108 0.447233 
109 0.482156 
110 0.519732 
111 0.560180 
112 0.603734 
113 0.650642 
114 0.701172 
115 0.755609 
116 0.814259 
117 0.877452 
118 0.945542 
119 1.018913 
120 1.097973 
121 1.183166 
122 1.274967 
123 1.373892 
124 1.480492 
125 1.595364 
126 1.719150 
127 1.852542 
128 1.996285 
129 2.151183 
130 2.318101 
131 2.497973 
132 2.691804 
133 2.900676 
134 3.125757 
135 3.368305 
136 3.629675 
137 3.911328 
138 4.214838 
139 4.541899 
140 4.894341 
141 5.274131 
142 5.683391 
143 6.124408 
144 6.599646 
145 7.111759 
146 7.663607 
147 8.258274 
148 6.226442 
149 4.694511 
150 3.539488 
151 2.668642 
152 2.012055 
153 1.517012 
154 1.143767 
155 0.862355 
156 0.650180 
157 0.490209 
158 0.369597 
159 0.278660 
160 0.210097 
161 0.158404 
162 0.119429 
163 0.090044 
164 0.067889 
165 0.051185 
166 0.038591 
167 0.029095 
168 0.021936 
169 0.016539 
170 0.012469 
171 0.009401 
172 0.007088 
173 0.005344 
174 0.004029 
175 0.003038 
176 0.002290 
177 0.001727 
178 0.001302 
179 0.000981 
180 0.000740 
181 0.000558 
182 0.000431 
183 0.000355 
184 0.000327 
185 0.000342 
186 0.000401 
187 0.000500 
188 0.000640 
189 0.000820 
190 0.001043 
191 0.001309 
192 0.001622 
193 0.001985 
194 0.002401 
195 0.002875 
196 0.003413 
197 0.004021 
198 0.004705 
199 0.005473 
200 0.006333 
201 0.007296 
202 0.008371 
203 0.009569 
204 0.010903 
205 0.012388 
206 0.014037 
207 0.015868 
208 0.017898 
209 0.020148 
210 0.022640 
211 0.025397 
212 0.028445 
213 0.031813 
214 0.035533 
215 0.039638 
216 0.044167 
217 0.049159 
218 0.054660 
219 0.060718 
220 0.067388 
221 0.074726 
222 0.082797 
223 0.091671 
224 0.101423 
225 0.112137 
226 0.123902 
227 0.136817 
228 0.150991 
229 0.166540 
230 0.183593 
231 0.202290 
232 0.222782 
233 0.245237 
234 0.269834 
235 0.296772 
236 0.326266 
237 0.358551 
238 0.393880 
239 0.431072 
240 0.469458 
241 0.508711 
242 0.548723 
243 0.589520 
244 0.631207 
245 0.673935 
246 0.717874 
247 0.763203 
248 0.810094 
249 0.858715 
250 0.909221 
251 0.961755 
252 1.016450 
253 1.073424 
254 1.132784 
255 1.194624 
256 1.259028 
257 1.326064 
258 1.395790 
259 1.468246 
260 1.543460 
261 1.621442 
262 1.702183 
263 1.785652 
264 1.871795 
265 1.960533 
266 2.051754 
267 2.145314 
268 2.241029 
269 2.338674 
270 2.437973 
271 2.538596 
272 2.640152 
273 2.742181 
274 2.844144 
275 2.945419 
276 3.045282 
277 3.142907 
278 3.237344 
279 3.327511 
280 3.412174 
281 3.489939 
282 3.559223 
283 3.618242 
284 3.664985 
285 3.697192 
286 3.712325 
287 3.707540 
288 3.679655 
289 3.625114 
290 3.539948 
291 3.419732 
292 3.259542 
293 3.053898 
294 2.796710 
295 2.481222 
296 2.151690 
297 1.834125 
298 1.542590 
299 1.283502 
300 1.058547 
301 0.866617 
302 0.705084 
303 0.570613 
304 0.459672 
305 0.368831 
306 0.294921 
307 0.235119 
308 0.186966 
309 0.148361 
310 0.117534 
311 0.093006 
312 0.073561 
313 0.058198 
314 0.046106 
315 0.036626 
316 0.029230 
317 0.023493 
318 0.019076 
319 0.015712 
320 0.013187 
321 0.011334 
322 0.010022 
323 0.009150 
324 0.008640 
325 0.008430 
326 0.008477 
327 0.008748 
328 0.009218 
329 0.009874 
330 0.010704 
331 0.011705 
332 0.012875 
333 0.014215 
334 0.015729 
335 0.017422 
336 0.019302 
337 0.021379 
338 0.023663 
339 0.026166 
340 0.028903 
341 0.031889 
342 0.035140 
343 0.038675 
344 0.042512 
345 0.046673 
346 0.051180 
347 0.056057 
348 0.061328 
349 0.067022 
350 0.073166 
351 0.079791 
352 0.086928 
353 0.094611 
354 0.102875 
355 0.111756 
356 0.121293 
357 0.131527 
358 0.142499 
359 0.154253 
360 0.166835 
361 0.180290 
362 0.194668 
363 0.210017 
364 0.226390 
365 0.243837 
366 0.262411 
367 0.282165 
368 0.303153 
369 0.325427 
370 0.349040 
371 0.374043 
372 0.400484 
373 0.428410 
374 0.457864 
375 0.488885 
376 0.521504 
377 0.555749 
378 0.591637 
379 0.629174 
380 0.668358 
381 0.709169 
382 0.751572 
383 0.795513 
384 0.840915 
385 0.887677 
386 0.935666 
387 0.984757 
388 1.034853 
389 1.085881 
390 1.137796 
391 1.190572 
392 1.244196 
393 1.298661 
394 1.353962 
395 1.410091 
396 1.467032 
397 1.524758 
398 1.583231 
399 1.642397 
400 1.702186 
401 1.762511 
402 1.823268 
403 1.884334 
404 1.945566 
405 2.006800 
406 2.067852 
407 2.128518 
408 2.188569 
409 2.247757 
410 2.305809 
411 2.362430 
412 2.417299 
413 2.470074 
414 2.520388 
415 2.567851 
416 2.612050 
417 2.652549 
418 2.688891 
419 2.720602 
420 2.747187 
421 2.768139 
422 2.782939 
423 2.791062 
424 2.791980 
425 2.785170 
426 2.770123 
427 2.746349 
428 2.713391 
429 2.670835 
430 2.618328 
431 2.555589 
432 2.482435 
433 2.398799 
434 2.304758 
435 2.200560 
436 2.086662 
437 1.963767 
438 1.832866 
439 1.695292 
440 1.552775 
441 1.407504 
442 1.262207 
443 1.120227 
444 0.984617 
445 0.857744 
446 0.741198 
447 0.635837 
448 0.541912 
449 0.459204 
450 0.387164 
451 0.325022 
452 0.271888 
453 0.226822 
454 0.188885 
455 0.157179 
456 0.130868 
457 0.109188 
458 0.091462 
459 0.077088 
460 0.065548 
461 0.056392 
462 0.049240 
463 0.043770 
464 0.039713 
465 0.036846 
466 0.034984 
467 0.033979 
468 0.033707 
469 0.034072 
470 0.034998 
471 0.036424 
472 0.038304 
473 0.040605 
474 0.043304 
475 0.046383 
476 0.049834 
477 0.053654 
478 0.057843 
479 0.062407 
480 0.067354 
481 0.072694 
482 0.078440 
483 0.084609 
484 0.091216 
485 0.098280 
486 0.105822 
487 0.113863 
488 0.122426 
489 0.131534 
490 0.141211 
491 0.151484 
492 0.162379 
493 0.173924 
494 0.186145 
495 0.199072 
496 0.212734 
497 0.227159 
498 0.242378 
499 0.258420 
500 0.275315 
501 0.293092 
502 0.311781 
503 0.331411 
504 0.352009 
505 0.373602 
506 0.396217 
507 0.419878 
508 0.444609 
509 0.470429 
510 0.497358 
511 0.525413 
512 0.554606 
513 0.584948 
514 0.616444 
515 0.649099 
516 0.682909 
517 0.717870 
518 0.753968 
519 0.791186 
520 0.829503 
521 0.868889 
522 0.909308 
523 0.950717 
524 0.993069 
525 1.036306 
526 1.080364 
527 1.125174 
528 1.170658 
529 1.216733 
530 1.263310 
531 1.310294 
532 1.357587 
533 1.405091 
534 1.452705 
535 1.500329 
536 1.547868 
537 1.595226 
538 1.642306 
539 1.689013 
540 1.735248 
541 1.780907 
542 1.825883 
543 1.870062 
544 1.913322 
545 1.955532 
546 1.996555 
547 2.036243 
548 2.074441 
549 2.110984 
550 2.145699 
551 2.178406 
552 2.208918 
553 2.237039 
554 2.262572 
555 2.285312 
556 2.305053 
557 2.321586 
558 2.334704 
559 2.344200 
560 2.349872 
561 2.351521 
562 2.348959 
563 2.342007 
564 2.330499 
565 2.314286 
566 2.293235 
567 2.267239 
568 2.236214 
569 2.200104 
570 2.158889 
571 2.112582 
572 2.061236 
573 2.004950 
574 1.943868 
575 1.878185 
576 1.808149 
577 1.734067 
578 1.656302 
579 1.575278 
580 1.491478 
581 1.405446 
582 1.317783 
583 1.229142 
584 1.140224 
585 1.051767 
586 0.964536 
587 0.879305 
588 0.796835 
589 0.717852 
590 0.643014 
591 0.572869 
592 0.507829 
593 0.448158 
594 0.393972 
595 0.345254 
596 0.301874 
597 0.263610 
598 0.230173 
599 0.201231 
600 0.176424 
601 0.155382 
602 0.137741 
603 0.123146 
604 0.111267 
605 0.101794 
606 0.094449 
607 0.088979 
608 0.085161 
609 0.082799 
610 0.081724 
611 0.081791 
612 0.082874 
613 0.084872 
614 0.087697 
615 0.091279 
616 0.095563 
617 0.100502 
618 0.106062 
619 0.112218 
620 0.118952 
621 0.126251 
622 0.134109 
623 0.142526 
624 0.151502 
625 0.161043 
626 0.171156 
627 0.181853 
628 0.193145 
629 0.205045 
630 0.217567 
631 0.230728 
632 0.244542 
633 0.259027 
634 0.274198 
635 0.290074 
636 0.306670 
637 0.324003 
638 0.342088 
639 0.360943 
640 0.380580 
641 0.401015 
642 0.422259 
643 0.444326 
644 0.467224 
645 0.490963 
646 0.515550 
647 0.540990 
648 0.567287 
649 0.594440 
650 0.622450 
651 0.651311 
652 0.681017 
653 0.711558 
654 0.742921 
655 0.775090 
656 0.808045 
657 0.841762 
658 0.876213 
659 0.911369 
660 0.947192 
661 0.983645 
662 1.020681 
663 1.058255 
664 1.096312 
665 1.134795 
666 1.173643 
667 1.212790 
668 1.252166 
669 1.291696 
670 1.331302 
671 1.370902 
672 1.410410 
673 1.449736 
674 1.488789 
675 1.527474 
676 1.565694 
677 1.603351 
678 1.640343 
679 1.676570 
680 1.711930 
681 1.746321 
682 1.779639 
683 1.811782 
684 1.842647 
685 1.872130 
686 1.900130 
687 1.926541 
688 1.951260 
689 1.974182 
690 1.995203 
691 2.014217 
692 2.031120 
693 2.045807 
694 2.058176 
695 2.068124 
696 2.075552 
697 2.080364 
698 2.082468 
699 2.081776 
700 2.078207 
701 2.071686 
702 2.062147 
703 2.049533 
704 2.033796 
705 2.014902 
706 1.992828 
707 1.967565 
708 1.939120 
709 1.907515 
710 1.872789 
711 1.835002 
712 1.794229 
713 1.750569 
714 1.704138 
715 1.655075 
716 1.603541 
717 1.549717 
718 1.493806 
719 1.436033 
720 1.376640 
721 1.315893 
722 1.254071 
723 1.191473 
724 1.128410 
725 1.065205 
726 1.002188 
727 0.939696 
728 0.878065 
729 0.817629 
730 0.758714 
731 0.701632 
732 0.646679 
733 0.594124 
734 0.544211 
735 0.497149 
736 0.453108 
737 0.412219 
738 0.374565 
739 0.340186 
740 0.309080 
741 0.281201 
742 0.256470 
743 0.234776 
744 0.215983 
745 0.199937 
746 0.186474 
747 0.175421 
748 0.166604 
749 0.159853 
750 0.155001 
751 0.151894 
752 0.150382 
753 0.150333 
754 0.151623 
755 0.154141 
756 0.157790 
757 0.162483 
758 0.168145 
759 0.174712 
760 0.182128 
761 0.190349 
762 0.199337 
763 0.209059 
764 0.219492 
765 0.230616 
766 0.242417 
767 0.254884 
768 0.268010 
769 0.281791 
770 0.296223 
771 0.311308 
772 0.327047 
773 0.343440 
774 0.360492 
775 0.378206 
776 0.396584 
777 0.415631 
778 0.435349 
779 0.455741 
780 0.476809 
781 0.498553 
782 0.520973 
783 0.544067 
784 0.567834 
785 0.592268 
786 0.617363 
787 0.643113 
788 0.669506 
789 0.696532 
790 0.724176 
791 0.752423 
792 0.781254 
793 0.810648 
794 0.840582 
795 0.871029 
796 0.901961 
797 0.933346 
798 0.965150 
799 0.997335 
800 1.029862 
801 1.062686 
802 1.095762 
803 1.129041 
804 1.162470 
805 1.195995 
806 1.229558 
807 1.263099 
808 1.296554 
809 1.329857 
810 1.362941 
811 1.395735 
812 1.428167 
813 1.460162 
814 1.491643 
815 1.522534 
816 1.552755 
817 1.582227 
818 1.610869 
819 1.638599 
820 1.665337 
821 1.691002 
822 1.715512 
823 1.738789 
824 1.760752 
825 1.781325 
826 1.800431 
827 1.817996 
828 1.833948 
829 1.848217 
830 1.860736 
831 1.871440 
832 1.880268 
833 1.887161 
834 1.892065 
835 1.894929 
836 1.895706 
837 1.894354 
838 1.890835 
839 1.885116 
840 1.877171 
841 1.866979 
842 1.854524 
843 1.839800 
844 1.822806 
845 1.803549 
846 1.782045 
847 1.758319 
848 1.732404 
849 1.704343 
850 1.674187 
851 1.642001 
852 1.607857 
853 1.571838 
854 1.534038 
855 1.494561 
856 1.453522 
857 1.411045 
858 1.367265 
859 1.322327 
860 1.276382 
861 1.229593 
862 1.182128 
863 1.134163 
864 1.085878 
865 1.037459 
866 0.989096 
867 0.940979 
868 0.893300 
869 0.846248 
870 0.800011 
871 0.754772 
872 0.710708 
873 0.667989 
874 0.626774 
875 0.587211 
876 0.549436 
877 0.513570 
878 0.479719 
879 0.447971 
880 0.418398 
881 0.391052 
882 0.365969 
883 0.343165 
884 0.322637 
885 0.304368 
886 0.288321 
887 0.274448 
888 0.262687 
889 0.252966 
890 0.245204 
891 0.239314 
892 0.235206 
893 0.232785 
894 0.231960 
895 0.232637 
896 0.234727 
897 0.238146 
898 0.242811 
899 0.248648 
900 0.255585 
901 0.263559 
902 0.272512 
903 0.282389 
904 0.293145 
905 0.304737 
906 0.317128 
907 0.330287 
908 0.344184 
909 0.358794 
910 0.374097 
911 0.390073 
912 0.406707 
913 0.423983 
914 0.441888 
915 0.460412 
916 0.479543 
917 0.499271 
918 0.519585 
919 0.540477 
920 0.561937 
921 0.583952 
922 0.606513 
923 0.629608 
924 0.653223 
925 0.677346 
926 0.701959 
927 0.727048 
928 0.752594 
929 0.778578 
930 0.804978 
931 0.831772 
932 0.858935 
933 0.886440 
934 0.914259 
935 0.942362 
936 0.970716 
937 0.999287 
938 1.028040 
939 1.056934 
940 1.085932 
941 1.114989 
942 1.144062 
943 1.173105 
944 1.202070 
945 1.230907 
946 1.259565 
947 1.287991 
948 1.316130 
949 1.343926 
950 1.371323 
951 1.398260 
952 1.424680 
953 1.450522 
954 1.475725 
955 1.500227 
956 1.523968 
957 1.546884 
958 1.568914 
959 1.589997 
960 1.610072 
961 1.629079 
962 1.646959 
963 1.663653 
964 1.679106 
965 1.693262 
966 1.706070 
967 1.717478 
968 1.727438 
969 1.735906 
970 1.742837 
971 1.748194 
972 1.751939 
973 1.754041 
974 1.754469 
975 1.753200 
976 1.750212 
977 1.745489 
978 1.739019 
979 1.730794 
980 1.720811 
981 1.709073 
982 1.695587 
983 1.680366 
984 1.663427 
985 1.644796 
986 1.624500 
987 1.602575 
988 1.579062 
989 1.554008 
990 1.527465 
991 1.499494 
992 1.470157 
993 1.439527 
994 1.407680 
995 1.374698 
996 1.340670 
997 1.305688 
998 1.269853 
999 1.233266 
1000 1.196035 
1001 1.158273 
1002 1.120096 
1003 1.081621 
1004 1.042969 
1005 1.004265 
1006 0.965633 
1007 0.927197 
1008 0.889082 
1009 0.851414 
1010 0.814315 
1011 0.777905 
1012 0.742302 
1013 0.707618 
1014 0.673964 
1015 0.641442 
1016 0.610149 
1017 0.580177 
1018 0.551607 
1019 0.524515 
1020 0.498967 
1021 0.475021 
1022 0.452724 
1023 0.432116 
1024 0.413226 
1025 0.396072 
1026 0.380665 
1027 0.367006 
1028 0.355086 
1029 0.344890 
1030 0.336391 
1031 0.329560 
1032 0.324358 
1033 0.320742 
1034 0.318663 
1035 0.318070 
1036 0.318908 
1037 0.321121 
1038 0.324650 
1039 0.329438 
1040 0.335426 
1041 0.342558 
1042 0.350778 
1043 0.360034 
1044 0.370273 
1045 0.381447 
1046 0.393511 
1047 0.406421 
1048 0.420136 
1049 0.434620 
1050 0.449836 
1051 0.465751 
1052 0.482336 
1053 0.499562 
1054 0.517402 
1055 0.535830 
1056 0.554824 
1057 0.574361 
1058 0.594419 
1059 0.614976 
1060 0.636012 
1061 0.657507 
1062 0.679439 
1063 0.701789 
1064 0.724535 
1065 0.747657 
1066 0.771131 
1067 0.794935 
1068 0.819045 
1069 0.843438 
1070 0.868087 
1071 0.892965 
1072 0.918046 
1073 0.943299 
1074 0.968695 
1075 0.994203 
1076 1.019788 
1077 1.045418 
1078 1.071057 
1079 1.096668 
1080 1.122214 
1081 1.147656 
1082 1.172953 
1083 1.198064 
1084 1.222946 
1085 1.247557 
1086 1.271852 
1087 1.295786 
1088 1.319313 
1089 1.342387 
1090 1.364961 
1091 1.386986 
1092 1.408417 
1093 1.429204 
1094 1.449301 
1095 1.468658 
1096 1.487230 
1097 1.504969 
1098 1.521828 
1099 1.537763 
1100 1.552728 
1101 1.566680 
1102 1.579577 
1103 1.591378 
1104 1.602044 
1105 1.611538 
1106 1.619825 
1107 1.626871 
1108 1.632645 
1109 1.637120 
1110 1.640270 
1111 1.642072 
1112 1.642506 
1113 1.641556 
1114 1.639208 
1115 1.635452 
1116 1.630282 
1117 1.623695 
1118 1.615692 
1119 1.606276 
1120 1.595458 
1121 1.583248 
1122 1.569665 
1123 1.554727 
1124 1.538461 
1125 1.520893 
1126 1.502058 
1127 1.481992 
1128 1.460736 
1129 1.438336 
1130 1.414839 
1131 1.390299 
1132 1.364772 
1133 1.338320 
1134 1.311006 
1135 1.282897 
1136 1.254064 
1137 1.224582 
1138 1.194526 
1139 1.163976 
1140 1.133013 
1141 1.101723 
1142 1.070190 
1143 1.038501 
1144 1.006745 
1145 0.975011 
1146 0.943389 
1147 0.911968 
1148 0.880838 
1149 0.850087 
1150 0.819803 
1151 0.790071 
1152 0.760975 
1153 0.732597 
1154 0.705015 
1155 0.678305 
1156 0.652537 
1157 0.627780 
1158 0.604096 
1159 0.581545 
1160 0.560180 
1161 0.540049 
1162 0.521195 
1163 0.503656 
1164 0.487463 
1165 0.472642 
1166 0.459213 
1167 0.447191 
1168 0.436583 
1169 0.427393 
1170 0.419617 
1171 0.413249 
1172 0.408274 
1173 0.404675 
1174 0.402431 
1175 0.401516 
1176 0.401899 
1177 0.403550 
1178 0.406431 
1179 0.410506 
1180 0.415736 
1181 0.422079 
1182 0.429493 
1183 0.437937 
1184 0.447368 
1185 0.457742 
1186 0.469019 
1187 0.481155 
1188 0.494110 
1189 0.507845 
1190 0.522320 
1191 0.537498 
1192 0.553342 
1193 0.569818 
1194 0.586890 
1195 0.604526 
1196 0.622694 
1197 0.641364 
1198 0.660505 
1199 0.680088 
1200 0.700085 
1201 0.720468 
1202 0.741208 
1203 0.762280 
1204 0.783655 
1205 0.805306 
1206 0.827207 
1207 0.849330 
1208 0.871648 
1209 0.894132 
1210 0.916754 
1211 0.939485 
1212 0.962297 
1213 0.985159 
1214 1.008040 
1215 1.030910 
1216 1.053736 
1217 1.076486 
1218 1.099126 
1219 1.121624 
1220 1.143944 
1221 1.166051 
1222 1.187910 
1223 1.209484 
1224 1.230737 
1225 1.251632 
1226 1.272131 
1227 1.292197 
1228 1.311791 
1229 1.330877 
1230 1.349415 
1231 1.367368 
1232 1.384698 
1233 1.401368 
1234 1.417341 
1235 1.432579 
1236 1.447048 
1237 1.460712 
1238 1.473537 
1239 1.485489 
1240 1.496536 
1241 1.506648 
1242 1.515794 
1243 1.523947 
1244 1.531081 
1245 1.537170 
1246 1.542192 
1247 1.546127 
1248 1.548955 
1249 1.550660 
1250 1.551228 
1251 1.550647 
1252 1.548909 
1253 1.546007 
1254 1.541937 
1255 1.536698 
1256 1.530293 
1257 1.522725 
1258 1.514004 
1259 1.504139 
1260 1.493145 
1261 1.481039 
1262 1.467840 
1263 1.453572 
1264 1.438262 
1265 1.421938 
1266 1.404632 
1267 1.386381 
1268 1.367222 
1269 1.347197 
1270 1.326349 
1271 1.304724 
1272 1.282373 
1273 1.259346 
1274 1.235698 
1275 1.211485 
1276 1.186764 
1277 1.161597 
1278 1.136044 
1279 1.110170 
1280 1.084039 
1281 1.057717 
1282 1.031271 
1283 1.004769 
1284 0.978277 
1285 0.951866 
1286 0.925602 
1287 0.899554 
1288 0.873790 
1289 0.848376 
1290 0.823378 
1291 0.798861 
1292 0.774887 
1293 0.751518 
1294 0.728813 
1295 0.706829 
1296 0.685619 
1297 0.665237 
1298 0.645730 
1299 0.627144 
1300 0.609522 
1301 0.592903 
1302 0.577321 
1303 0.562809 
1304 0.549394 
1305 0.537100 
1306 0.525947 
1307 0.515951 
1308 0.507124 
1309 0.499474 
1310 0.493006 
1311 0.487721 
1312 0.483614 
1313 0.480679 
1314 0.478906 
1315 0.478281 
1316 0.478789 
1317 0.480409 
1318 0.483120 
1319 0.486897 
1320 0.491713 
1321 0.497541 
1322 0.504349 
1323 0.512106 
1324 0.520779 
1325 0.530334 
1326 0.540736 
1327 0.551950 
1328 0.563939 
1329 0.576669 
1330 0.590102 
1331 0.604203 
1332 0.618937 
1333 0.634266 
1334 0.650158 
1335 0.666576 
1336 0.683486 
1337 0.700856 
1338 0.718651 
1339 0.736839 
1340 0.755388 
1341 0.774267 
1342 0.793443 
1343 0.812886 
1344 0.832565 
1345 0.852450 
1346 0.872511 
1347 0.892719 
1348 0.913042 
1349 0.933452 
1350 0.953918 
1351 0.974411 
1352 0.994901 
1353 1.015359 
1354 1.035753 
1355 1.056054 
1356 1.076232 
1357 1.096255 
1358 1.116093 
1359 1.135715 
1360 1.155090 
1361 1.174187 
1362 1.192975 
1363 1.211421 
1364 1.229495 
1365 1.247166 
1366 1.264401 
1367 1.281169 
1368 1.297441 
1369 1.313183 
1370 1.328367 
1371 1.342962 
1372 1.356938 
1373 1.370266 
1374 1.382918 
1375 1.394866 
1376 1.406083 
1377 1.416543 
1378 1.426220 
1379 1.435092 
1380 1.443134 
1381 1.450325 
1382 1.456646 
1383 1.462077 
1384 1.466601 
1385 1.470202 
1386 1.472867 
1387 1.474583 
1388 1.475340 
1389 1.475130 
1390 1.473947 
1391 1.471786 
1392 1.468645 
1393 1.464524 
1394 1.459425 
1395 1.453354 
1396 1.446317 
1397 1.438324 
1398 1.429385 
1399 1.419516 
1400 1.408732 
1401 1.397053 
1402 1.384499 
1403 1.371095 
1404 1.356866 
1405 1.341840 
1406 1.326048 
1407 1.309522 
1408 1.292297 
1409 1.274411 
1410 1.255902 
1411 1.236810 
1412 1.217179 
1413 1.197052 
1414 1.176475 
1415 1.155496 
1416 1.134164 
1417 1.112528 
1418 1.090639 
1419 1.068549 
1420 1.046311 
1421 1.023978 
1422 1.001603 
1423 0.979241 
1424 0.956947 
1425 0.934773 
1426 0.912774 
1427 0.891004 
1428 0.869516 
1429 0.848360 
1430 0.827590 
1431 0.807255 
1432 0.787405 
1433 0.768085 
1434 0.749344 
1435 0.731224 
1436 0.713769 
1437 0.697018 
1438 0.681009 
1439 0.665780 
1440 0.651361 
1441 0.637786 
1442 0.625082 
1443 0.613275 
1444 0.602387 
1445 0.592439 
1446 0.583447 
1447 0.575427 
1448 0.568390 
1449 0.562343 
1450 0.557294 
1451 0.553244 
1452 0.550194 
1453 0.548141 
1454 0.547080 
1455 0.547002 
1456 0.547897 
1457 0.549752 
1458 0.552553 
1459 0.556281 
1460 0.560918 
1461 0.566443 
1462 0.572831 
1463 0.580060 
1464 0.588103 
1465 0.596933 
1466 0.606521 
1467 0.616838 
1468 0.627854 
1469 0.639538 
1470 0.651858 
1471 0.664783 
1472 0.678280 
1473 0.692316 
1474 0.706858 
1475 0.721874 
1476 0.737332 
1477 0.753197 
1478 0.769437 
1479 0.786021 
1480 0.802915 
1481 0.820089 
1482 0.837509 
1483 0.855144 
1484 0.872964 
1485 0.890938 
1486 0.909034 
1487 0.927222 
1488 0.945473 
1489 0.963756 
1490 0.982042 
1491 1.000301 
1492 1.018504 
1493 1.036621 
1494 1.054625 
1495 1.072486 
1496 1.090176 
1497 1.107666 
1498 1.124928 
1499 1.141934 
1500 1.158656 
1501 1.175066 
1502 1.191137 
1503 1.206842 
1504 1.222154 
1505 1.237045 
1506 1.251490 
1507 1.265463 
1508 1.278938 
1509 1.291891 
1510 1.304295 
1511 1.316129 
1512 1.327368 
1513 1.337989 
1514 1.347972 
1515 1.357294 
1516 1.365936 
1517 1.373879 
1518 1.381104 
1519 1.387594 
1520 1.393334 
1521 1.398308 
1522 1.402503 
1523 1.405908 
1524 1.408511 
1525 1.410303 
1526 1.411276 
1527 1.411425 
1528 1.410744 
1529 1.409232 
1530 1.406886 
1531 1.403708 
1532 1.399699 
1533 1.394864 
1534 1.389210 
1535 1.382744 
1536 1.375475 
1537 1.367417 
1538 1.358581 
1539 1.348985 
1540 1.338645 
1541 1.327580 
1542 1.315812 
1543 1.303363 
1544 1.290258 
1545 1.276525 
1546 1.262190 
1547 1.247283 
1548 1.231837 
1549 1.215883 
1550 1.199457 
1551 1.182593 
1552 1.165329 
1553 1.147704 
1554 1.129755 
1555 1.111524 
1556 1.093051 
1557 1.074378 
1558 1.055549 
1559 1.036605 
1560 1.017592 
1561 0.998551 
1562 0.979529 
1563 0.960567 
1564 0.941712 
1565 0.923006 
1566 0.904492 
1567 0.886215 
1568 0.868216 
1569 0.850538 
1570 0.833221 
1571 0.816305 
1572 0.799828 
1573 0.783830 
1574 0.768346 
1575 0.753411 
1576 0.739058 
1577 0.725320 
1578 0.712227 
1579 0.699806 
1580 0.688084 
1581 0.677087 
1582 0.666835 
1583 0.657351 
1584 0.648651 
1585 0.640752 
1586 0.633669 
1587 0.627412 
1588 0.621991 
1589 0.617414 
1590 0.613685 
1591 0.610807 
1592 0.608781 
1593 0.607605 
1594 0.607276 
1595 0.607788 
1596 0.609132 
1597 0.611300 
1598 0.614279 
1599 0.618056 
1600 0.622616 
1601 0.627941 
1602 0.634015 
1603 0.640815 
1604 0.648323 
1605 0.656514 
1606 0.665365 
1607 0.674851 
1608 0.684947 
1609 0.695627 
1610 0.706862 
1611 0.718625 
1612 0.730887 
1613 0.743619 
1614 0.756793 
1615 0.770377 
1616 0.784342 
1617 0.798659 
1618 0.813296 
1619 0.828224 
1620 0.843413 
1621 0.858831 
1622 0.874450 
1623 0.890239 
1624 0.906168 
1625 0.922208 
1626 0.938330 
1627 0.954505 
1628 0.970704 
1629 0.986898 
1630 1.003060 
1631 1.019160 
1632 1.035173 
1633 1.051070 
1634 1.066824 
1635 1.082409 
1636 1.097799 
1637 1.112967 
1638 1.127888 
1639 1.142537 
1640 1.156889 
1641 1.170918 
1642 1.184602 
1643 1.197916 
1644 1.210838 
1645 1.223344 
1646 1.235413 
1647 1.247022 
1648 1.258151 
1649 1.268778 
1650 1.278885 
1651 1.288453 
1652 1.297462 
1653 1.305895 
1654 1.313735 
1655 1.320966 
1656 1.327574 
1657 1.333544 
1658 1.338864 
1659 1.343520 
1660 1.347503 
1661 1.350802 
1662 1.353409 
1663 1.355316 
1664 1.356518 
1665 1.357010 
1666 1.356788 
1667 1.355850 
1668 1.354196 
1669 1.351826 
1670 1.348743 
1671 1.344950 
1672 1.340453 
1673 1.335259 
1674 1.329376 
1675 1.322813 
1676 1.315583 
1677 1.307697 
1678 1.299172 
1679 1.290021 
1680 1.280264 
1681 1.269918 
1682 1.259005 
1683 1.247545 
1684 1.235563 
1685 1.223083 
1686 1.210129 
1687 1.196730 
1688 1.182914 
1689 1.168709 
1690 1.154147 
1691 1.139258 
1692 1.124074 
1693 1.108629 
1694 1.092957 
1695 1.077091 
1696 1.061067 
1697 1.044921 
1698 1.028688 
1699 1.012404 
1700 0.996107 
1701 0.979832 
1702 0.963616 
1703 0.947495 
1704 0.931506 
1705 0.915685 
1706 0.900067 
1707 0.884688 
1708 0.869582 
1709 0.854782 
1710 0.840323 
1711 0.826235 
1712 0.812551 
1713 0.799301 
1714 0.786514 
1715 0.774218 
1716 0.762439 
1717 0.751203 
1718 0.740534 
1719 0.730454 
1720 0.720984 
1721 0.712143 
1722 0.703950 
1723 0.696420 
1724 0.689568 
1725 0.683405 
1726 0.677944 
1727 0.673193 
1728 0.669159 
1729 0.665848 
1730 0.663263 
1731 0.661407 
1732 0.660279 
1733 0.659878 
1734 0.660201 
1735 0.661242 
1736 0.662995 
1737 0.665452 
1738 0.668602 
1739 0.672434 
1740 0.676936 
1741 0.682092 
1742 0.687888 
1743 0.694306 
1744 0.701329 
1745 0.708936 
1746 0.717109 
1747 0.725824 
1748 0.735060 
1749 0.744795 
1750 0.755003 
1751 0.765662 
1752 0.776744 
1753 0.788226 
1754 0.800080 
1755 0.812281 
1756 0.824801 
1757 0.837614 
1758 0.850692 
1759 0.864008 
1760 0.877535 
1761 0.891246 
1762 0.905112 
1763 0.919108 
1764 0.933205 
1765 0.947377 
1766 0.961597 
1767 0.975839 
1768 0.990077 
1769 1.004284 
1770 1.018434 
1771 1.032504 
1772 1.046466 
1773 1.060297 
1774 1.073972 
1775 1.087468 
1776 1.100759 
1777 1.113824 
1778 1.126640 
1779 1.139183 
1780 1.151433 
1781 1.163366 
1782 1.174964 
1783 1.186204 
1784 1.197067 
1785 1.207533 
1786 1.217584 
1787 1.227201 
1788 1.236367 
1789 1.245065 
1790 1.253278 
1791 1.260992 
1792 1.268190 
1793 1.274860 
1794 1.280988 
1795 1.286562 
1796 1.291570 
1797 1.296003 
1798 1.299851 
1799 1.303105 
1800 1.305759 
1801 1.307805 
1802 1.309239 
1803 1.310056 
1804 1.310255 
1805 1.309832 
1806 1.308788 
1807 1.307123 
1808 1.304839 
1809 1.301939 
1810 1.298429 
1811 1.294313 
1812 1.289598 
1813 1.284294 
1814 1.278409 
1815 1.271954 
1816 1.264941 
1817 1.257385 
1818 1.249299 
1819 1.240698 
1820 1.231602 
1821 1.222026 
1822 1.211991 
1823 1.201517 
1824 1.190626 
1825 1.179339 
1826 1.167681 
1827 1.155676 
1828 1.143348 
1829 1.130725 
1830 1.117833 
1831 1.104699 
1832 1.091351 
1833 1.077820 
1834 1.064132 
1835 1.050319 
1836 1.036411 
1837 1.022437 
1838 1.008428 
1839 0.994415 
1840 0.980428 
1841 0.966499 
1842 0.952657 
1843 0.938934 
1844 0.925359 
1845 0.911962 
1846 0.898773 
1847 0.885820 
1848 0.873132 
1849 0.860736 
1850 0.848660 
1851 0.836930 
1852 0.825570 
1853 0.814606 
1854 0.804061 
1855 0.793958 
1856 0.784317 
1857 0.775159 
1858 0.766503 
1859 0.758367 
1860 0.750767 
1861 0.743718 
1862 0.737235 
1863 0.731329 
1864 0.726012 
1865 0.721293 
1866 0.717181 
1867 0.713682 
1868 0.710801 
1869 0.708542 
1870 0.706907 
1871 0.705898 
1872 0.705513 
1873 0.705751 
1874 0.706608 
1875 0.708078 
1876 0.710157 
1877 0.712836 
1878 0.716105 
1879 0.719956 
1880 0.724376 
1881 0.729353 
1882 0.734874 
1883 0.740922 
1884 0.747483 
1885 0.754539 
1886 0.762072 
1887 0.770064 
1888 0.778495 
1889 0.787345 
1890 0.796593 
1891 0.806217 
1892 0.816195 
1893 0.826504 
1894 0.837122 
1895 0.848023 
1896 0.859186 
1897 0.870585 
1898 0.882197 
1899 0.893996 
1900 0.905960 
1901 0.918062 
1902 0.930279 
1903 0.942587 
1904 0.954961 
1905 0.967379 
1906 0.979815 
1907 0.992247 
1908 1.004651 
1909 1.017006 
1910 1.029288 
1911 1.041476 
1912 1.053548 
1913 1.065482 
1914 1.077258 
1915 1.088854 
1916 1.100250 
1917 1.111426 
1918 1.122361 
1919 1.133038 
1920 1.143435 
1921 1.153535 
1922 1.163320 
1923 1.172771 
1924 1.181872 
1925 1.190605 
1926 1.198954 
1927 1.206904 
1928 1.214440 
1929 1.221546 
1930 1.228211 
1931 1.234420 
1932 1.240162 
1933 1.245425 
1934 1.250199 
1935 1.254473 
1936 1.258240 
1937 1.261491 
1938 1.264219 
1939 1.266418 
1940 1.268084 
1941 1.269212 
1942 1.269800 
1943 1.269845 
1944 1.269347 
1945 1.268306 
1946 1.266724 
1947 1.264603 
1948 1.261946 
1949 1.258758 
1950 1.255046 
1951 1.250816 
1952 1.246075 
1953 1.240834 
1954 1.235102 
1955 1.228891 
1956 1.222212 
1957 1.215080 
1958 1.207509 
1959 1.199514 
1960 1.191111 
1961 1.182317 
1962 1.173151 
1963 1.163632 
1964 1.153779 
1965 1.143614 
1966 1.133156 
1967 1.122429 
1968 1.111455 
1969 1.100257 
1970 1.088859 
1971 1.077285 
1972 1.065560 
1973 1.053709 
1974 1.041758 
1975 1.029732 
1976 1.017657 
1977 1.005559 
1978 0.993465 
1979 0.981399 
1980 0.969389 
1981 0.957460 
1982 0.945638 
1983 0.933949 
1984 0.922417 
1985 0.911069 
1986 0.899927 
1987 0.889015 
1988 0.878359 
1989 0.867979 
1990 0.857898 
1991 0.848138 
1992 0.838719 
1993 0.829661 
1994 0.820983 
1995 0.812703 
1996 0.804837 
1997 0.797403 
1998 0.790415 
1999 0.783888 
