0.0000
0.0000
0.0000
0.0000
0.0000
0.0000
0.0000
0.0000
0.0000
0.0000
0.0000
0.0000
0.0000
0.0000
0.0000
0.0000
0.0000
0.0000
0.0000
0.0000
0.0000
0.0000
0.0000
0.0000
0.0000
0.0000
0.0000
0.0000
0.0000
0.0000
0.0000
0.0000
0.0000
0.0000
0.0000
0.0000
0.0000
0.0000
0.0000
0.0000
0.0000
0.0000
0.0000
0.0000
0.0000
0.0000
0.0000
0.0000
0.0000
0.0034
0.0037
0.0038
0.0040
0.0039
0.0036
0.0036
0.0037
0.0036
0.0036
0.0037
0.0037
0.0036
0.0036
0.0034
0.0033
0.0033
0.0031
0.0031
0.0031
0.0031
0.0031
0.0032
0.0029
0.0027
0.0027
0.0025
0.0023
0.0022
0.0022
0.0022
0.0022
0.0023
0.0023
0.0023
0.0022
0.0022
0.0023
0.0026
0.0032
0.0040
0.0043
0.0044
0.0043
0.0041
0.0039
0.0037
0.0034
0.0032
0.0033
0.0035
0.0038
0.0040
0.0043
0.0045
0.0045
0.0043
0.0040
0.0037
0.0035
0.0035
0.0036
0.0039
0.0041
0.0042
0.0041
0.0040
0.0037
0.0034
0.0034
0.0037
0.0042
0.0052
0.0065
0.0074
0.0082
0.0088
0.0087
0.0085
0.0083
0.0078
0.0079
0.0083
0.0085
0.0088
0.0090
0.0086
0.0082
0.0078
0.0072
0.0068
0.0068
0.0073
0.0085
0.0110
0.0142
0.0176
0.0204
0.0216
0.0221
0.0220
0.0214
0.0214
0.0217
0.0215
0.0222
0.0224
0.0226
0.0215
0.0206
0.0185
0.0167
0.0157
0.0142
0.0134
0.0125
0.0117
0.0103
0.0092
0.0079
0.0068
0.0061
0.0052
0.0045
0.0041
0.0037
0.0034
0.0032
0.0029
0.0027
0.0024
0.0021
0.0019
0.0018
0.0016
0.0015
0.0014
0.0012
0.0011
0.0011
0.0010
0.0010
0.0009
0.0009
0.0008
0.0008
0.0007
0.0007
0.0007
0.0006
0.0006
0.0006
0.0006
0.0006
0.0006
0.0005
0.0005
0.0005
0.0005
0.0005
0.0005
0.0005
0.0004
0.0004
0.0004
0.0004
0.0004
0.0004
0.0004
0.0004
0.0003
0.0003
0.0003
0.0003
0.0003
0.0003
0.0003
0.0003
0.0003
0.0003
0.0003
0.0003
0.0003
0.0003
0.0003
0.0003
0.0003
0.0003
0.0003
0.0003
0.0003
0.0003
0.0003
0.0003
0.0003
0.0003
0.0003
0.0003
0.0003
0.0003
0.0003
0.0003
0.0003
0.0003
0.0003
0.0003
0.0003
0.0003
0.0004
0.0003
0.0003
0.0003
0.0003
0.0004
0.0004
0.0004
0.0004
0.0004
0.0004
0.0004
0.0004
0.0004
0.0004
0.0004
0.0004
0.0004
0.0005
0.0005
0.0005
0.0005
0.0005
0.0005
0.0005
0.0005
0.0005
0.0005
0.0005
0.0005
0.0006
0.0006
0.0006
0.0006
0.0006
0.0006
0.0006
0.0006
0.0006
0.0006
0.0007
0.0006
0.0007
0.0007
0.0007
0.0007
0.0007
0.0007
0.0007
0.0006
0.0006
0.0006
0.0006
0.0006
0.0006
0.0005
0.0005
0.0005
0.0005
0.0004
0.0004
0.0004
0.0004
0.0003
0.0003
0.0003
0.0003
0.0003
0.0003
0.0003
0.0002
0.0002
0.0002
0.0002
0.0002
0.0002
0.0002
0.0002
0.0002
0.0002
0.0001
0.0001
0.0001
0.0001
0.0001
0.0001
0.0001
0.0001
0.0001
0.0001
0.0001
0.0001
0.0001
0.0001
0.0001
0.0001
0.0001
0.0000
0.0000
0.0000
0.0000
0.0000
0.0000
0.0000
0.0000
0.0000
0.0000
0.0000
0.0000
0.0000
0.0000
0.0000
0.0000
0.0000
0.0000
0.0000
0.0000
0.0000
0.0000
0.0000
0.0000
0.0000
0.0000
0.0000
0.0000
0.0000
0.0000
0.0000
0.0000
0.0000
0.0000
0.0000
0.0000
0.0000
0.0000
0.0000
0.0000
0.0000
0.0000
0.0000
0.0000
0.0000
0.0000
