0.085953 0.085953 0.085953 
0.078611 0.078611 0.078611 
0.071895 0.071895 0.071895 
0.065754 0.065754 0.065754 
0.060137 0.060137 0.060137 
0.055000 0.055000 0.055000 
0.050302 0.050302 0.050302 
0.046005 0.046005 0.046005 
0.042075 0.042075 0.042075 
0.038481 0.038481 0.038481 
0.035193 0.035193 0.035193 
0.032187 0.032187 0.032187 
0.029438 0.029438 0.029438 
0.026923 0.026923 0.026923 
0.024623 0.024623 0.024623 
0.022520 0.022520 0.022520 
0.020596 0.020596 0.020596 
0.018837 0.018837 0.018837 
0.017227 0.017227 0.017227 
0.015756 0.015756 0.015756 
0.014410 0.014410 0.014410 
0.013179 0.013179 0.013179 
0.012053 0.012053 0.012053 
0.011024 0.011024 0.011024 
0.010082 0.010082 0.010082 
0.009221 0.009221 0.009221 
0.008433 0.008433 0.008433 
0.007713 0.007713 0.007713 
0.007054 0.007054 0.007054 
0.006451 0.006451 0.006451 
0.005900 0.005900 0.005900 
0.005396 0.005396 0.005396 
0.004935 0.004935 0.004935 
0.004514 0.004514 0.004514 
0.004128 0.004128 0.004128 
0.003775 0.003775 0.003775 
0.003453 0.003453 0.003453 
0.003158 0.003158 0.003158 
0.002888 0.002888 0.002888 
0.002641 0.002641 0.002641 
0.002416 0.002416 0.002416 
0.002209 0.002209 0.002209 
0.002021 0.002021 0.002021 
0.001848 0.001848 0.001848 
0.001690 0.001690 0.001690 
0.001546 0.001546 0.001546 
0.001414 0.001414 0.001414 
0.001293 0.001293 0.001293 
0.001183 0.001183 0.001183 
0.001082 0.001082 0.001082 
0.000989 0.000989 0.000989 
0.000905 0.000905 0.000905 
0.000827 0.000827 0.000827 
0.000757 0.000757 0.000757 
0.000692 0.000692 0.000692 
0.000633 0.000633 0.000633 
0.000579 0.000579 0.000579 
