0.262293 0.262484 0.262531 
0.193437 0.193509 0.193541 
0.142689 0.142729 0.142734 
0.105249 0.105241 0.105244 
0.077650 0.077634 0.077626 
0.057286 0.057254 0.057247 
0.042271 0.042241 0.042230 
0.031191 0.031158 0.031149 
0.023019 0.022991 0.022981 
0.016989 0.016962 0.016954 
0.012540 0.012518 0.012511 
0.009257 0.009237 0.009231 
0.006834 0.006818 0.006813 
0.005045 0.005032 0.005028 
0.003725 0.003714 0.003711 
0.002751 0.002742 0.002739 
0.002032 0.002024 0.002022 
0.001500 0.001495 0.001493 
0.001108 0.001104 0.001102 
0.000819 0.000815 0.000814 
0.000605 0.000602 0.000601 
0.000447 0.000444 0.000444 
0.000330 0.000328 0.000328 
0.000244 0.000242 0.000242 
0.000180 0.000179 0.000179 
0.000133 0.000132 0.000132 
0.000098 0.000098 0.000098 
0.000073 0.000072 0.000072 
0.000054 0.000053 0.000053 
0.000040 0.000039 0.000039 
0.000029 0.000029 0.000029 
0.000022 0.000021 0.000021 
0.000016 0.000016 0.000016 
0.000012 0.000012 0.000012 
0.000009 0.000009 0.000009 
0.000006 0.000006 0.000006 
0.000005 0.000005 0.000005 
0.000004 0.000003 0.000003 
0.000003 0.000003 0.000003 
0.000002 0.000002 0.000002 
0.000001 0.000001 0.000001 
0.000001 0.000001 0.000001 
0.000001 0.000001 0.000001 
0.000001 0.000001 0.000001 
0.000000 0.000000 0.000000 
0.000000 0.000000 0.000000 
0.000000 0.000000 0.000000 
0.000000 0.000000 0.000000 
0.000000 0.000000 0.000000 
0.000000 0.000000 0.000000 
0.000000 0.000000 0.000000 
0.000000 0.000000 0.000000 
0.000000 0.000000 0.000000 
0.000000 0.000000 0.000000 
0.000000 0.000000 0.000000 
0.000000 0.000000 0.000000 
0.000000 0.000000 0.000000 
