0.014684 0.014684 0.014684 
0.014775 0.014775 0.014775 
0.014866 0.014866 0.014866 
0.014958 0.014958 0.014958 
0.015051 0.015051 0.015051 
0.015144 0.015144 0.015144 
0.015238 0.015238 0.015238 
0.015332 0.015332 0.015332 
0.015427 0.015427 0.015427 
0.015523 0.015523 0.015523 
0.015619 0.015619 0.015619 
0.015715 0.015715 0.015715 
0.015813 0.015813 0.015813 
0.015911 0.015911 0.015911 
0.016009 0.016009 0.016009 
0.016108 0.016108 0.016108 
0.016208 0.016208 0.016208 
0.016308 0.016308 0.016308 
0.016409 0.016409 0.016409 
0.016511 0.016511 0.016511 
0.016613 0.016613 0.016613 
0.016716 0.016716 0.016716 
0.016819 0.016819 0.016819 
0.016923 0.016923 0.016923 
0.017028 0.017028 0.017028 
0.017134 0.017134 0.017134 
0.017240 0.017240 0.017240 
0.017346 0.017346 0.017346 
0.017454 0.017454 0.017454 
0.017562 0.017562 0.017562 
0.017671 0.017671 0.017671 
0.017780 0.017780 0.017780 
0.017890 0.017890 0.017890 
0.018001 0.018001 0.018001 
0.018112 0.018112 0.018112 
0.018224 0.018224 0.018224 
0.018337 0.018337 0.018337 
0.018451 0.018451 0.018451 
0.018565 0.018565 0.018565 
0.018680 0.018680 0.018680 
0.018795 0.018795 0.018795 
0.018912 0.018912 0.018912 
0.019029 0.019029 0.019029 
0.019147 0.019147 0.019147 
0.019265 0.019265 0.019265 
0.019384 0.019384 0.019384 
0.019504 0.019504 0.019504 
0.019625 0.019625 0.019625 
0.019747 0.019747 0.019747 
0.019869 0.019869 0.019869 
0.019992 0.019992 0.019992 
0.020116 0.020116 0.020116 
0.020240 0.020240 0.020240 
0.020365 0.020365 0.020365 
0.020492 0.020492 0.020492 
0.020618 0.020618 0.020618 
0.020746 0.020746 0.020746 
