0.001469 0.001470 0.001469 
0.001573 0.001574 0.001573 
0.001684 0.001685 0.001684 
0.001803 0.001804 0.001803 
0.001930 0.001932 0.001931 
0.002067 0.002068 0.002068 
0.002213 0.002215 0.002214 
0.002370 0.002371 0.002370 
0.002537 0.002539 0.002538 
0.002717 0.002718 0.002717 
0.002909 0.002910 0.002909 
0.003114 0.003116 0.003115 
0.003335 0.003336 0.003336 
0.003570 0.003572 0.003571 
0.003823 0.003825 0.003824 
0.004093 0.004095 0.004094 
0.004383 0.004385 0.004384 
0.004693 0.004695 0.004694 
0.005024 0.005027 0.005026 
0.005380 0.005382 0.005381 
0.005760 0.005762 0.005762 
0.006167 0.006170 0.006169 
0.006604 0.006606 0.006605 
0.007071 0.007073 0.007072 
0.007571 0.007573 0.007572 
0.008106 0.008109 0.008108 
0.008679 0.008682 0.008681 
0.009293 0.009296 0.009295 
0.009950 0.009953 0.009952 
0.010654 0.010657 0.010656 
0.011407 0.011410 0.011410 
0.012214 0.012217 0.012216 
0.013078 0.013080 0.013080 
0.014003 0.014005 0.014005 
0.014993 0.014995 0.014995 
0.016053 0.016056 0.016056 
0.017189 0.017191 0.017191 
0.018404 0.018406 0.018407 
0.019706 0.019708 0.019708 
0.021100 0.021101 0.021102 
0.022592 0.022593 0.022594 
0.024190 0.024191 0.024192 
0.025901 0.025901 0.025902 
0.027733 0.027733 0.027734 
0.029694 0.029693 0.029695 
0.031794 0.031793 0.031795 
0.034043 0.034041 0.034043 
0.036451 0.036449 0.036450 
0.039029 0.039025 0.039027 
0.041790 0.041785 0.041787 
0.044746 0.044740 0.044742 
0.047910 0.047904 0.047905 
0.051299 0.051291 0.051293 
0.054927 0.054918 0.054920 
0.058813 0.058801 0.058803 
0.062972 0.062960 0.062961 
0.067427 0.067412 0.067413 
