39.600000 -0.303571 -0.270298 0.774997 0.045180 4.931275 83.502502 92.811257 0.000000 0.000220 0.774777 
39.200000 -0.300000 -0.268136 0.774826 0.044938 4.904388 83.464774 92.832659 0.000000 0.000238 0.774587 
39.600000 -0.300000 -0.270250 0.775984 0.045194 4.932761 83.605270 92.815178 0.000000 0.000224 0.775760 
38.800000 -0.296429 -0.265964 0.774653 0.044694 4.877321 83.426500 92.854500 0.000000 0.000258 0.774395 
39.200000 -0.296429 -0.268097 0.775825 0.044953 4.906000 83.568850 92.836568 0.000000 0.000242 0.775583 
38.400000 -0.292857 -0.263782 0.774478 0.044448 4.850084 83.387732 92.876784 0.000000 0.000279 0.774199 
38.800000 -0.292857 -0.265931 0.775662 0.044710 4.879031 83.531740 92.858415 0.000000 0.000262 0.775401 
38.000000 -0.289286 -0.261591 0.774304 0.044202 4.822687 83.348524 92.899518 0.000000 0.000302 0.774002 
38.400000 -0.289286 -0.263754 0.775498 0.044465 4.851858 83.493974 92.880727 0.000000 0.000283 0.775215 
37.600000 -0.285714 -0.259393 0.774129 0.043953 4.795142 83.308928 92.922706 0.000000 0.000327 0.773802 
38.000000 -0.285714 -0.261565 0.775332 0.044219 4.824489 83.455598 92.903514 0.000000 0.000307 0.775025 
37.600000 -0.282143 -0.259366 0.775164 0.043971 4.796934 83.416666 92.926780 0.000000 0.000332 0.774832 
37.200000 -0.278571 -0.257157 0.774996 0.043721 4.769205 83.377235 92.950533 0.000000 0.000359 0.774637 
36.800000 -0.275000 -0.254940 0.774827 0.043470 4.741313 83.337364 92.974776 0.000000 0.000388 0.774439 
36.400000 -0.271429 -0.252715 0.774659 0.043217 4.713271 83.297109 92.999515 0.000000 0.000420 0.774239 
36.800000 -0.271429 -0.254900 0.775842 0.043485 4.742876 83.442746 92.978995 0.000000 0.000394 0.775448 
36.000000 -0.267857 -0.250484 0.774492 0.042963 4.685090 83.256521 93.024754 0.000000 0.000455 0.774037 
36.400000 -0.267857 -0.252673 0.775680 0.043232 4.714805 83.403050 93.003831 0.000000 0.000427 0.775253 
35.600000 -0.264286 -0.248248 0.774326 0.042708 4.656778 83.215641 93.050501 0.000000 0.000492 0.773833 
36.000000 -0.264286 -0.250437 0.775518 0.042977 4.686557 83.362857 93.029198 0.000000 0.000462 0.775056 
35.200000 -0.260714 -0.246006 0.774161 0.042452 4.628345 83.174496 93.076764 0.000000 0.000532 0.773629 
35.600000 -0.260714 -0.248193 0.775356 0.042722 4.658146 83.322232 93.055102 0.000000 0.000500 0.774856 
35.200000 -0.257143 -0.245942 0.775195 0.042464 4.629584 83.281235 93.081546 0.000000 0.000541 0.774654 
34.800000 -0.253571 -0.243685 0.775035 0.042206 4.600883 83.239917 93.108536 0.000000 0.000585 0.774449 
34.400000 -0.250000 -0.241423 0.774877 0.041946 4.572054 83.198319 93.136081 0.000001 0.000633 0.774243 
34.000000 -0.246429 -0.239157 0.774720 0.041685 4.543105 83.156465 93.164189 0.000001 0.000684 0.774036 
34.400000 -0.246429 -0.241349 0.775891 0.041957 4.573097 83.302782 93.141019 0.000001 0.000643 0.775247 
33.600000 -0.242857 -0.236887 0.774567 0.041424 4.514038 83.114362 93.192873 0.000001 0.000740 0.773826 
34.000000 -0.242857 -0.239072 0.775737 0.041694 4.543993 83.260960 93.169341 0.000001 0.000695 0.775041 
33.200000 -0.239286 -0.234614 0.774415 0.041161 4.484854 83.072001 93.222148 0.000001 0.000800 0.773614 
33.600000 -0.239286 -0.236789 0.775585 0.041431 4.514754 83.218837 93.198261 0.000001 0.000752 0.774832 
32.800000 -0.235714 -0.232337 0.774266 0.040897 4.455550 83.029353 93.252033 0.000001 0.000865 0.773400 
33.200000 -0.235714 -0.234503 0.775436 0.041167 4.485390 83.176447 93.227785 0.000001 0.000813 0.774621 
32.400000 -0.232143 -0.230056 0.774118 0.040632 4.426119 82.986374 93.282552 0.000001 0.000935 0.773182 
32.800000 -0.232143 -0.232212 0.775289 0.040901 4.455906 83.133807 93.257926 0.000001 0.000880 0.774408 
32.400000 -0.228571 -0.229919 0.775144 0.040635 4.426305 83.090915 93.288699 0.000001 0.000951 0.774192 
32.000000 -0.225000 -0.227623 0.775003 0.040367 4.396585 83.047748 93.320125 0.000001 0.001028 0.773973 
31.600000 -0.221429 -0.225323 0.774863 0.040098 4.366740 83.004261 93.352226 0.000002 0.001111 0.773751 
31.200000 -0.217857 -0.223020 0.774726 0.039828 4.336760 82.960394 93.385033 0.000002 0.001201 0.773523 
31.600000 -0.217857 -0.225172 0.775868 0.040099 4.366666 83.106155 93.358654 0.000002 0.001130 0.774736 
30.800000 -0.214286 -0.220713 0.774590 0.039557 4.306630 82.916071 93.418579 0.000002 0.001298 0.773290 
31.200000 -0.214286 -0.222857 0.775734 0.039827 4.336514 83.062383 93.391736 0.000002 0.001222 0.774510 
30.400000 -0.210714 -0.218400 0.774455 0.039284 4.276334 82.871207 93.452901 0.000002 0.001402 0.773051 
30.800000 -0.210714 -0.220538 0.775603 0.039554 4.306239 83.018300 93.425541 0.000002 0.001320 0.774280 
30.000000 -0.207143 -0.216080 0.774321 0.039010 4.245854 82.825709 93.488041 0.000003 0.001515 0.772803 
30.400000 -0.207143 -0.218217 0.775474 0.039281 4.275830 82.973844 93.460101 0.000003 0.001427 0.774045 
29.600000 -0.203571 -0.213753 0.774187 0.038733 4.215171 82.779486 93.524043 0.000003 0.001637 0.772547 
30.000000 -0.203571 -0.215892 0.775348 0.039006 4.245272 82.928932 93.495452 0.000003 0.001542 0.773803 
29.200000 -0.200000 -0.211418 0.774053 0.038455 4.184268 82.732454 93.560954 0.000004 0.001769 0.772279 
29.600000 -0.200000 -0.213561 0.775223 0.038729 4.214547 82.883470 93.531637 0.000003 0.001666 0.773553 
29.200000 -0.196429 -0.211225 0.775098 0.038450 4.183634 82.837355 93.568703 0.000004 0.001800 0.773294 
28.800000 -0.192857 -0.208881 0.774974 0.038170 4.152512 82.790484 93.606700 0.000005 0.001945 0.773025 
28.400000 -0.189286 -0.206529 0.774850 0.037888 4.121161 82.742757 93.645681 0.000006 0.002102 0.772743 
28.800000 -0.189286 -0.208671 0.775986 0.038163 4.151554 82.891436 93.614731 0.000005 0.001979 0.774002 
28.000000 -0.185714 -0.204167 0.774725 0.037603 4.089560 82.694089 93.685700 0.000006 0.002271 0.772448 
28.400000 -0.185714 -0.206318 0.775872 0.037880 4.120190 82.844587 93.653879 0.000006 0.002138 0.773728 
27.600000 -0.182143 -0.201795 0.774600 0.037316 4.057693 82.644408 93.726811 0.000008 0.002454 0.772138 
28.000000 -0.182143 -0.203958 0.775758 0.037596 4.088609 82.796937 93.694037 0.000007 0.002310 0.773441 
27.200000 -0.178571 -0.199411 0.774473 0.037027 4.025549 82.593663 93.769066 0.000009 0.002652 0.771812 
27.600000 -0.178571 -0.201589 0.775644 0.037309 4.056787 82.748375 93.735265 0.000008 0.002495 0.773141 
26.800000 -0.175000 -0.197016 0.774346 0.036735 3.993120 82.541829 93.812515 0.000010 0.002866 0.771469 
27.200000 -0.175000 -0.199210 0.775530 0.037020 4.024701 82.698800 93.777625 0.000009 0.002696 0.772824 
26.400000 -0.171429 -0.194610 0.774218 0.036440 3.960402 82.488901 93.857204 0.000012 0.003097 0.771108 
26.800000 -0.171429 -0.196820 0.775415 0.036729 3.992333 82.648133 93.821178 0.000011 0.002913 0.772491 
26.000000 -0.167857 -0.192193 0.774090 0.036143 3.927399 82.434895 93.903176 0.000014 0.003347 0.770728 
26.400000 -0.167857 -0.194418 0.775298 0.036435 3.959669 82.596315 93.865986 0.000012 0.003148 0.772138 
26.000000 -0.164286 -0.192005 0.775182 0.036138 3.926701 82.543318 93.912103 0.000015 0.003402 0.771765 
25.600000 -0.160714 -0.189579 0.775065 0.035838 3.893425 82.489139 93.959582 0.000017 0.003676 0.771371 
25.200000 -0.157143 -0.187143 0.774948 0.035535 3.859846 82.433799 94.008470 0.000020 0.003973 0.770955 
24.800000 -0.153571 -0.184696 0.774831 0.035230 3.825971 82.377338 94.058812 0.000023 0.004293 0.770515 
24.400000 -0.150000 -0.182240 0.774717 0.034922 3.791812 82.319806 94.110647 0.000027 0.004639 0.770051 
24.800000 -0.150000 -0.184494 0.775909 0.035222 3.824976 82.483468 94.068444 0.000024 0.004362 0.771523 
24.000000 -0.146429 -0.179776 0.774605 0.034612 3.757382 82.261257 94.164017 0.000032 0.005012 0.769561 
24.400000 -0.146429 -0.182038 0.775803 0.034914 3.790784 82.426571 94.120536 0.000028 0.004714 0.771062 
23.600000 -0.142857 -0.177306 0.774496 0.034300 3.722691 82.201730 94.218966 0.000037 0.005415 0.769044 
24.000000 -0.142857 -0.179571 0.775699 0.034603 3.756281 82.368479 94.174223 0.000033 0.005093 0.770573 
23.200000 -0.139286 -0.174830 0.774391 0.033985 3.687749 82.141249 94.275544 0.000043 0.005849 0.768499 
23.600000 -0.139286 -0.177095 0.775596 0.034290 3.721483 82.309253 94.229549 0.000038 0.005503 0.770055 
22.800000 -0.135714 -0.172349 0.774290 0.033668 3.652560 82.079808 94.333809 0.000050 0.006317 0.767923 
23.200000 -0.135714 -0.174611 0.775497 0.033974 3.686404 82.248952 94.286557 0.000045 0.005945 0.769507 
22.400000 -0.132143 -0.169864 0.774193 0.033348 3.617122 82.017369 94.393832 0.000059 0.006821 0.767314 
22.800000 -0.132143 -0.172122 0.775402 0.033655 3.651058 82.187622 94.345294 0.000052 0.006422 0.768928 
22.000000 -0.128571 -0.167375 0.774101 0.033026 3.581425 81.953859 94.455696 0.000069 0.007364 0.766669 
22.400000 -0.128571 -0.169627 0.775310 0.033334 3.615456 82.125282 94.405817 0.000061 0.006935 0.768315 
21.600000 -0.125000 -0.164880 0.774012 0.032702 3.545455 81.889178 94.519501 0.000080 0.007949 0.765984 
22.000000 -0.125000 -0.167129 0.775224 0.033011 3.579599 82.061915 94.468192 0.000071 0.007488 0.767665 
21.600000 -0.121429 -0.164626 0.775143 0.032685 3.543483 81.997464 94.532504 0.000083 0.008083 0.766976 
21.200000 -0.117857 -0.162120 0.775066 0.032357 3.507095 81.931832 94.598854 0.000097 0.008725 0.766244 
20.800000 -0.114286 -0.159608 0.774993 0.032026 3.470414 81.864891 94.667362 0.000113 0.009416 0.765465 
20.400000 -0.110714 -0.157091 0.774925 0.031693 3.433414 81.796488 94.738162 0.000131 0.010160 0.764634 
20.000000 -0.107143 -0.154567 0.774860 0.031356 3.396068 81.726462 94.811403 0.000153 0.010962 0.763745 
19.600000 -0.103571 -0.152034 0.774799 0.031015 3.358348 81.654661 94.887243 0.000178 0.011827 0.762794 
20.000000 -0.103571 -0.154284 0.775981 0.031333 3.393486 81.831706 94.826397 0.000158 0.011146 0.764676 
19.200000 -0.100000 -0.149492 0.774740 0.030671 3.320230 81.580952 94.965842 0.000208 0.012758 0.761774 
19.600000 -0.100000 -0.151750 0.775929 0.030992 3.355701 81.760477 94.902710 0.000184 0.012024 0.763721 
18.800000 -0.096429 -0.146941 0.774686 0.030323 3.281697 81.505236 95.047358 0.000242 0.013762 0.760681 
19.200000 -0.096429 -0.149207 0.775881 0.030648 3.317532 81.687393 94.981776 0.000214 0.012970 0.762697 
18.400000 -0.092857 -0.144381 0.774635 0.029971 3.242739 81.427446 95.131947 0.000282 0.014844 0.759509 
18.800000 -0.092857 -0.146656 0.775837 0.030300 3.278952 81.612294 95.063777 0.000250 0.013989 0.761598 
18.000000 -0.089286 -0.141811 0.774589 0.029616 3.203355 81.347544 95.219759 0.000329 0.016008 0.758253 
18.400000 -0.089286 -0.144094 0.775797 0.029947 3.239937 81.535052 95.148894 0.000291 0.015087 0.760419 
17.600000 -0.085714 -0.139234 0.774549 0.029256 3.163546 81.265510 95.310945 0.000383 0.017260 0.756906 
18.000000 -0.085714 -0.141523 0.775761 0.029591 3.200475 81.455583 95.237298 0.000339 0.016270 0.759152 
17.200000 -0.082143 -0.136650 0.774516 0.028892 3.123317 81.181320 95.405662 0.000446 0.018606 0.755464 
17.600000 -0.082143 -0.138943 0.775730 0.029230 3.160562 81.373841 95.329158 0.000395 0.017542 0.757793 
16.800000 -0.078571 -0.134060 0.774490 0.028524 3.082668 81.094927 95.504081 0.000519 0.020053 0.753918 
17.200000 -0.078571 -0.136354 0.775705 0.028865 3.120201 81.289803 95.424635 0.000460 0.018911 0.756334 
16.400000 -0.075000 -0.131465 0.774472 0.028153 3.041597 81.006246 95.606401 0.000603 0.021606 0.752263 
16.800000 -0.075000 -0.133758 0.775687 0.028496 3.079399 81.203453 95.523896 0.000535 0.020382 0.754770 
16.000000 -0.071429 -0.128865 0.774462 0.027777 3.000089 80.915142 95.712847 0.000702 0.023273 0.750488 
16.400000 -0.071429 -0.131156 0.775677 0.028123 3.038161 81.114750 95.627121 0.000623 0.021961 0.753093 
15.600000 -0.067857 -0.126260 0.774461 0.027397 2.958123 80.821434 95.823685 0.000816 0.025061 0.748584 
16.000000 -0.067857 -0.128550 0.775676 0.027745 2.996483 81.023610 95.734521 0.000724 0.023656 0.751296 
15.200000 -0.064286 -0.123649 0.774468 0.027012 2.915671 80.724909 95.939210 0.000948 0.026980 0.746540 
15.600000 -0.064286 -0.125939 0.775683 0.027364 2.954353 80.929892 95.846340 0.000842 0.025474 0.749368 
14.800000 -0.060714 -0.121032 0.774485 0.026622 2.872704 80.625340 96.059746 0.001102 0.029038 0.744345 
15.200000 -0.060714 -0.123323 0.775700 0.026977 2.911748 80.833397 95.962868 0.000978 0.027423 0.747299 
14.400000 -0.057143 -0.118408 0.774511 0.026228 2.829192 80.522507 96.185635 0.001279 0.031244 0.741987 
14.800000 -0.057143 -0.120701 0.775727 0.026586 2.868638 80.733888 96.084432 0.001137 0.029513 0.745077 
14.000000 -0.053571 -0.115777 0.774547 0.025827 2.785114 80.416214 96.317227 0.001485 0.033608 0.739454 
14.400000 -0.053571 -0.118074 0.775763 0.026190 2.824988 80.631108 96.211391 0.001320 0.031753 0.742690 
13.600000 -0.050000 -0.113139 0.774593 0.025421 2.740453 80.306289 96.454883 0.001724 0.036138 0.736732 
14.000000 -0.050000 -0.115439 0.775809 0.025789 2.780766 80.524815 96.344123 0.001533 0.034152 0.740124 
13.200000 -0.046429 -0.110495 0.774652 0.025010 2.695197 80.192570 96.598973 0.002000 0.038844 0.733808 
13.600000 -0.046429 -0.112797 0.775866 0.025381 2.735950 80.414793 96.483013 0.001779 0.036721 0.737366 
12.800000 -0.042857 -0.107846 0.774724 0.024592 2.649336 80.074882 96.749896 0.002319 0.041735 0.730670 
13.200000 -0.042857 -0.110149 0.775935 0.024968 2.690522 80.300860 96.628451 0.002063 0.039469 0.734403 
12.400000 -0.039286 -0.105191 0.774809 0.024169 2.602853 79.953015 96.908088 0.002687 0.044821 0.727301 
12.000000 -0.035714 -0.102532 0.774910 0.023739 2.555728 79.826706 97.074040 0.003111 0.048113 0.723686 
11.600000 -0.032143 -0.099868 0.775027 0.023302 2.507930 79.695644 97.248299 0.003601 0.051620 0.719806 
11.200000 -0.028571 -0.097199 0.775160 0.022858 2.459428 79.559493 97.431464 0.004165 0.055353 0.715642 
10.400000 -0.025000 -0.092222 0.774069 0.022003 2.366134 79.160030 97.785279 0.005391 0.062555 0.706122 
10.800000 -0.025000 -0.094525 0.775311 0.022407 2.410190 79.417907 97.624169 0.004814 0.059322 0.711175 
10.000000 -0.021429 -0.089544 0.774248 0.021538 2.315585 79.007437 97.996793 0.006223 0.066963 0.701062 
10.400000 -0.021429 -0.091845 0.775481 0.021948 2.360188 79.270550 97.827080 0.005560 0.063537 0.706384 
9.600000 -0.017857 -0.086862 0.774448 0.021066 2.264236 78.848504 98.219791 0.007176 0.071631 0.695641 
10.000000 -0.017857 -0.089162 0.775671 0.021482 2.309399 79.117084 98.040898 0.006416 0.068007 0.701248 
9.200000 -0.014286 -0.084175 0.774672 0.020584 2.212057 78.682832 98.455079 0.008268 0.076566 0.689838 
9.600000 -0.014286 -0.086474 0.775883 0.021007 2.257799 78.957155 98.266367 0.007399 0.072738 0.695746 
8.800000 -0.010714 -0.081485 0.774921 0.020094 2.159019 78.509991 98.703524 0.009518 0.081775 0.683628 
8.400000 -0.007143 -0.078791 0.775196 0.019595 2.105090 78.329535 98.966046 0.010945 0.087263 0.676989 
7.600000 -0.003571 -0.073804 0.774274 0.018637 2.002083 77.835339 99.475865 0.013999 0.097635 0.662640 
8.000000 -0.003571 -0.076094 0.775500 0.019085 2.050242 78.141012 99.243612 0.012572 0.093031 0.669896 
7.200000 0.000000 -0.071106 0.774626 0.018110 1.945627 77.631067 99.782961 0.016045 0.103895 0.654686 
7.600000 0.000000 -0.073394 0.775833 0.018566 1.994450 77.943965 99.537233 0.014424 0.099082 0.662326 
6.800000 0.003571 -0.068406 0.775011 0.017572 1.888186 77.417469 100.108058 0.018366 0.110431 0.646214 
6.000000 0.007143 -0.063427 0.774209 0.016545 1.778987 76.852247 100.739894 0.023270 0.122570 0.628369 
6.400000 0.007143 -0.065703 0.775432 0.017023 1.829738 77.194055 100.452305 0.020993 0.117236 0.637203 
5.600000 0.010714 -0.060726 0.774693 0.015976 1.718812 76.610169 101.121394 0.026524 0.129810 0.618358 
6.000000 0.010714 -0.062999 0.775890 0.016462 1.770263 76.960346 100.816881 0.023960 0.124299 0.627632 
5.200000 0.014286 -0.058024 0.775218 0.015394 1.657592 76.357049 101.525380 0.030183 0.137278 0.607757 
4.400000 0.017857 -0.053064 0.774585 0.014289 1.541947 75.710295 102.309133 0.037790 0.150822 0.585974 
4.800000 0.017857 -0.055320 0.775786 0.014800 1.595322 76.092465 101.953063 0.034285 0.144951 0.596551 
4.000000 0.021429 -0.050364 0.775231 0.013673 1.477950 75.424719 102.782135 0.042775 0.158768 0.573688 
3.200000 0.025000 -0.045427 0.774729 0.012508 1.357778 74.711400 103.696268 0.052990 0.172843 0.548897 
3.600000 0.025000 -0.047663 0.775925 0.013043 1.412930 75.126859 103.282013 0.048317 0.166826 0.560782 
2.400000 0.028571 -0.040512 0.774284 0.011305 1.235054 73.952225 104.700524 0.065135 0.186909 0.522240 
2.800000 0.028571 -0.042732 0.775510 0.011855 1.291160 74.391912 104.246575 0.059612 0.180972 0.534926 
2.000000 0.032143 -0.037824 0.775156 0.010630 1.167000 73.611547 105.303585 0.072950 0.194943 0.507263 
1.200000 0.035714 -0.032943 0.774862 0.009370 1.040874 72.787462 106.455394 0.088491 0.208405 0.477966 
0.400000 0.039286 -0.028091 0.774623 0.008077 0.913325 71.922885 107.701831 0.106341 0.220996 0.447286 
0.800000 0.039286 -0.030264 0.775881 0.008661 0.970952 72.415652 107.142669 0.098357 0.215918 0.461606 
-0.400000 0.042857 -0.023274 0.774429 0.006756 0.785005 71.022654 109.039667 0.126531 0.232346 0.415552 
-0.000000 0.042857 -0.025423 0.775734 0.007350 0.842675 71.534560 108.441888 0.117573 0.227903 0.430258 
-1.200000 0.046429 -0.018495 0.774265 0.005413 0.656660 70.093166 110.462245 0.149008 0.242101 0.383156 
-0.800000 0.046429 -0.020618 0.775629 0.006013 0.714013 70.621301 109.829371 0.139123 0.238444 0.398062 
-2.000000 0.050000 -0.013758 0.774111 0.004055 0.529100 69.142156 111.959360 0.173621 0.249951 0.350539 
-1.600000 0.050000 -0.015851 0.775548 0.004658 0.585753 69.683083 111.296453 0.162899 0.247208 0.365442 
-2.400000 0.053571 -0.011128 0.775468 0.003292 0.458724 68.728280 112.830977 0.188697 0.253914 0.332857 
-3.200000 0.057143 -0.006453 0.775363 0.001923 0.333756 67.765983 114.417674 0.216222 0.258363 0.300777 
-4.000000 0.060714 -0.001830 0.775203 0.000568 0.211638 66.805472 116.038866 0.245104 0.260446 0.269653 
-4.800000 0.064286 0.002737 0.774959 0.000805 0.093081 65.855649 117.675416 0.274916 0.260153 0.239890 
-5.600000 0.067857 0.007244 0.774600 0.002128 0.021312 64.924535 119.307816 0.305205 0.257568 0.211828 
-6.400000 0.071429 0.011686 0.774099 0.003426 0.131066 64.018860 120.917277 0.335516 0.252859 0.185724 
-6.800000 0.075000 0.014213 0.775641 0.004159 0.191668 63.673982 121.814500 0.353441 0.249938 0.172262 
-7.600000 0.078571 0.018563 0.774974 0.005405 0.293902 62.824227 123.355915 0.383094 0.242392 0.149488 
-8.400000 0.082143 0.022841 0.774110 0.006608 0.390891 62.010451 124.835417 0.411766 0.233392 0.128953 
-8.800000 0.085714 0.025314 0.775629 0.007292 0.444998 61.730977 125.646705 0.428712 0.228350 0.118567 
-9.600000 0.089286 0.029493 0.774546 0.008427 0.534139 60.982538 127.011130 0.455447 0.217675 0.101424 
-10.800000 0.096429 0.036013 0.774713 0.010140 0.665904 60.060506 128.988803 0.495664 0.200205 0.078844 
-12.000000 0.103571 0.042400 0.774607 0.011746 0.786870 59.239071 130.759541 0.531974 0.181950 0.060683 
-13.200000 0.110714 0.048657 0.774237 0.013247 0.897926 58.509356 132.327069 0.564225 0.163697 0.046316 
-13.600000 0.114286 0.051008 0.775615 0.013797 0.938015 58.382841 132.849839 0.576144 0.157488 0.041983 
-14.800000 0.121429 0.057111 0.774977 0.015169 1.037439 57.764472 134.161495 0.603116 0.140113 0.031748 
-16.000000 0.128571 0.063093 0.774120 0.016452 1.129223 57.212404 135.306386 0.626411 0.123831 0.023878 
-16.400000 0.132143 0.065387 0.775436 0.016935 1.163504 57.149152 135.686439 0.635432 0.118462 0.021543 
-17.600000 0.139286 0.071230 0.774382 0.018112 1.246581 56.674989 136.635667 0.654334 0.103941 0.016108 
-18.000000 0.142857 0.073498 0.775670 0.018565 1.278277 56.638461 136.951029 0.661959 0.099206 0.014505 
-19.200000 0.150000 0.079210 0.774455 0.019649 1.354048 56.226147 137.739336 0.677099 0.086559 0.010797 
-19.600000 0.153571 0.081454 0.775724 0.020075 1.383609 56.211106 138.001931 0.683547 0.082469 0.009708 
-20.800000 0.160714 0.087044 0.774381 0.021080 1.453239 55.847493 138.659869 0.695533 0.071646 0.007201 
-21.200000 0.164286 0.089266 0.775640 0.021483 1.481038 55.849720 138.879884 0.701005 0.068167 0.006468 
-22.400000 0.171429 0.094740 0.774193 0.022419 1.545477 55.524389 139.432933 0.710384 0.059023 0.004786 
-22.800000 0.175000 0.096944 0.775450 0.022802 1.571814 55.540563 139.618717 0.715058 0.056098 0.004295 
-24.400000 0.185714 0.104493 0.775179 0.024045 1.656947 55.272926 140.245708 0.726326 0.046009 0.002845 
-26.000000 0.196429 0.111922 0.774846 0.025222 1.737248 55.038504 140.782502 0.735331 0.037635 0.001880 
-27.600000 0.207143 0.119235 0.774465 0.026340 1.813375 54.830884 141.246130 0.742501 0.030723 0.001241 
-28.000000 0.210714 0.121388 0.775717 0.026677 1.836348 54.875413 141.359676 0.745465 0.029140 0.001112 
-29.200000 0.217857 0.126437 0.774048 0.027407 1.885858 54.645107 141.649961 0.748189 0.025041 0.000818 
-29.600000 0.221429 0.128577 0.775311 0.027734 1.908113 54.695921 141.749404 0.750836 0.023743 0.000733 
-31.200000 0.232143 0.135661 0.774879 0.028747 1.976766 54.533525 142.092264 0.755073 0.019323 0.000483 
-32.800000 0.242857 0.142642 0.774426 0.029720 2.042647 54.385372 142.396071 0.758396 0.015713 0.000318 
-33.200000 0.246429 0.144755 0.775691 0.030028 2.063562 54.445297 142.471677 0.760516 0.014890 0.000285 
-34.800000 0.257143 0.151627 0.775237 0.030958 2.126496 54.313087 142.734775 0.762951 0.012098 0.000187 
-36.400000 0.267857 0.158403 0.774770 0.031856 2.187232 54.190607 142.971222 0.764821 0.009825 0.000123 
-38.000000 0.278571 0.165085 0.774293 0.032726 2.245963 54.076464 143.184858 0.766235 0.007977 0.000081 
-38.400000 0.282143 0.167165 0.775576 0.033014 2.265511 54.145686 143.238663 0.767946 0.007556 0.000073 
-40.000000 0.292857 0.173747 0.775106 0.033852 2.322094 54.041542 143.427828 0.768926 0.006133 0.000048 
-41.600000 0.303571 0.180241 0.774631 0.034665 2.377016 53.943432 143.600533 0.769623 0.004977 0.000031 
-42.000000 0.307143 0.182299 0.775916 0.034943 2.395835 54.016451 143.644303 0.771173 0.004714 0.000028 
-43.200000 0.314286 0.186647 0.774150 0.035456 2.430395 53.850612 143.758837 0.770092 0.004038 0.000021 
-43.600000 0.317857 0.188698 0.775450 0.035730 2.448971 53.925926 143.799060 0.771607 0.003825 0.000019 
-45.200000 0.328571 0.195012 0.774980 0.036496 2.500697 53.839910 143.941559 0.771865 0.003103 0.000012 
-46.800000 0.339286 0.201243 0.774507 0.037243 2.551101 53.757894 144.073200 0.771982 0.002517 0.000008 
-47.200000 0.342857 0.203273 0.775808 0.037509 2.569129 53.835605 144.106806 0.773416 0.002385 0.000007 
-48.400000 0.350000 0.207391 0.774032 0.037972 2.600266 53.679445 144.195178 0.771984 0.002042 0.000005 
-48.800000 0.353571 0.209416 0.775346 0.038235 2.618119 53.758988 144.226379 0.773407 0.001935 0.000005 
-50.400000 0.364286 0.215478 0.774883 0.038944 2.665958 53.685469 144.337562 0.773310 0.001569 0.000003 
-52.000000 0.375000 0.221462 0.774418 0.039637 2.712708 53.614738 144.441207 0.773142 0.001273 0.000002 
-52.400000 0.378571 0.223467 0.775732 0.039894 2.730130 53.695801 144.467814 0.774524 0.001206 0.000002 
-54.000000 0.389286 0.229368 0.775278 0.040570 2.775722 53.629119 144.562954 0.774299 0.000979 0.000001 
-55.600000 0.400000 0.235192 0.774824 0.041231 2.820347 53.564654 144.652100 0.774029 0.000794 0.000001 
-57.200000 0.410714 0.240942 0.774368 0.041879 2.864050 53.502204 144.735797 0.773724 0.000644 0.000001 
-57.600000 0.414286 0.242924 0.775693 0.042129 2.880994 53.585737 144.757380 0.775082 0.000610 0.000000 
-59.200000 0.425000 0.248595 0.775250 0.042762 2.923724 53.526453 144.834857 0.774754 0.000495 0.000000 
