39.600000 -0.432143 -0.249807 0.675333 0.040934 4.470804 72.886711 92.655122 0.000000 0.000102 0.675230 
37.600000 -0.410714 -0.240529 0.675265 0.039918 4.357991 72.801488 92.754322 0.000000 0.000154 0.675111 
35.600000 -0.389286 -0.231083 0.675270 0.038876 4.242269 72.716412 92.863553 0.000000 0.000232 0.675038 
33.600000 -0.367857 -0.221468 0.675357 0.037806 4.123415 72.631267 92.984378 0.000000 0.000349 0.675008 
31.600000 -0.346429 -0.211680 0.675537 0.036706 4.001170 72.545740 93.118702 0.000000 0.000525 0.675012 
31.200000 -0.342857 -0.209340 0.674076 0.036413 3.968770 72.367846 93.145822 0.000000 0.000565 0.673510 
29.600000 -0.325000 -0.201715 0.675820 0.035573 3.875236 72.459382 93.268867 0.000001 0.000788 0.675031 
29.200000 -0.321429 -0.199365 0.674381 0.035276 3.842385 72.281522 93.299292 0.000001 0.000850 0.673531 
27.200000 -0.300000 -0.189210 0.674811 0.034102 3.711906 72.193783 93.472147 0.000002 0.001276 0.673533 
25.200000 -0.278571 -0.178872 0.675383 0.032887 3.576904 72.103711 93.668228 0.000005 0.001915 0.673463 
22.800000 -0.253571 -0.165963 0.674758 0.031313 3.402091 71.829758 93.938533 0.000014 0.003093 0.671652 
20.800000 -0.232143 -0.155241 0.675736 0.029995 3.255636 71.730577 94.204717 0.000031 0.004631 0.671074 
20.400000 -0.228571 -0.152843 0.674407 0.029671 3.219878 71.547700 94.259798 0.000036 0.004986 0.669385 
18.400000 -0.207143 -0.141922 0.675684 0.028285 3.065954 71.439931 94.580657 0.000081 0.007451 0.668152 
18.000000 -0.203571 -0.139514 0.674404 0.027951 3.029039 71.254200 94.647602 0.000094 0.008018 0.666292 
15.600000 -0.178571 -0.125975 0.674848 0.026137 2.827961 70.943695 95.124465 0.000242 0.012846 0.661759 
13.200000 -0.153571 -0.112229 0.675877 0.024207 2.614463 70.606851 95.724003 0.000622 0.020465 0.654790 
12.800000 -0.150000 -0.109807 0.674769 0.023841 2.574090 70.410388 95.833714 0.000720 0.021979 0.652070 
10.000000 -0.121429 -0.093431 0.675786 0.021349 2.299782 69.817714 96.792851 0.002107 0.037130 0.636549 
9.600000 -0.117857 -0.091010 0.674854 0.020952 2.256277 69.607819 96.950875 0.002432 0.039773 0.632649 
5.200000 -0.075000 -0.064819 0.675546 0.016343 1.755663 67.946910 99.422696 0.011919 0.084240 0.579388 
4.800000 -0.071429 -0.062424 0.675106 0.015873 1.705240 67.697962 99.723197 0.013628 0.089499 0.571979 
4.400000 -0.067857 -0.060033 0.674719 0.015395 1.654143 67.444184 100.041158 0.015564 0.094987 0.564169 
4.000000 -0.064286 -0.057647 0.674392 0.014909 1.602357 67.185459 100.377699 0.017752 0.100699 0.555942 
3.600000 -0.060714 -0.055266 0.674129 0.014414 1.549866 66.921680 100.733979 0.020220 0.106627 0.547282 
1.200000 -0.039286 -0.041084 0.674166 0.011255 1.219632 65.229460 103.352953 0.042677 0.145898 0.485590 
0.800000 -0.035714 -0.038737 0.674488 0.010694 1.162049 64.929270 103.880414 0.048018 0.152837 0.473634 
0.400000 -0.032143 -0.036394 0.674913 0.010122 1.103774 64.624197 104.436557 0.053909 0.159798 0.461206 
-0.000000 -0.028571 -0.034055 0.675444 0.009540 1.044835 64.314490 105.022124 0.060385 0.166741 0.448319 
-4.000000 0.003571 -0.011342 0.675613 0.003346 0.443880 60.210801 112.207881 0.155174 0.219092 0.301347 
-6.400000 0.021429 0.001621 0.675065 0.000479 0.100719 57.521064 117.359626 0.234411 0.226810 0.213844 
-16.400000 0.092857 0.050464 0.674129 0.013367 0.914806 50.180366 134.341255 0.527909 0.119733 0.026487 
-18.400000 0.107143 0.059529 0.674765 0.015274 1.050468 49.548018 136.184139 0.561983 0.096588 0.016194 
-20.400000 0.121429 0.068430 0.675558 0.017015 1.172441 49.080964 137.641609 0.588897 0.076871 0.009790 
-26.000000 0.160714 0.092061 0.675038 0.021111 1.454651 48.100565 140.338805 0.633938 0.038784 0.002316 
-31.600000 0.200000 0.114706 0.675535 0.024552 1.688828 47.606003 141.901176 0.656049 0.018951 0.000534 
-35.200000 0.225000 0.128550 0.675019 0.026485 1.819697 47.340877 142.586940 0.662944 0.011868 0.000207 
-38.800000 0.250000 0.142055 0.674806 0.028284 1.941369 47.149305 143.121057 0.667312 0.007413 0.000080 
-42.400000 0.275000 0.155250 0.674858 0.029977 2.055774 47.012535 143.548604 0.670202 0.004625 0.000031 
-46.000000 0.300000 0.168157 0.675142 0.031583 2.164267 46.917943 143.898532 0.672246 0.002884 0.000012 
-49.600000 0.325000 0.180795 0.675627 0.033117 2.267832 46.856642 144.190198 0.673824 0.001798 0.000005 
-54.800000 0.360714 0.197928 0.674543 0.035109 2.402286 46.670228 144.533827 0.673633 0.000909 0.000001 
-58.400000 0.385714 0.209930 0.675421 0.036502 2.496360 46.666958 144.732217 0.674854 0.000567 0.000000 
