37.200000 -0.446429 -0.190397 0.524097 0.031388 3.427579 56.535626 92.702117 0.000000 0.000097 0.524000 
23.200000 -0.296429 -0.136588 0.524908 0.025268 2.747571 56.001478 93.731016 0.000005 0.001676 0.523226 
14.400000 -0.203571 -0.098901 0.525605 0.020465 2.214498 55.276860 95.085857 0.000176 0.009668 0.515760 
9.200000 -0.150000 -0.075158 0.524502 0.016987 1.830782 54.312626 96.570914 0.001316 0.025941 0.497245 
6.400000 -0.121429 -0.062308 0.525999 0.014889 1.601087 53.768939 97.825872 0.003768 0.043080 0.479152 
2.400000 -0.082143 -0.043519 0.525370 0.011327 1.217775 52.200181 100.645279 0.015267 0.081950 0.428154 
-6.400000 -0.003571 -0.003628 0.525693 0.001085 0.206463 45.792201 114.799756 0.151176 0.175658 0.198860 
-10.000000 0.025000 0.011307 0.525905 0.003300 0.169464 42.865053 122.688593 0.251136 0.166795 0.107974 
-17.200000 0.078571 0.038335 0.524223 0.010196 0.697058 39.099812 134.072973 0.406715 0.095594 0.021914 
-29.200000 0.164286 0.078404 0.524465 0.017481 1.203772 37.186597 141.035969 0.500551 0.022892 0.001022 
-34.800000 0.203571 0.095534 0.524041 0.019973 1.372923 36.817212 142.335756 0.512707 0.011099 0.000235 
-44.000000 0.267857 0.122613 0.525827 0.023564 1.615776 36.614831 143.610297 0.522469 0.003337 0.000021 
-47.600000 0.292857 0.132603 0.525957 0.024800 1.699235 36.537588 143.949537 0.523868 0.002080 0.000008 
-60.000000 0.378571 0.164742 0.525353 0.028557 1.952870 36.290904 144.761743 0.524944 0.000409 0.000000 
