-7.200000 0.164286 0.030830 0.824027 0.008818 0.556799 64.961860 126.847771 0.481045 0.232979 0.110003 
-6.800000 0.164286 0.028788 0.824098 0.008265 0.513571 65.285476 126.229870 0.467895 0.238093 0.118110 
-6.400000 0.164286 0.026731 0.824124 0.007702 0.469214 65.617557 125.595079 0.454422 0.243015 0.126687 
-6.000000 0.164286 0.024659 0.824108 0.007129 0.423723 65.958163 124.943982 0.440649 0.247715 0.135744 
-5.600000 0.164286 0.022571 0.824049 0.006547 0.377091 66.307287 124.277304 0.426599 0.252161 0.145289 
-9.200000 0.167857 0.041344 0.824145 0.011559 0.766875 63.493415 129.800123 0.544970 0.204414 0.074761 
-8.800000 0.167857 0.039379 0.824425 0.011061 0.729171 63.773028 129.274831 0.533694 0.210092 0.080639 
-8.400000 0.167857 0.037398 0.824656 0.010552 0.690426 64.060120 128.731506 0.522028 0.215717 0.086911 
-8.000000 0.167857 0.035400 0.824839 0.010032 0.650622 64.354983 128.170159 0.509980 0.221264 0.093595 
-7.600000 0.167857 0.033387 0.824976 0.009502 0.609738 64.657906 127.590834 0.497560 0.226708 0.100707 
-7.200000 0.167857 0.031358 0.825067 0.008960 0.567756 64.969109 126.993733 0.484781 0.232024 0.108262 
-6.800000 0.167857 0.029314 0.825114 0.008409 0.524665 65.288757 126.379186 0.471658 0.237182 0.116274 
-6.400000 0.167857 0.027255 0.825118 0.007847 0.480450 65.616979 125.747612 0.458209 0.242155 0.124754 
-6.000000 0.167857 0.025180 0.825080 0.007275 0.435104 65.953842 125.099564 0.444455 0.246912 0.133713 
-5.600000 0.167857 0.023090 0.825001 0.006692 0.388621 66.299346 124.435741 0.430420 0.251423 0.143158 
-5.200000 0.167857 0.020986 0.824883 0.006100 0.341000 66.653427 123.756970 0.416133 0.255655 0.153095 
-4.800000 0.167857 0.018868 0.824727 0.005499 0.292244 67.015950 123.064218 0.401621 0.259578 0.163527 
-4.400000 0.167857 0.016736 0.824534 0.004889 0.242362 67.386701 122.358595 0.386920 0.263161 0.174453 
-4.000000 0.167857 0.014589 0.824307 0.004271 0.191366 67.765390 121.641345 0.372065 0.266374 0.185868 
-3.600000 0.167857 0.012430 0.824048 0.003645 0.139277 68.151646 120.913845 0.357095 0.269187 0.197765 
-10.400000 0.171429 0.047693 0.824243 0.013126 0.883931 62.735306 131.384209 0.579817 0.186148 0.058278 
-10.000000 0.171429 0.045774 0.824639 0.012660 0.849297 62.989999 130.915805 0.569771 0.191866 0.063002 
-9.600000 0.171429 0.043838 0.824985 0.012184 0.813705 63.251130 130.430003 0.559328 0.197593 0.068064 
-9.200000 0.171429 0.041885 0.825282 0.011697 0.777121 63.519160 129.926391 0.548485 0.203312 0.073484 
-8.800000 0.171429 0.039917 0.825531 0.011199 0.739520 63.794473 129.404757 0.537244 0.209006 0.079280 
-8.400000 0.171429 0.037932 0.825733 0.010691 0.700889 64.077352 128.865091 0.525615 0.214651 0.085468 
-8.000000 0.171429 0.035932 0.825890 0.010172 0.661206 64.368089 128.307376 0.513603 0.220223 0.092064 
-5.600000 0.171429 0.023607 0.825921 0.006837 0.400054 66.289692 124.592711 0.434206 0.250662 0.141053 
-5.200000 0.171429 0.021501 0.825785 0.006246 0.352585 66.640362 123.916640 0.419931 0.254963 0.150892 
-4.800000 0.171429 0.019381 0.825612 0.005646 0.303983 66.999608 123.226341 0.405426 0.258961 0.161225 
-4.400000 0.171429 0.017247 0.825403 0.005036 0.254253 67.367225 122.522896 0.390725 0.262626 0.172053 
-4.000000 0.171429 0.015099 0.825160 0.004418 0.203407 67.742936 121.807520 0.375862 0.265925 0.183373 
-3.600000 0.171429 0.012938 0.824885 0.003792 0.151464 68.126381 121.081566 0.360876 0.268831 0.195177 
-3.200000 0.171429 0.010764 0.824580 0.003159 0.098448 68.517118 120.346510 0.345809 0.271315 0.207456 
-2.800000 0.171429 0.008577 0.824246 0.002519 0.044389 68.914624 119.603946 0.330702 0.273352 0.220193 
-11.600000 0.175000 0.053915 0.824047 0.014595 0.991913 62.056152 132.790609 0.610805 0.168117 0.045126 
-11.200000 0.175000 0.052042 0.824559 0.014160 0.960117 62.288921 132.376432 0.601991 0.173694 0.048874 
-10.800000 0.175000 0.050151 0.825019 0.013716 0.927412 62.527179 131.945603 0.592777 0.179333 0.052908 
-10.400000 0.175000 0.048243 0.825429 0.013261 0.893783 62.771325 131.497824 0.583162 0.185022 0.057245 
-10.000000 0.175000 0.046319 0.825791 0.012795 0.859229 63.021612 131.033023 0.573152 0.190741 0.061898 
-4.000000 0.175000 0.015608 0.825988 0.004565 0.215365 67.719131 121.972559 0.379636 0.265450 0.180902 
-3.600000 0.175000 0.013445 0.825698 0.003940 0.163573 68.099805 121.248244 0.364638 0.268447 0.192613 
-3.200000 0.175000 0.011270 0.825379 0.003307 0.110702 68.487945 120.514480 0.349550 0.271027 0.204801 
-2.800000 0.175000 0.009082 0.825032 0.002667 0.056781 68.883040 119.772840 0.334414 0.273165 0.217453 
-2.400000 0.175000 0.006882 0.824659 0.002022 0.001847 69.284498 119.025001 0.319274 0.274835 0.230549 
-2.000000 0.175000 0.004670 0.824262 0.001372 0.054059 69.691652 118.272733 0.304177 0.276017 0.244068 
-12.400000 0.178571 0.058184 0.824194 0.015566 1.062435 61.660150 133.667206 0.630408 0.156091 0.037695 
-12.000000 0.178571 0.056336 0.824769 0.015151 1.032339 61.879073 133.287189 0.622384 0.161509 0.040876 
-11.600000 0.178571 0.054474 0.825292 0.014727 1.001449 62.102329 132.892258 0.613988 0.167004 0.044300 
-11.200000 0.178571 0.052596 0.825765 0.014293 0.969708 62.330582 132.481475 0.605205 0.172571 0.047988 
-2.800000 0.178571 0.009585 0.825796 0.002815 0.069103 68.850286 119.940896 0.338114 0.272948 0.214735 
-2.400000 0.178571 0.007384 0.825411 0.002169 0.014304 69.249547 119.193700 0.322939 0.274723 0.227749 
-2.000000 0.178571 0.005171 0.825002 0.001519 0.041476 69.654707 118.441677 0.307798 0.276012 0.241192 
-1.600000 0.178571 0.002946 0.824572 0.000866 0.098189 70.065034 117.686660 0.292737 0.276798 0.255037 
-1.200000 0.178571 0.000710 0.824123 0.000233 0.155782 70.479728 116.930539 0.277803 0.277065 0.269255 
-13.200000 0.182143 0.062404 0.824244 0.016497 1.129503 61.295393 134.470820 0.648352 0.144486 0.031406 
-12.800000 0.182143 0.060586 0.824878 0.016101 1.101025 61.501607 134.123028 0.641094 0.149692 0.034092 
-12.400000 0.182143 0.058748 0.825462 0.015696 1.071736 61.711924 133.760609 0.633461 0.155007 0.036995 
-12.000000 0.182143 0.056895 0.825997 0.015281 1.041682 61.926308 133.383867 0.625466 0.160409 0.040122 
-2.000000 0.182143 0.005670 0.825724 0.001666 0.028955 69.616695 118.609992 0.311412 0.275977 0.238334 
-1.600000 0.182143 0.003445 0.825282 0.001012 0.085548 70.025246 117.854921 0.296301 0.276873 0.252108 
-1.200000 0.182143 0.001208 0.824822 0.000365 0.143032 70.438383 117.098332 0.281308 0.277252 0.266262 
-0.800000 0.182143 -0.001039 0.824345 0.000346 0.201349 70.855253 116.342151 0.266480 0.277102 0.280763 
-14.000000 0.185714 0.066564 0.824207 0.017388 1.193153 60.960223 135.204007 0.664659 0.133424 0.026123 
-13.600000 0.185714 0.064780 0.824898 0.017012 1.166292 61.154533 134.887474 0.658160 0.138367 0.028372 
-13.200000 0.185714 0.062976 0.825538 0.016626 1.138644 61.352278 134.557026 0.651295 0.143433 0.030811 
-1.600000 0.185714 0.003942 0.825975 0.001158 0.072964 69.984461 118.022656 0.299860 0.276917 0.249197 
-1.200000 0.185714 0.001705 0.825504 0.000506 0.130335 70.396037 117.265708 0.284811 0.277408 0.263285 
-0.800000 0.185714 -0.000543 0.825017 0.000217 0.188551 70.811570 116.508752 0.269918 0.277371 0.277728 
-0.400000 0.185714 -0.002802 0.824516 0.000853 0.247548 71.230158 115.753732 0.255229 0.276798 0.292489 
-0.000000 0.185714 -0.005070 0.824003 0.001519 0.307257 71.650853 115.002593 0.240789 0.275685 0.307529 
-14.800000 0.189286 0.070685 0.824078 0.018244 1.253898 60.649682 135.875037 0.679481 0.122908 0.021689 
-14.400000 0.189286 0.068918 0.824831 0.017883 1.228299 60.835187 135.584567 0.673640 0.127612 0.023579 
-14.000000 0.189286 0.067142 0.825529 0.017515 1.202139 61.022245 135.283358 0.667496 0.132414 0.025619 
-0.800000 0.189286 -0.000048 0.825674 0.000130 0.175802 70.766941 116.675035 0.273357 0.277609 0.274707 
-0.400000 0.189286 -0.002307 0.825162 0.000709 0.234707 71.184409 115.918933 0.258596 0.277149 0.289417 
-0.000000 0.189286 -0.004576 0.824639 0.001373 0.294339 71.604217 115.166303 0.244076 0.276149 0.304414 
0.400000 0.189286 -0.006854 0.824108 0.002043 0.354623 72.025385 114.419077 0.229842 0.274609 0.319657 
-15.200000 0.192857 0.073029 0.824674 0.018723 1.287727 60.537813 136.224646 0.687734 0.117389 0.019551 
-14.800000 0.192857 0.071264 0.825433 0.018369 1.262671 60.717228 135.947049 0.682199 0.121963 0.021271 
-0.400000 0.192857 -0.001814 0.825795 0.000566 0.221912 71.137757 116.083913 0.261967 0.277471 0.286357 
-0.000000 0.192857 -0.004083 0.825262 0.001229 0.281461 71.556662 115.329896 0.247369 0.276584 0.301310 
0.400000 0.192857 -0.006362 0.824721 0.001899 0.341679 71.977159 114.580881 0.233049 0.275155 0.316517 
0.800000 0.192857 -0.008650 0.824173 0.002570 0.402487 72.398244 113.838771 0.219050 0.273188 0.331935 
-16.000000 0.196429 0.077099 0.824445 0.019532 1.344661 60.261254 136.811817 0.700522 0.107752 0.016172 
-15.600000 0.196429 0.075366 0.825251 0.019194 1.320861 60.432291 136.557953 0.695599 0.112041 0.017611 
-0.000000 0.196429 -0.003592 0.825873 0.001084 0.268624 71.508238 115.493361 0.250669 0.276988 0.298216 
0.400000 0.196429 -0.005871 0.825322 0.001754 0.328770 71.928046 114.742659 0.236264 0.275672 0.313386 
0.800000 0.196429 -0.008160 0.824764 0.002426 0.389522 72.348673 113.998471 0.222173 0.273815 0.328776 
1.200000 0.196429 -0.010457 0.824202 0.003099 0.450800 72.769099 113.262658 0.208437 0.271426 0.344340 
-16.800000 0.200000 0.081088 0.824162 0.020304 1.398706 60.006772 137.344791 0.711974 0.098813 0.013375 
-16.400000 0.200000 0.079408 0.825010 0.019986 1.376412 60.168704 137.116062 0.707695 0.102758 0.014556 
-16.000000 0.200000 0.077694 0.825811 0.019656 1.353295 60.333023 136.875424 0.703085 0.106872 0.015854 
0.400000 0.200000 -0.005381 0.825911 0.001610 0.315898 71.878092 114.904398 0.239488 0.276159 0.310264 
0.800000 0.200000 -0.007670 0.825344 0.002283 0.376590 72.298239 114.158231 0.225307 0.274414 0.325623 
1.200000 0.200000 -0.009968 0.824773 0.002956 0.437824 72.718416 113.420060 0.211473 0.272132 0.341167 
1.600000 0.200000 -0.012273 0.824200 0.003629 0.499517 73.137592 112.691688 0.198026 0.269327 0.356847 
-17.200000 0.203571 0.083365 0.824715 0.020740 1.429081 59.926268 137.621570 0.718485 0.094189 0.012040 
-16.800000 0.203571 0.081701 0.825560 0.020430 1.407414 60.082321 137.404872 0.714497 0.097963 0.013100 
0.800000 0.203571 -0.007181 0.825913 0.002139 0.363690 72.246988 114.318038 0.228451 0.274983 0.322479 
1.200000 0.203571 -0.009479 0.825333 0.002813 0.424876 72.666891 113.577604 0.214523 0.272811 0.338000 
1.600000 0.203571 -0.011786 0.824751 0.003487 0.486537 73.086021 112.846607 0.200973 0.270111 0.353667 
2.000000 0.203571 -0.014100 0.824169 0.004159 0.548587 73.503349 112.126778 0.187840 0.266898 0.369431 
-18.000000 0.207143 0.087290 0.824339 0.021468 1.479669 59.698009 138.084923 0.728168 0.086214 0.009957 
-17.600000 0.207143 0.085631 0.825251 0.021167 1.458816 59.850771 137.884847 0.724662 0.089751 0.010838 
1.200000 0.207143 -0.008992 0.825884 0.002670 0.411955 72.614565 113.735277 0.217584 0.273462 0.334838 
1.600000 0.207143 -0.011298 0.825293 0.003345 0.473580 73.033623 113.001745 0.203935 0.270868 0.350490 
2.000000 0.207143 -0.013613 0.824702 0.004018 0.535611 73.451103 112.279039 0.190695 0.267757 0.366250 
2.400000 0.207143 -0.015935 0.824114 0.004689 0.597962 73.865982 111.568803 0.177899 0.264148 0.382067 
-18.400000 0.210714 0.089555 0.824854 0.021885 1.508563 59.630242 138.328110 0.733829 0.082069 0.008956 
-18.000000 0.210714 0.087889 0.825771 0.021588 1.487981 59.779671 138.135752 0.730527 0.085489 0.009755 
1.600000 0.210714 -0.010812 0.825825 0.003203 0.460648 72.980437 113.157090 0.206910 0.271598 0.347318 
2.000000 0.210714 -0.013127 0.825226 0.003877 0.522655 73.398042 112.431590 0.193565 0.268590 0.363071 
2.400000 0.210714 -0.015450 0.824629 0.004549 0.585000 73.813263 111.718240 0.180658 0.265079 0.378891 
2.800000 0.210714 -0.017779 0.824037 0.005218 0.647591 74.225100 111.018588 0.168220 0.261087 0.394729 
-19.200000 0.214286 0.093497 0.824374 0.022588 1.557190 59.417666 138.742226 0.742163 0.074839 0.007372 
-18.800000 0.214286 0.091819 0.825351 0.022296 1.537026 59.565888 138.560933 0.739218 0.078081 0.008051 
2.000000 0.214286 -0.012642 0.825741 0.003736 0.509720 73.344202 112.584421 0.196451 0.269397 0.359893 
2.400000 0.214286 -0.014965 0.825136 0.004409 0.572053 73.759739 111.868035 0.183435 0.265985 0.375715 
2.800000 0.214286 -0.017295 0.824535 0.005079 0.634651 74.172100 111.165049 0.170882 0.262087 0.391565 
-19.600000 0.217857 0.095761 0.824860 0.022990 1.584967 59.360216 138.958341 0.747118 0.071126 0.006616 
-19.200000 0.217857 0.094085 0.825831 0.022702 1.565092 59.504705 138.784074 0.744352 0.074246 0.007233 
2.400000 0.217857 -0.014480 0.825635 0.004269 0.559123 73.705442 112.018177 0.186229 0.266867 0.372540 
2.800000 0.217857 -0.016811 0.825025 0.004940 0.621723 74.118302 111.311930 0.173563 0.263064 0.388398 
3.200000 0.217857 -0.019148 0.824422 0.005608 0.684517 74.527210 110.620253 0.161384 0.258794 0.404244 
-20.400000 0.221429 0.099631 0.824349 0.023658 1.630962 59.168204 139.322978 0.754173 0.064748 0.005429 
-20.000000 0.221429 0.098020 0.825335 0.023387 1.612314 59.306127 139.165139 0.751831 0.067569 0.005935 
2.800000 0.221429 -0.016327 0.825509 0.004802 0.608808 74.063735 111.459221 0.176262 0.264017 0.385230 
3.200000 0.221429 -0.018665 0.824897 0.005471 0.671617 74.473317 110.764076 0.163966 0.259837 0.401093 
3.600000 0.221429 -0.021008 0.824293 0.006136 0.734546 74.878195 110.084579 0.152177 0.255212 0.416904 
-20.800000 0.225000 0.101857 0.824833 0.024042 1.657338 59.122522 139.512553 0.758465 0.061500 0.004869 
-20.400000 0.225000 0.100271 0.825800 0.023778 1.639220 59.255389 139.362915 0.756310 0.064169 0.005321 
2.800000 0.225000 -0.015844 0.825985 0.004663 0.595906 74.008432 111.606911 0.178978 0.264946 0.382061 
3.200000 0.225000 -0.018182 0.825365 0.005333 0.658726 74.418659 110.908366 0.166568 0.260858 0.397939 
3.600000 0.225000 -0.020526 0.824753 0.006000 0.721683 74.824376 110.225215 0.154660 0.256318 0.413775 
4.000000 0.225000 -0.022876 0.824152 0.006662 0.784691 75.224669 109.558697 0.143275 0.251358 0.429519 
-21.600000 0.228571 0.105569 0.824327 0.024662 1.699870 58.953754 139.826020 0.764257 0.056061 0.004008 
-21.200000 0.228571 0.104069 0.825311 0.024419 1.683237 59.080171 139.693470 0.762536 0.058409 0.004366 
3.200000 0.228571 -0.017700 0.825827 0.005196 0.645844 74.363265 111.053112 0.169189 0.261856 0.394782 
3.600000 0.228571 -0.020045 0.825207 0.005864 0.708826 74.769794 110.366369 0.157164 0.257403 0.410641 
4.000000 0.228571 -0.022395 0.824597 0.006527 0.771874 75.171082 109.696031 0.145658 0.252522 0.426417 
-22.000000 0.232143 0.107744 0.824812 0.025026 1.724821 58.918648 139.991723 0.767957 0.053257 0.003598 
-21.600000 0.232143 0.106266 0.825784 0.024790 1.708664 59.040989 139.866138 0.766398 0.055470 0.003916 
3.600000 0.232143 -0.019564 0.825655 0.005727 0.695974 74.714477 110.508032 0.159687 0.258466 0.407502 
4.000000 0.232143 -0.021915 0.825037 0.006392 0.759059 75.116734 109.833929 0.148062 0.253666 0.423309 
4.400000 0.232143 -0.024271 0.824430 0.007051 0.822141 75.513051 109.177142 0.136971 0.248465 0.438995 
-22.800000 0.235714 0.111375 0.824248 0.025612 1.764894 58.762949 140.266601 0.772709 0.048566 0.002973 
-22.400000 0.235714 0.109907 0.825290 0.025384 1.749354 58.886092 140.150181 0.771468 0.050591 0.003231 
4.000000 0.235714 -0.021435 0.825471 0.006257 0.746247 75.061650 109.972384 0.150486 0.254791 0.420194 
4.400000 0.235714 -0.023791 0.824856 0.006918 0.809378 75.459083 109.311681 0.139274 0.249664 0.435918 
4.800000 0.235714 -0.026153 0.824254 0.007573 0.872435 75.849919 108.669100 0.128607 0.244164 0.451483 
-23.200000 0.239286 0.113527 0.824718 0.025962 1.788817 58.734814 140.413833 0.775922 0.046126 0.002670 
-22.800000 0.239286 0.112059 0.825759 0.025737 1.773494 58.855854 140.301861 0.774801 0.048057 0.002901 
4.000000 0.239286 -0.020955 0.825900 0.006121 0.733439 75.005854 110.111386 0.152931 0.255895 0.417074 
4.400000 0.239286 -0.023312 0.825277 0.006784 0.796614 75.404379 109.446818 0.141598 0.250846 0.432833 
4.800000 0.239286 -0.025674 0.824667 0.007441 0.859733 75.796467 108.800192 0.130809 0.245414 0.448444 
5.200000 0.239286 -0.028041 0.824072 0.008091 0.922710 76.181347 108.172389 0.120574 0.239638 0.463859 
-24.000000 0.242857 0.117198 0.824036 0.026535 1.827939 58.581536 140.664824 0.779889 0.041946 0.002201 
-23.600000 0.242857 0.115672 0.825178 0.026308 1.812420 58.708404 140.555262 0.778977 0.043802 0.002399 
4.400000 0.242857 -0.022833 0.825693 0.006650 0.783851 75.348962 109.582544 0.143943 0.252008 0.429742 
4.800000 0.242857 -0.025196 0.825075 0.007308 0.847027 75.742280 108.931918 0.133033 0.246647 0.445395 
5.200000 0.242857 -0.027563 0.824472 0.007961 0.910078 76.128535 108.299964 0.122676 0.240934 0.460862 
-24.400000 0.246429 0.119350 0.824483 0.026876 1.851194 58.557922 140.797868 0.782704 0.039804 0.001976 
-24.000000 0.246429 0.117812 0.825626 0.026649 1.835725 58.683552 140.691258 0.781883 0.041588 0.002155 
4.800000 0.246429 -0.024718 0.825479 0.007176 0.834318 75.687376 109.064271 0.135278 0.247864 0.442337 
5.200000 0.246429 -0.027086 0.824867 0.007830 0.897439 76.074987 108.428203 0.124799 0.242215 0.457854 
5.600000 0.246429 -0.029458 0.824272 0.008477 0.960368 76.454958 107.811427 0.114879 0.236243 0.473150 
-24.800000 0.250000 0.121499 0.824919 0.027214 1.874190 58.535608 140.926070 0.785384 0.037763 0.001773 
4.800000 0.250000 -0.024240 0.825878 0.007043 0.821607 75.631778 109.197244 0.137545 0.249063 0.439271 
5.200000 0.250000 -0.026608 0.825259 0.007699 0.884793 76.020724 108.557100 0.126944 0.243480 0.454836 
5.600000 0.250000 -0.028981 0.824655 0.008348 0.947804 76.402165 107.936118 0.116902 0.237566 0.470188 
6.000000 0.250000 -0.031358 0.824069 0.008989 1.010559 76.775439 107.334944 0.107421 0.231361 0.485286 
-25.600000 0.253571 0.125228 0.824138 0.027776 1.912441 58.386978 141.150991 0.788507 0.034181 0.001450 
-25.200000 0.253571 0.123645 0.825345 0.027548 1.896938 58.514507 141.049692 0.787936 0.035819 0.001591 
5.200000 0.253571 -0.026131 0.825646 0.007567 0.872143 75.965764 108.686650 0.129110 0.244729 0.451807 
5.600000 0.253571 -0.028505 0.825035 0.008218 0.935230 76.348657 108.061495 0.118946 0.238875 0.467214 
6.000000 0.253571 -0.030882 0.824440 0.008861 0.998078 76.723503 107.456045 0.109345 0.232721 0.482375 
-26.000000 0.257143 0.127378 0.824561 0.028106 1.934886 58.368745 141.267560 0.790865 0.032396 0.001300 
-25.600000 0.257143 0.125788 0.825761 0.027878 1.919450 58.494541 141.168973 0.790367 0.033968 0.001427 
5.600000 0.257143 -0.028028 0.825411 0.008088 0.922649 76.294449 108.187552 0.121013 0.240169 0.464229 
6.000000 0.257143 -0.030406 0.824809 0.008733 0.985585 76.670853 107.577852 0.111290 0.234069 0.479450 
6.400000 0.257143 -0.032788 0.824224 0.009371 1.048220 77.038722 106.988291 0.102130 0.227701 0.494393 
-26.400000 0.260714 0.129525 0.824976 0.028433 1.957100 58.351614 141.380085 0.793112 0.030699 0.001164 
5.600000 0.260714 -0.027552 0.825783 0.007958 0.910060 76.239560 108.314284 0.123101 0.241449 0.461234 
6.000000 0.260714 -0.029931 0.825173 0.008605 0.973082 76.617503 107.700362 0.113257 0.235403 0.476513 
6.400000 0.260714 -0.032313 0.824581 0.009245 1.035816 76.987022 107.106496 0.103977 0.229082 0.491522 
6.800000 0.260714 -0.034698 0.824008 0.009876 1.098190 77.347574 106.533101 0.095257 0.222526 0.506225 
-27.200000 0.264286 0.133196 0.824200 0.028970 1.993600 58.215587 141.577126 0.795518 0.027734 0.000948 
-26.800000 0.264286 0.131667 0.825382 0.028756 1.979088 58.335530 141.488757 0.795253 0.029086 0.001043 
6.000000 0.264286 -0.029455 0.825535 0.008477 0.960567 76.563471 107.823570 0.115246 0.236724 0.473564 
6.400000 0.264286 -0.031838 0.824935 0.009118 1.023397 76.934624 107.225421 0.105846 0.230451 0.488638 
6.800000 0.264286 -0.034224 0.824354 0.009752 1.085881 77.296906 106.647686 0.097007 0.223935 0.503412 
-27.600000 0.267857 0.135327 0.824616 0.029288 2.015196 58.203048 141.679187 0.797500 0.026267 0.000848 
-27.200000 0.267857 0.133805 0.825781 0.029076 2.000858 58.320442 141.593756 0.797294 0.027553 0.000934 
6.000000 0.267857 -0.028980 0.825893 0.008348 0.948043 76.508769 107.947473 0.117257 0.238032 0.470604 
6.400000 0.267857 -0.031363 0.825285 0.008991 1.010966 76.881543 107.345064 0.107736 0.231809 0.485740 
6.800000 0.267857 -0.033750 0.824697 0.009627 1.073555 77.245543 106.763004 0.098779 0.225334 0.500584 
7.200000 0.267857 -0.036140 0.824127 0.010254 1.135743 77.600280 106.201614 0.090380 0.218648 0.515099 
-28.000000 0.271429 0.137454 0.825026 0.029603 2.036575 58.191453 141.777824 0.799391 0.024875 0.000759 
6.400000 0.271429 -0.030889 0.825633 0.008864 0.998522 76.827792 107.465420 0.109649 0.233154 0.482830 
6.800000 0.271429 -0.033276 0.825037 0.009501 1.061215 77.193498 106.879054 0.100572 0.226723 0.497742 
7.200000 0.271429 -0.035666 0.824460 0.010130 1.123517 77.550024 106.313319 0.092056 0.220072 0.512332 
-28.800000 0.275000 0.140958 0.824323 0.030102 2.070446 58.073085 141.945718 0.801188 0.022515 0.000619 
-28.400000 0.275000 0.139575 0.825429 0.029915 2.057743 58.180749 141.873197 0.801196 0.023554 0.000679 
6.400000 0.275000 -0.030415 0.825978 0.008737 0.986067 76.773385 107.586486 0.111583 0.234488 0.479907 
6.800000 0.275000 -0.032802 0.825374 0.009376 1.048859 77.140782 106.995833 0.102387 0.228101 0.494886 
7.200000 0.275000 -0.035193 0.824790 0.010007 1.111274 77.499087 106.425765 0.093754 0.221487 0.509549 
7.600000 0.275000 -0.037587 0.824226 0.010629 1.173247 77.847862 105.876509 0.085674 0.214686 0.523865 
-29.200000 0.278571 0.143059 0.824741 0.030408 2.091179 58.065989 142.035209 0.802867 0.021320 0.000554 
-28.800000 0.278571 0.141691 0.825826 0.030224 2.078704 58.170886 141.965459 0.802918 0.022300 0.000608 
6.800000 0.278571 -0.032329 0.825709 0.009250 1.036490 77.087409 107.113337 0.104224 0.229469 0.492016 
7.200000 0.278571 -0.034720 0.825117 0.009883 1.099014 77.447483 106.538949 0.095473 0.222893 0.506752 
7.600000 0.278571 -0.037114 0.824546 0.010507 1.161108 77.798099 105.985353 0.087278 0.216122 0.521146 
-30.000000 0.282143 0.146408 0.824082 0.030876 2.122863 57.959229 142.183068 0.804268 0.019360 0.000454 
-29.600000 0.282143 0.145155 0.825154 0.030711 2.111714 58.059627 142.121840 0.804471 0.020187 0.000496 
7.200000 0.282143 -0.034247 0.825442 0.009759 1.086738 77.395221 106.652871 0.097213 0.224290 0.503940 
7.600000 0.282143 -0.036642 0.824863 0.010385 1.148950 77.747670 106.094943 0.088903 0.217551 0.518410 
8.000000 0.282143 -0.039039 0.824305 0.011003 1.210682 78.090354 105.557914 0.081141 0.210650 0.532515 
-30.400000 0.285714 0.148482 0.824511 0.031172 2.142982 57.956153 142.264551 0.805769 0.018335 0.000407 
-30.000000 0.285714 0.147244 0.825561 0.031011 2.132057 58.053952 142.205747 0.806005 0.019113 0.000443 
7.200000 0.285714 -0.033774 0.825765 0.009634 1.074446 77.342314 106.767529 0.098975 0.225677 0.501113 
7.600000 0.285714 -0.036170 0.825179 0.010263 1.136774 77.696585 106.205278 0.090549 0.218971 0.515659 
8.000000 0.285714 -0.038567 0.824613 0.010882 1.198632 78.041155 105.663923 0.082674 0.212095 0.529844 
8.400000 0.285714 -0.040968 0.824070 0.011493 1.259963 78.375709 105.143485 0.075337 0.205089 0.543643 
-30.800000 0.289286 0.150550 0.824933 0.031467 2.162919 57.953655 142.343543 0.807206 0.017363 0.000364 
-30.400000 0.289286 0.149328 0.825961 0.031308 2.152214 58.048916 142.287057 0.807471 0.018094 0.000397 
7.600000 0.289286 -0.035698 0.825492 0.010140 1.124579 77.644856 106.316356 0.092216 0.220383 0.512892 
8.000000 0.289286 -0.038096 0.824919 0.010761 1.186562 77.991304 105.770679 0.084227 0.213535 0.527157 
8.400000 0.289286 -0.040497 0.824368 0.011374 1.248027 78.327785 105.245937 0.076780 0.206548 0.541040 
-31.600000 0.292857 0.153780 0.824276 0.031905 2.192616 57.855386 142.471845 0.808172 0.015804 0.000300 
-31.200000 0.292857 0.152612 0.825349 0.031758 2.182679 57.951691 142.420159 0.808582 0.016441 0.000326 
7.600000 0.292857 -0.035226 0.825803 0.010016 1.112367 77.592492 106.428176 0.093905 0.221787 0.510111 
8.000000 0.292857 -0.037625 0.825223 0.010640 1.174472 77.940811 105.878182 0.085802 0.214967 0.524454 
8.400000 0.292857 -0.040026 0.824665 0.011255 1.236069 78.279214 105.349136 0.078244 0.208001 0.538420 
8.800000 0.292857 -0.042429 0.824128 0.011860 1.297106 78.607436 104.840985 0.071216 0.200928 0.551985 
-32.000000 0.296429 0.155822 0.824707 0.032192 2.212013 57.856206 142.544231 0.809469 0.014969 0.000269 
-31.600000 0.296429 0.154669 0.825759 0.032047 2.202269 57.950221 142.494506 0.809900 0.015567 0.000291 
8.000000 0.296429 -0.037153 0.825525 0.010519 1.162362 77.889684 105.986433 0.087397 0.216392 0.521735 
8.400000 0.296429 -0.039555 0.824960 0.011135 1.224089 78.230004 105.453084 0.079728 0.209448 0.535783 
8.800000 0.296429 -0.041959 0.824416 0.011743 1.285265 78.560182 104.940661 0.072592 0.202389 0.549434 
-32.400000 0.300000 0.157860 0.825131 0.032476 2.231247 57.857443 142.614531 0.810714 0.014177 0.000241 
8.000000 0.300000 -0.036682 0.825825 0.010397 1.150234 77.837933 106.095430 0.089014 0.217810 0.519001 
8.400000 0.300000 -0.039085 0.825252 0.011015 1.212088 78.180164 105.557780 0.081232 0.210890 0.533130 
8.800000 0.300000 -0.041489 0.824702 0.011625 1.273401 78.512294 105.041082 0.073988 0.203847 0.546866 
9.200000 0.300000 -0.043895 0.824173 0.012225 1.334123 78.834111 104.545206 0.067264 0.196721 0.560188 
-33.200000 0.303571 0.161046 0.824419 0.032897 2.259737 57.760997 142.729395 0.811312 0.012908 0.000199 
-32.800000 0.303571 0.159891 0.825550 0.032757 2.250324 57.859066 142.682837 0.811908 0.013426 0.000216 
8.400000 0.303571 -0.038614 0.825544 0.010895 1.200066 78.129701 105.663224 0.082757 0.212326 0.530461 
8.800000 0.303571 -0.041019 0.824986 0.011507 1.261514 78.463781 105.142250 0.075404 0.205301 0.544281 
9.200000 0.303571 -0.043426 0.824450 0.012109 1.322379 78.787575 104.642144 0.068575 0.198184 0.557691 
-33.600000 0.307143 0.163061 0.824851 0.033174 2.278498 57.765046 142.794160 0.812445 0.012228 0.000179 
-33.200000 0.307143 0.161918 0.825962 0.033037 2.269248 57.861041 142.749237 0.813055 0.012714 0.000193 
8.400000 0.307143 -0.038144 0.825833 0.010775 1.188024 78.078625 105.769416 0.084303 0.213755 0.527775 
8.800000 0.307143 -0.040549 0.825268 0.011388 1.249604 78.414649 105.244164 0.076840 0.206749 0.541679 
9.200000 0.307143 -0.042957 0.824726 0.011993 1.310610 78.740419 104.739822 0.069905 0.199645 0.555176 
9.600000 0.307143 -0.045366 0.824205 0.012588 1.370997 79.055777 104.256176 0.063479 0.192479 0.568247 
-34.400000 0.310714 0.166274 0.824037 0.033591 2.306638 57.664107 142.902864 0.812775 0.011113 0.000148 
-34.000000 0.310714 0.165070 0.825277 0.033449 2.297111 57.769406 142.857155 0.813535 0.011583 0.000160 
8.800000 0.310714 -0.040080 0.825549 0.011270 1.237672 78.364906 105.346826 0.078296 0.208193 0.539061 
9.200000 0.310714 -0.042487 0.825000 0.011876 1.298818 78.692650 104.838243 0.071254 0.201102 0.552644 
9.600000 0.310714 -0.044897 0.824473 0.012473 1.359352 79.010000 104.350417 0.064727 0.193941 0.565805 
-34.800000 0.314286 0.168268 0.824475 0.033862 2.324969 57.670663 142.962713 0.813814 0.010529 0.000132 
-34.400000 0.314286 0.167073 0.825698 0.033722 2.315579 57.774050 142.918453 0.814583 0.010971 0.000143 
8.800000 0.314286 -0.039610 0.825829 0.011150 1.225719 78.314559 105.450236 0.079772 0.209631 0.536426 
9.200000 0.314286 -0.042018 0.825273 0.011759 1.287002 78.644275 104.937407 0.072623 0.202555 0.550095 
9.600000 0.314286 -0.044428 0.824739 0.012358 1.347681 78.963617 104.445392 0.065993 0.195402 0.563344 
10.000000 0.314286 -0.046840 0.824227 0.012947 1.407715 79.272476 103.973911 0.059860 0.188210 0.576157 
-35.200000 0.317857 0.170256 0.824909 0.034131 2.343158 57.677484 143.020973 0.814814 0.009976 0.000119 
9.200000 0.317857 -0.041550 0.825544 0.011641 1.275163 78.595299 105.037316 0.074012 0.204004 0.547528 
9.600000 0.317857 -0.043960 0.825003 0.012243 1.335985 78.916633 104.541103 0.067277 0.196860 0.560866 
10.000000 0.317857 -0.046372 0.824485 0.012834 1.396169 79.227494 104.065496 0.061045 0.189669 0.573770 
-36.000000 0.321429 0.173502 0.824001 0.034542 2.370913 57.573270 143.122111 0.814861 0.009042 0.000098 
-35.600000 0.321429 0.172238 0.825337 0.034397 2.361209 57.684550 143.077709 0.815780 0.009451 0.000106 
9.200000 0.321429 -0.041081 0.825814 0.011524 1.263301 78.545729 105.137970 0.075420 0.205448 0.544945 
9.600000 0.321429 -0.043492 0.825266 0.012127 1.324265 78.869055 104.637552 0.068581 0.198315 0.558370 
10.000000 0.321429 -0.045904 0.824742 0.012720 1.384598 79.181919 104.157808 0.062249 0.191127 0.571365 
10.400000 0.321429 -0.048318 0.824239 0.013304 1.444261 79.484245 103.698413 0.056403 0.183922 0.583914 
-36.400000 0.325000 0.175471 0.824441 0.034805 2.388719 57.582262 143.176134 0.815785 0.008568 0.000088 
-36.000000 0.325000 0.174215 0.825760 0.034662 2.379125 57.691838 143.132983 0.816711 0.008954 0.000095 
9.600000 0.325000 -0.043024 0.825529 0.012011 1.312520 78.820887 104.734741 0.069904 0.199767 0.555857 
10.000000 0.325000 -0.045437 0.824997 0.012606 1.373000 79.135755 104.250850 0.063471 0.192584 0.568942 
10.400000 0.325000 -0.047851 0.824488 0.013192 1.432817 79.440089 103.787386 0.057529 0.185376 0.581583 
10.800000 0.325000 -0.050266 0.824001 0.013768 1.491935 79.733865 103.343959 0.052054 0.178178 0.593769 
-36.800000 0.328571 0.177435 0.824876 0.035066 2.406390 57.591476 143.228775 0.816678 0.008119 0.000079 
9.600000 0.328571 -0.042555 0.825789 0.011894 1.300751 78.772134 104.832671 0.071247 0.201216 0.553327 
10.000000 0.328571 -0.044969 0.825251 0.012492 1.361377 79.089008 104.344622 0.064712 0.194039 0.566500 
10.400000 0.328571 -0.047384 0.824736 0.013080 1.421346 79.395353 103.877077 0.058672 0.186830 0.579233 
10.800000 0.328571 -0.049800 0.824243 0.013658 1.480622 79.691131 103.429663 0.053105 0.179624 0.591513 
-37.200000 0.332143 0.179392 0.825306 0.035325 2.423930 57.600893 143.280090 0.817542 0.007693 0.000070 
10.000000 0.332143 -0.044501 0.825504 0.012377 1.349729 79.041682 104.439129 0.065971 0.195491 0.564042 
10.400000 0.332143 -0.046917 0.824982 0.012967 1.409849 79.350040 103.967489 0.059833 0.188283 0.576866 
10.800000 0.332143 -0.049333 0.824483 0.013548 1.469281 79.647826 103.516071 0.054173 0.181071 0.589239 
11.200000 0.332143 -0.051750 0.824006 0.014118 1.527999 79.935076 103.084403 0.048968 0.173887 0.601151 
-38.000000 0.335714 0.182655 0.824333 0.035729 2.451127 57.496013 143.372186 0.817321 0.006954 0.000058 
-37.600000 0.335714 0.181343 0.825732 0.035583 2.441342 57.610497 143.330131 0.818379 0.007290 0.000063 
10.000000 0.335714 -0.044034 0.825757 0.012262 1.338056 78.993783 104.534370 0.067250 0.196942 0.561565 
10.400000 0.335714 -0.046450 0.825228 0.012854 1.398325 79.304156 104.058625 0.061013 0.189736 0.574480 
10.800000 0.335714 -0.048867 0.824722 0.013437 1.457913 79.603953 103.603188 0.055258 0.182519 0.586945 
11.200000 0.335714 -0.051285 0.824239 0.014009 1.516790 79.893195 103.167609 0.049963 0.175324 0.598952 
-38.400000 0.339286 0.184596 0.824768 0.035983 2.468332 57.507218 143.419967 0.818127 0.006590 0.000052 
10.400000 0.339286 -0.045983 0.825473 0.012741 1.386776 79.257703 104.150487 0.062210 0.191186 0.572076 
10.800000 0.339286 -0.048401 0.824961 0.013325 1.446517 79.559516 103.691015 0.056360 0.183966 0.584634 
11.200000 0.339286 -0.050819 0.824471 0.013900 1.505552 79.850757 103.251507 0.050975 0.176762 0.596734 
11.600000 0.339286 -0.053238 0.824004 0.014465 1.563860 80.131516 102.831420 0.046030 0.169603 0.608371 
-38.800000 0.342857 0.186530 0.825200 0.036236 2.485410 57.518605 143.466581 0.818908 0.006245 0.000046 
10.400000 0.342857 -0.045516 0.825717 0.012627 1.375200 79.210686 104.243077 0.063426 0.192636 0.569655 
10.800000 0.342857 -0.047934 0.825198 0.013214 1.435094 79.514519 103.779557 0.057480 0.185413 0.582304 
11.200000 0.342857 -0.050353 0.824702 0.013790 1.494286 79.807765 103.336101 0.052004 0.178201 0.594498 
11.600000 0.342857 -0.052773 0.824229 0.014357 1.552754 80.090502 102.912183 0.046973 0.171028 0.606228 
-39.600000 0.346429 0.189798 0.824182 0.036632 2.512171 57.413295 143.552427 0.818513 0.005631 0.000038 
-39.200000 0.346429 0.188457 0.825627 0.036486 2.502365 57.530162 143.512071 0.819667 0.005919 0.000042 
10.400000 0.346429 -0.045050 0.825959 0.012513 1.363600 79.163109 104.336398 0.064660 0.194083 0.567216 
10.800000 0.346429 -0.047468 0.825435 0.013102 1.423645 79.468964 103.868815 0.058618 0.186860 0.579957 
11.200000 0.346429 -0.049888 0.824933 0.013680 1.482993 79.764221 103.421393 0.053049 0.179640 0.592243 
11.600000 0.346429 -0.052308 0.824453 0.014249 1.541621 80.048944 102.993625 0.047931 0.172455 0.604067 
-40.000000 0.350000 0.191720 0.824615 0.036881 2.528963 57.426054 143.596021 0.819245 0.005336 0.000034 
10.800000 0.350000 -0.047002 0.825670 0.012989 1.412169 79.422856 103.958793 0.059773 0.188307 0.577591 
11.200000 0.350000 -0.049422 0.825162 0.013570 1.471672 79.720130 103.507389 0.054112 0.181081 0.589970 
11.600000 0.350000 -0.051843 0.824677 0.014141 1.530458 80.006845 103.075750 0.048906 0.173883 0.601887 
12.000000 0.350000 -0.054264 0.824213 0.014702 1.588506 80.283109 102.663324 0.044130 0.166744 0.613339 
-40.400000 0.353571 0.193634 0.825045 0.037127 2.545632 57.438985 143.638575 0.819957 0.005058 0.000031 
10.800000 0.353571 -0.046536 0.825905 0.012877 1.400667 79.376197 104.049494 0.060946 0.189752 0.575208 
11.200000 0.353571 -0.048957 0.825391 0.013460 1.460324 79.675492 103.594090 0.055191 0.182522 0.587679 
11.600000 0.353571 -0.051378 0.824899 0.014033 1.519268 79.964208 103.158562 0.049896 0.175314 0.599689 
12.000000 0.353571 -0.053799 0.824430 0.014596 1.577477 80.242444 102.742361 0.045037 0.168158 0.611235 
-41.200000 0.357143 0.196877 0.824017 0.037515 2.571774 57.335680 143.718031 0.819440 0.004552 0.000025 
-40.800000 0.357143 0.195541 0.825472 0.037372 2.562181 57.452081 143.680128 0.820651 0.004794 0.000027 
11.200000 0.357143 -0.048491 0.825619 0.013348 1.448949 79.630312 103.681500 0.056287 0.183962 0.585369 
11.600000 0.357143 -0.050913 0.825121 0.013924 1.508049 79.921034 103.242064 0.050903 0.176745 0.597473 
12.000000 0.357143 -0.053335 0.824646 0.014489 1.566419 80.201250 102.822068 0.045959 0.169574 0.609112 
12.400000 0.357143 -0.055757 0.824193 0.015044 1.624032 80.471058 102.420986 0.041431 0.162478 0.620283 
-41.600000 0.360714 0.198783 0.824446 0.037758 2.588206 57.349560 143.758028 0.820109 0.004314 0.000022 
-41.200000 0.360714 0.197441 0.825896 0.037615 2.578611 57.465333 143.720714 0.821327 0.004544 0.000025 
11.200000 0.360714 -0.048026 0.825846 0.013237 1.437547 79.584592 103.769623 0.057401 0.185403 0.583042 
11.600000 0.360714 -0.050448 0.825343 0.013814 1.496803 79.877327 103.326259 0.051926 0.178178 0.595239 
12.000000 0.360714 -0.052871 0.824861 0.014382 1.555333 80.159530 102.902450 0.046897 0.170993 0.606971 
12.400000 0.360714 -0.055294 0.824402 0.014939 1.613109 80.431299 102.497664 0.042288 0.163878 0.618236 
-42.000000 0.364286 0.200681 0.824872 0.037999 2.604518 57.363601 143.797092 0.820763 0.004089 0.000020 
11.600000 0.364286 -0.049983 0.825563 0.013705 1.485530 79.833088 103.411152 0.052966 0.179611 0.592986 
12.000000 0.364286 -0.052407 0.825076 0.014274 1.544217 80.117285 102.983510 0.047850 0.172414 0.604812 
12.400000 0.364286 -0.054830 0.824611 0.014833 1.602157 80.391022 102.575001 0.043160 0.165281 0.616170 
12.800000 0.364286 -0.057253 0.824168 0.015383 1.659322 80.654403 102.185099 0.038872 0.158239 0.627057 
-42.400000 0.367857 0.202571 0.825295 0.038239 2.620711 57.377805 143.835254 0.821401 0.003876 0.000018 
11.600000 0.367857 -0.049518 0.825783 0.013595 1.474229 79.788320 103.496745 0.054022 0.181045 0.590716 
12.000000 0.367857 -0.051942 0.825290 0.014166 1.533074 80.074517 103.065251 0.048819 0.173837 0.602635 
12.400000 0.367857 -0.054367 0.824819 0.014727 1.591176 80.350229 102.653000 0.044046 0.166686 0.614086 
12.800000 0.367857 -0.056790 0.824370 0.015279 1.648506 80.615554 102.259473 0.039681 0.159623 0.625067 
-43.200000 0.371429 0.205762 0.824284 0.038614 2.645988 57.278956 143.907006 0.820784 0.003486 0.000015 
-42.800000 0.371429 0.204453 0.825716 0.038477 2.636787 57.392170 143.872545 0.822025 0.003674 0.000016 
12.000000 0.371429 -0.051478 0.825504 0.014058 1.521903 80.031229 103.147678 0.049804 0.175261 0.600439 
12.400000 0.371429 -0.053903 0.825027 0.014621 1.580165 80.308923 102.731665 0.044948 0.168095 0.611984 
12.800000 0.371429 -0.056327 0.824572 0.015175 1.637660 80.576200 102.334490 0.040504 0.161010 0.623058 
13.200000 0.371429 -0.058752 0.824140 0.015718 1.694373 80.833234 101.955539 0.036447 0.154031 0.633661 
-43.600000 0.375000 0.207647 0.824703 0.038851 2.661990 57.293723 143.943070 0.821387 0.003303 0.000013 
12.000000 0.375000 -0.051014 0.825716 0.013949 1.510704 79.987422 103.230792 0.050805 0.176686 0.598225 
12.400000 0.375000 -0.053439 0.825234 0.014515 1.569126 80.267105 102.811001 0.045865 0.169505 0.609864 
12.800000 0.375000 -0.055865 0.824774 0.015070 1.626785 80.536343 102.410156 0.041342 0.162400 0.621032 
13.200000 0.375000 -0.058289 0.824336 0.015616 1.683663 80.795289 102.027674 0.037211 0.155397 0.631728 
-44.000000 0.378571 0.209524 0.825120 0.039086 2.677876 57.308644 143.978318 0.821978 0.003131 0.000012 
12.000000 0.378571 -0.050550 0.825929 0.013840 1.499477 79.943099 103.314599 0.051822 0.178113 0.595993 
12.400000 0.378571 -0.052976 0.825441 0.014407 1.558058 80.224777 102.891009 0.046797 0.170918 0.607725 
12.800000 0.378571 -0.055402 0.824975 0.014965 1.615881 80.495984 102.486475 0.042194 0.163794 0.618987 
13.200000 0.378571 -0.057827 0.824531 0.015513 1.672923 80.756854 102.100436 0.037987 0.156768 0.629776 
13.600000 0.378571 -0.060252 0.824108 0.016051 1.729191 81.007668 101.732134 0.034152 0.149859 0.640098 
-44.800000 0.382143 0.212642 0.824146 0.039448 2.702276 57.214865 144.044016 0.821320 0.002816 0.000010 
-44.400000 0.382143 0.211392 0.825535 0.039319 2.693646 57.323725 144.012773 0.822557 0.002968 0.000011 
12.400000 0.382143 -0.052512 0.825647 0.014300 1.546962 80.181939 102.971694 0.047745 0.172333 0.605569 
12.800000 0.382143 -0.054939 0.825176 0.014860 1.604947 80.455124 102.563451 0.043060 0.165191 0.616924 
13.200000 0.382143 -0.057365 0.824726 0.015410 1.662153 80.717930 102.173829 0.038778 0.158142 0.627806 
13.600000 0.382143 -0.059791 0.824298 0.015950 1.718583 80.970615 101.802104 0.034872 0.151206 0.638220 
-45.200000 0.385714 0.214517 0.824556 0.039680 2.718010 57.230064 144.077489 0.821879 0.002668 0.000009 
-44.800000 0.385714 0.213252 0.825948 0.039550 2.709302 57.338971 144.046461 0.823125 0.002813 0.000009 
12.400000 0.385714 -0.052049 0.825853 0.014192 1.535838 80.138596 103.053059 0.048709 0.173750 0.603394 
12.800000 0.385714 -0.054476 0.825376 0.014754 1.593984 80.413763 102.641087 0.043942 0.166591 0.614843 
13.200000 0.385714 -0.056903 0.824921 0.015306 1.651355 80.678517 102.247859 0.039582 0.159520 0.625819 
13.600000 0.385714 -0.059329 0.824487 0.015848 1.707947 80.933087 101.872682 0.035604 0.152559 0.636324 
14.000000 0.385714 -0.061756 0.824074 0.016381 1.763774 81.177807 101.514737 0.031981 0.145726 0.646368 
-45.600000 0.389286 0.216383 0.824965 0.039911 2.733629 57.245394 144.110220 0.822428 0.002529 0.000008 
12.800000 0.389286 -0.054013 0.825575 0.014648 1.582993 80.371904 102.719389 0.044838 0.167994 0.612743 
13.200000 0.389286 -0.056440 0.825115 0.015202 1.640527 80.638615 102.322529 0.040401 0.160901 0.623813 
13.600000 0.389286 -0.058867 0.824676 0.015746 1.697281 80.895084 101.943872 0.036350 0.153915 0.634411 
14.000000 0.389286 -0.061295 0.824258 0.016280 1.753269 81.141638 101.582603 0.032659 0.147054 0.644545 
-46.400000 0.392857 0.219414 0.824038 0.040260 2.757086 57.157315 144.170167 0.821755 0.002277 0.000006 
-46.000000 0.392857 0.218241 0.825371 0.040141 2.749135 57.260869 144.142228 0.822968 0.002396 0.000007 
12.800000 0.392857 -0.053550 0.825775 0.014542 1.571972 80.329548 102.798358 0.045750 0.169399 0.610626 
13.200000 0.392857 -0.055978 0.825308 0.015098 1.629670 80.598226 102.397846 0.041233 0.162286 0.621789 
13.600000 0.392857 -0.058406 0.824864 0.015644 1.686587 80.856607 102.015681 0.037108 0.155276 0.632479 
14.000000 0.392857 -0.060833 0.824441 0.016180 1.742735 81.105007 101.651061 0.033349 0.148388 0.642704 
14.400000 0.392857 -0.063261 0.824038 0.016707 1.798110 81.343695 101.303280 0.029929 0.141639 0.652470 
-46.800000 0.396429 0.221280 0.824439 0.040489 2.772582 57.172759 144.201377 0.822277 0.002157 0.000006 
-46.400000 0.396429 0.220089 0.825776 0.040369 2.764529 57.276504 144.173534 0.823498 0.002271 0.000006 
12.800000 0.396429 -0.053087 0.825973 0.014435 1.560923 80.286696 102.877999 0.046677 0.170806 0.608490 
13.200000 0.396429 -0.055516 0.825502 0.014993 1.618784 80.557348 102.473812 0.042080 0.163675 0.619747 
13.600000 0.396429 -0.057944 0.825052 0.015541 1.675863 80.817654 102.088112 0.037881 0.156641 0.630530 
14.000000 0.396429 -0.060372 0.824624 0.016079 1.732171 81.067914 101.720116 0.034052 0.149726 0.640846 
14.400000 0.396429 -0.062801 0.824216 0.016608 1.787709 81.308416 101.369081 0.030567 0.142947 0.650702 
-47.200000 0.400000 0.223138 0.824838 0.040716 2.787968 57.188294 144.231914 0.822790 0.002043 0.000005 
13.200000 0.400000 -0.055054 0.825695 0.014888 1.607868 80.515984 102.550434 0.042942 0.165066 0.617687 
13.600000 0.400000 -0.057482 0.825240 0.015438 1.665111 80.778228 102.161172 0.038667 0.158010 0.628563 
14.000000 0.400000 -0.059911 0.824806 0.015978 1.721579 81.030360 101.789772 0.034767 0.151068 0.638971 
14.400000 0.400000 -0.062340 0.824393 0.016509 1.777279 81.272684 101.435465 0.031217 0.144260 0.648916 
14.800000 0.400000 -0.064767 0.824001 0.017030 1.832173 81.505334 101.097755 0.027993 0.137606 0.658402 
-47.600000 0.403571 0.224987 0.825234 0.040942 2.803243 57.203943 144.261793 0.823294 0.001936 0.000004 
13.200000 0.403571 -0.054591 0.825888 0.014782 1.596924 80.474134 102.627714 0.043818 0.166461 0.615609 
13.600000 0.403571 -0.057021 0.825427 0.015334 1.654329 80.738326 102.234865 0.039466 0.159383 0.626578 
14.000000 0.403571 -0.059450 0.824988 0.015877 1.710958 80.992343 101.860034 0.035495 0.152416 0.637077 
14.400000 0.403571 -0.061880 0.824570 0.016409 1.766820 81.236499 101.502434 0.031879 0.145578 0.647113 
14.800000 0.403571 -0.064308 0.824173 0.016932 1.821882 81.470954 101.161524 0.028593 0.138891 0.656689 
-48.400000 0.407143 0.227934 0.824353 0.041276 2.825752 57.121485 144.315778 0.822605 0.001745 0.000004 
-48.000000 0.407143 0.226827 0.825629 0.041167 2.818408 57.219728 144.291028 0.823791 0.001834 0.000004 
13.600000 0.407143 -0.056559 0.825614 0.015230 1.643519 80.697950 102.309195 0.040280 0.160759 0.624575 
14.000000 0.407143 -0.058989 0.825170 0.015775 1.700308 80.953866 101.930907 0.036237 0.153767 0.635166 
14.400000 0.407143 -0.061419 0.824747 0.016309 1.756330 81.199863 101.569992 0.032553 0.146901 0.645293 
14.800000 0.407143 -0.063848 0.824344 0.016835 1.811560 81.436130 101.225865 0.029204 0.140182 0.654958 
-48.800000 0.410714 0.229784 0.824742 0.041501 2.840927 57.137125 144.344376 0.823087 0.001652 0.000003 
13.600000 0.410714 -0.056098 0.825801 0.015126 1.632680 80.657099 102.384169 0.041108 0.162139 0.622554 
14.000000 0.410714 -0.058528 0.825352 0.015672 1.689630 80.914926 102.002394 0.036991 0.155123 0.633237 
14.400000 0.410714 -0.060958 0.824923 0.016209 1.745812 81.162775 101.638142 0.033239 0.148229 0.643455 
14.800000 0.410714 -0.063388 0.824516 0.016736 1.801208 81.400861 101.290781 0.029827 0.141478 0.653211 
15.200000 0.410714 -0.065815 0.824128 0.017253 1.855769 81.629269 100.959898 0.026732 0.134893 0.662504 
-49.200000 0.414286 0.231626 0.825129 0.041724 2.855997 57.152828 144.372377 0.823561 0.001565 0.000003 
13.600000 0.414286 -0.055636 0.825988 0.015022 1.621812 80.615774 102.459790 0.041950 0.163522 0.620515 
14.000000 0.414286 -0.058067 0.825533 0.015570 1.678923 80.875526 102.074502 0.037759 0.156483 0.631291 
14.400000 0.414286 -0.060498 0.825100 0.016108 1.735264 81.125236 101.706889 0.033938 0.149562 0.641599 
14.800000 0.414286 -0.062928 0.824687 0.016637 1.790825 81.365149 101.356276 0.030461 0.142780 0.651445 
15.200000 0.414286 -0.065356 0.824295 0.017157 1.845558 81.595353 101.022237 0.027306 0.136160 0.660828 
-50.000000 0.417857 0.234480 0.824296 0.042044 2.877592 57.075620 144.421696 0.822881 0.001413 0.000002 
-49.600000 0.417857 0.233459 0.825514 0.041945 2.870959 57.168624 144.399791 0.824029 0.001482 0.000003 
14.000000 0.417857 -0.057606 0.825714 0.015467 1.668187 80.835663 102.147234 0.038540 0.157847 0.629327 
14.400000 0.417857 -0.060037 0.825275 0.016007 1.724688 81.087247 101.776235 0.034649 0.150900 0.639726 
14.800000 0.417857 -0.062468 0.824858 0.016538 1.780412 81.328993 101.422353 0.031107 0.144088 0.649663 
15.200000 0.417857 -0.064897 0.824461 0.017060 1.835315 81.561004 101.085138 0.027891 0.137434 0.659136 
15.600000 0.417857 -0.067323 0.824083 0.017571 1.889376 81.783462 100.764047 0.024980 0.130955 0.668148 
-50.400000 0.421429 0.236323 0.824676 0.042266 2.892572 57.091353 144.448558 0.823337 0.001337 0.000002 
-50.000000 0.421429 0.235282 0.825897 0.042165 2.885815 57.184542 144.426631 0.824490 0.001404 0.000002 
14.000000 0.421429 -0.057145 0.825895 0.015364 1.657423 80.795338 102.220596 0.039335 0.159215 0.627345 
14.400000 0.421429 -0.059577 0.825451 0.015906 1.714083 81.048808 101.846185 0.035373 0.152243 0.637836 
14.800000 0.421429 -0.062009 0.825029 0.016439 1.769969 81.292395 101.489015 0.031765 0.145401 0.647862 
15.200000 0.421429 -0.064438 0.824626 0.016962 1.825042 81.526221 101.148604 0.028487 0.138713 0.657425 
15.600000 0.421429 -0.066865 0.824244 0.017476 1.879270 81.750432 100.824457 0.025519 0.132199 0.666527 
-50.800000 0.425000 0.238157 0.825054 0.042486 2.907452 57.107080 144.474879 0.823786 0.001266 0.000002 
14.400000 0.425000 -0.059116 0.825627 0.015804 1.703449 81.009919 101.916743 0.036110 0.153589 0.635928 
14.800000 0.425000 -0.061549 0.825199 0.016339 1.759496 81.255354 101.556267 0.032435 0.146719 0.646045 
15.200000 0.425000 -0.063979 0.824792 0.016864 1.814738 81.491003 101.212641 0.029095 0.139999 0.655698 
15.600000 0.425000 -0.066407 0.824405 0.017380 1.869135 81.716984 100.885407 0.026068 0.133449 0.664888 
16.000000 0.425000 -0.068833 0.824038 0.017886 1.922732 81.933740 100.573662 0.023331 0.127077 0.673629 
-51.600000 0.428571 0.240923 0.824262 0.042794 2.928187 57.034399 144.520066 0.823115 0.001145 0.000002 
-51.200000 0.428571 0.239983 0.825429 0.042705 2.922229 57.122839 144.500669 0.824228 0.001199 0.000002 
14.400000 0.428571 -0.058656 0.825802 0.015702 1.692787 80.970580 101.987914 0.036860 0.154940 0.634002 
14.800000 0.428571 -0.061089 0.825369 0.016239 1.748994 81.217872 101.624110 0.033117 0.148043 0.644210 
15.200000 0.428571 -0.063520 0.824957 0.016766 1.804403 81.455351 101.277252 0.029714 0.141290 0.653953 
15.600000 0.428571 -0.065949 0.824566 0.017284 1.858970 81.683118 100.946903 0.026628 0.134705 0.663233 
16.000000 0.428571 -0.068376 0.824194 0.017791 1.912724 81.901550 100.632246 0.023837 0.128298 0.672059 
-52.000000 0.432143 0.242758 0.824635 0.043013 2.942982 57.050276 144.545350 0.823550 0.001084 0.000001 
-51.600000 0.432143 0.241800 0.825802 0.042922 2.936904 57.138666 144.525934 0.824665 0.001135 0.000002 
14.400000 0.432143 -0.058195 0.825977 0.015600 1.682096 80.930790 102.059702 0.037623 0.156296 0.632059 
14.800000 0.432143 -0.060629 0.825540 0.016139 1.738463 81.179949 101.692549 0.033811 0.149371 0.642357 
15.200000 0.432143 -0.063061 0.825123 0.016668 1.794038 81.419264 101.342441 0.030344 0.142588 0.652191 
15.600000 0.432143 -0.065491 0.824726 0.017187 1.848775 81.648830 101.008951 0.027199 0.135968 0.661560 
16.000000 0.432143 -0.067918 0.824350 0.017697 1.902688 81.868963 100.691343 0.024352 0.129524 0.670473 
-52.400000 0.435714 0.244585 0.825005 0.043230 2.957682 57.066066 144.570149 0.823978 0.001026 0.000001 
14.800000 0.435714 -0.060168 0.825710 0.016038 1.727903 81.141585 101.761586 0.034518 0.150704 0.640488 
15.200000 0.435714 -0.062602 0.825288 0.016569 1.783642 81.382744 101.408213 0.030986 0.143890 0.650412 
15.600000 0.435714 -0.065033 0.824887 0.017090 1.838550 81.614120 101.071556 0.027780 0.137236 0.659871 
16.000000 0.435714 -0.067461 0.824505 0.017602 1.892624 81.835975 100.750959 0.024878 0.130757 0.668870 
16.400000 0.435714 -0.069890 0.824143 0.018104 1.945955 82.048946 100.445249 0.022254 0.124455 0.677434 
-53.200000 0.439286 0.247270 0.824244 0.043526 2.977629 56.997023 144.611725 0.823313 0.000929 0.000001 
-52.800000 0.439286 0.246404 0.825371 0.043446 2.972286 57.081811 144.594467 0.824400 0.000971 0.000001 
14.800000 0.439286 -0.059708 0.825880 0.015937 1.717314 81.102781 101.831227 0.035237 0.152042 0.638600 
15.200000 0.439286 -0.062143 0.825453 0.016470 1.773217 81.345789 101.474570 0.031639 0.145198 0.648615 
15.600000 0.439286 -0.064574 0.825047 0.016993 1.828294 81.578986 101.134725 0.028372 0.138511 0.658164 
16.000000 0.439286 -0.067003 0.824661 0.017506 1.882532 81.802585 100.811102 0.025413 0.131996 0.667251 
16.400000 0.439286 -0.069432 0.824294 0.018011 1.936009 82.017170 100.502597 0.022737 0.125659 0.675897 
-53.600000 0.442857 0.249095 0.824613 0.043742 2.992244 57.013141 144.635559 0.823733 0.000879 0.000001 
-53.200000 0.442857 0.248214 0.825735 0.043661 2.986792 57.097554 144.618311 0.824815 0.000919 0.000001 
15.200000 0.442857 -0.061683 0.825618 0.016370 1.762761 81.308400 101.541515 0.032305 0.146512 0.646801 
15.600000 0.442857 -0.064116 0.825207 0.016895 1.818008 81.543428 101.198461 0.028975 0.139791 0.656440 
16.000000 0.442857 -0.066545 0.824816 0.017411 1.872412 81.768789 100.871779 0.025959 0.133242 0.665615 
16.400000 0.442857 -0.068975 0.824445 0.017917 1.926037 81.985013 100.560440 0.023231 0.126869 0.674345 
16.800000 0.442857 -0.071407 0.824091 0.018415 1.978980 82.192792 100.263206 0.020762 0.120672 0.682657 
