36.400000 -0.253571 -0.750468 0.750468 0.000000 0.000000 51.052227 147.000000 0.750468 0.000000 0.000000 
34.800000 -0.242857 -0.749284 0.749284 0.000000 0.000000 50.971673 147.000000 0.749284 0.000000 0.000000 
28.000000 -0.196429 -0.750468 0.750468 0.000000 0.000000 51.052227 147.000000 0.750468 0.000000 0.000000 
26.400000 -0.185714 -0.749284 0.749284 0.000000 0.000000 50.971673 147.000000 0.749284 0.000000 0.000000 
19.600000 -0.139286 -0.750468 0.750468 0.000000 0.000000 51.052227 147.000000 0.750468 0.000000 0.000000 
18.000000 -0.128571 -0.749284 0.749284 0.000000 0.000000 50.971673 147.000000 0.749284 0.000000 0.000000 
11.200000 -0.082143 -0.750468 0.750468 0.000000 0.000000 51.052227 147.000000 0.750468 0.000000 0.000000 
9.600000 -0.071429 -0.749284 0.749284 0.000000 0.000000 50.971673 147.000000 0.749284 0.000000 0.000000 
2.800000 -0.025000 -0.750468 0.750468 0.000000 0.000000 51.052227 147.000000 0.750468 0.000000 0.000000 
1.200000 -0.014286 -0.749284 0.749284 0.000000 0.000000 50.971673 147.000000 0.749284 0.000000 0.000000 
-5.600000 0.032143 -0.750468 0.750468 0.000000 0.000000 51.052227 147.000000 0.750468 0.000000 0.000000 
-7.200000 0.042857 -0.749284 0.749284 0.000000 0.000000 50.971673 147.000000 0.749284 0.000000 0.000000 
-14.000000 0.089286 -0.750468 0.750468 0.000000 0.000000 51.052227 147.000000 0.750468 0.000000 0.000000 
-15.600000 0.100000 -0.749284 0.749284 0.000000 0.000000 50.971673 147.000000 0.749284 0.000000 0.000000 
-22.400000 0.146429 -0.750468 0.750468 0.000000 0.000000 51.052227 147.000000 0.750468 0.000000 0.000000 
-24.000000 0.157143 -0.749284 0.749284 0.000000 0.000000 50.971673 147.000000 0.749284 0.000000 0.000000 
-30.800000 0.203571 -0.750468 0.750468 0.000000 0.000000 51.052227 147.000000 0.750468 0.000000 0.000000 
-32.400000 0.214286 -0.749284 0.749284 0.000000 0.000000 50.971673 147.000000 0.749284 0.000000 0.000000 
-39.200000 0.260714 -0.750468 0.750468 0.000000 0.000000 51.052227 147.000000 0.750468 0.000000 0.000000 
-40.800000 0.271429 -0.749284 0.749284 0.000000 0.000000 50.971673 147.000000 0.749284 0.000000 0.000000 
-47.600000 0.317857 -0.750468 0.750468 0.000000 0.000000 51.052227 147.000000 0.750468 0.000000 0.000000 
-49.200000 0.328571 -0.749284 0.749284 0.000000 0.000000 50.971673 147.000000 0.749284 0.000000 0.000000 
-56.000000 0.375000 -0.750468 0.750468 0.000000 0.000000 51.052227 147.000000 0.750468 0.000000 0.000000 
-57.600000 0.385714 -0.749284 0.749284 0.000000 0.000000 50.971673 147.000000 0.749284 0.000000 0.000000 
