36.000000 -0.257143 -0.699738 0.699738 0.000000 0.000000 47.601233 147.000000 0.699738 0.000000 0.000000 
27.600000 -0.200000 -0.699738 0.699738 0.000000 0.000000 47.601233 147.000000 0.699738 0.000000 0.000000 
19.200000 -0.142857 -0.699738 0.699738 0.000000 0.000000 47.601233 147.000000 0.699738 0.000000 0.000000 
10.800000 -0.085714 -0.699738 0.699738 0.000000 0.000000 47.601233 147.000000 0.699738 0.000000 0.000000 
2.400000 -0.028571 -0.699738 0.699738 0.000000 0.000000 47.601233 147.000000 0.699738 0.000000 0.000000 
-6.000000 0.028571 -0.699738 0.699738 0.000000 0.000000 47.601233 147.000000 0.699738 0.000000 0.000000 
-14.400000 0.085714 -0.699738 0.699738 0.000000 0.000000 47.601233 147.000000 0.699738 0.000000 0.000000 
-22.800000 0.142857 -0.699738 0.699738 0.000000 0.000000 47.601233 147.000000 0.699738 0.000000 0.000000 
-31.200000 0.200000 -0.699738 0.699738 0.000000 0.000000 47.601233 147.000000 0.699738 0.000000 0.000000 
-39.600000 0.257143 -0.699738 0.699738 0.000000 0.000000 47.601233 147.000000 0.699738 0.000000 0.000000 
-48.000000 0.314286 -0.699738 0.699738 0.000000 0.000000 47.601233 147.000000 0.699738 0.000000 0.000000 
-56.400000 0.371429 -0.699738 0.699738 0.000000 0.000000 47.601233 147.000000 0.699738 0.000000 0.000000 
