39.200000 -0.392857 -0.261686 0.725667 0.043249 4.722286 78.263042 92.721563 0.000000 0.000145 0.725522 
38.800000 -0.389286 -0.259526 0.724971 0.042998 4.694535 78.171624 92.740999 0.000000 0.000157 0.724814 
38.400000 -0.385714 -0.257361 0.724267 0.042746 4.666646 78.079044 92.760791 0.000000 0.000170 0.724098 
37.200000 -0.371429 -0.251631 0.725766 0.042145 4.599671 78.184393 92.827462 0.000000 0.000219 0.725547 
36.800000 -0.367857 -0.249445 0.725078 0.041889 4.571376 78.092238 92.848887 0.000000 0.000236 0.724841 
36.400000 -0.364286 -0.247251 0.724382 0.041633 4.542939 77.998914 92.870723 0.000000 0.000255 0.724126 
35.200000 -0.350000 -0.241381 0.725913 0.041009 4.473513 78.101857 92.944423 0.000000 0.000329 0.725584 
34.800000 -0.346429 -0.239166 0.725234 0.040748 4.444632 78.008883 92.968151 0.000000 0.000356 0.724878 
34.400000 -0.342857 -0.236945 0.724547 0.040486 4.415604 77.914732 92.992357 0.000000 0.000384 0.724163 
32.800000 -0.325000 -0.228688 0.725447 0.039573 4.314024 77.920777 93.100643 0.000000 0.000535 0.724912 
32.400000 -0.321429 -0.226439 0.724772 0.039305 4.284352 77.825686 93.127618 0.000000 0.000577 0.724194 
32.000000 -0.317857 -0.224184 0.724089 0.039036 4.254524 77.729386 93.155171 0.000001 0.000623 0.723466 
30.800000 -0.303571 -0.218007 0.725726 0.038360 4.179229 77.826936 93.248640 0.000001 0.000804 0.724921 
30.400000 -0.300000 -0.215729 0.725064 0.038086 4.148856 77.730756 93.278877 0.000001 0.000868 0.724195 
30.000000 -0.296429 -0.213446 0.724395 0.037810 4.118317 77.633349 93.309797 0.000001 0.000937 0.723457 
28.400000 -0.278571 -0.204814 0.725433 0.036825 4.008730 77.628638 93.449084 0.000002 0.001303 0.724127 
28.000000 -0.275000 -0.202503 0.724781 0.036543 3.977407 77.529914 93.484016 0.000003 0.001407 0.723372 
27.600000 -0.271429 -0.200185 0.724123 0.036258 3.945904 77.429913 93.519796 0.000003 0.001518 0.722602 
26.400000 -0.257143 -0.193690 0.725891 0.035519 3.863523 77.517657 93.641957 0.000005 0.001955 0.723930 
26.000000 -0.253571 -0.191350 0.725259 0.035228 3.831330 77.417332 93.681718 0.000006 0.002110 0.723143 
25.600000 -0.250000 -0.189005 0.724622 0.034936 3.798942 77.315689 93.722508 0.000007 0.002278 0.722337 
24.000000 -0.232143 -0.179987 0.725845 0.033862 3.679532 77.293315 93.907891 0.000013 0.003163 0.722669 
23.600000 -0.228571 -0.177613 0.725234 0.033561 3.646152 77.189624 93.954797 0.000016 0.003413 0.721805 
23.200000 -0.225000 -0.175235 0.724618 0.033258 3.612557 77.084526 94.003018 0.000018 0.003682 0.720917 
21.600000 -0.207143 -0.166009 0.725978 0.032127 3.486845 77.048527 94.223506 0.000035 0.005107 0.720836 
21.200000 -0.203571 -0.163603 0.725394 0.031814 3.452101 76.940722 94.279628 0.000041 0.005508 0.719845 
20.800000 -0.200000 -0.161191 0.724808 0.031498 3.417113 76.831383 94.337466 0.000048 0.005941 0.718819 
20.400000 -0.196429 -0.158776 0.724219 0.031180 3.381875 76.720475 94.397098 0.000056 0.006407 0.717757 
18.800000 -0.178571 -0.149318 0.725791 0.029972 3.247778 76.663704 94.672105 0.000107 0.008865 0.716820 
18.400000 -0.175000 -0.146875 0.725245 0.029642 3.211156 76.548938 94.742683 0.000124 0.009555 0.715566 
18.000000 -0.171429 -0.144428 0.724699 0.029308 3.174245 76.432396 94.815672 0.000144 0.010298 0.714256 
17.600000 -0.167857 -0.141977 0.724153 0.028972 3.137037 76.314027 94.891197 0.000168 0.011097 0.712888 
15.600000 -0.146429 -0.129812 0.725515 0.027319 2.953867 76.102162 95.334400 0.000372 0.016475 0.708668 
15.200000 -0.142857 -0.127332 0.725031 0.026963 2.914592 75.975857 95.429179 0.000433 0.017737 0.706862 
14.800000 -0.139286 -0.124848 0.724552 0.026604 2.874953 75.847296 95.527686 0.000503 0.019091 0.704958 
14.400000 -0.135714 -0.122361 0.724077 0.026242 2.834939 75.716398 95.630138 0.000584 0.020543 0.702950 
12.400000 -0.114286 -0.109916 0.725993 0.024421 2.633992 75.433947 96.242206 0.001280 0.030232 0.694481 
12.000000 -0.110714 -0.107403 0.725615 0.024033 2.591254 75.290510 96.375410 0.001483 0.032479 0.691653 
11.600000 -0.107143 -0.104887 0.725250 0.023640 2.548035 75.143932 96.514716 0.001718 0.034880 0.688651 
11.200000 -0.103571 -0.102370 0.724897 0.023242 2.504318 74.994067 96.660521 0.001989 0.037444 0.685463 
10.800000 -0.100000 -0.099850 0.724558 0.022838 2.460086 74.840758 96.813259 0.002302 0.040181 0.682075 
10.400000 -0.096429 -0.097328 0.724235 0.022430 2.415320 74.683839 96.973392 0.002663 0.043099 0.678473 
2.400000 -0.025000 -0.046788 0.724191 0.012712 1.374393 70.424857 102.831683 0.040457 0.149062 0.534671 
2.000000 -0.021429 -0.044268 0.724718 0.012123 1.313592 70.134723 103.332229 0.045658 0.156540 0.522519 
1.600000 -0.017857 -0.041749 0.725317 0.011522 1.251922 69.835605 103.860636 0.051417 0.164084 0.509816 
1.200000 -0.014286 -0.039232 0.725991 0.010909 1.189412 69.527514 104.417782 0.057772 0.171650 0.496570 
-0.800000 0.000000 -0.027120 0.724729 0.007783 0.876666 67.439501 107.463518 0.096222 0.204642 0.423864 
-1.200000 0.003571 -0.024630 0.725849 0.007108 0.810903 67.088619 108.192582 0.106487 0.211241 0.408121 
-2.800000 0.014286 -0.015225 0.724730 0.004471 0.558475 65.198775 111.156973 0.150074 0.230323 0.344333 
-4.400000 0.025000 -0.006001 0.724149 0.001789 0.311035 63.284777 114.427074 0.202095 0.241316 0.280738 
-4.800000 0.028571 -0.003564 0.725896 0.001073 0.246840 62.935158 115.340311 0.217759 0.243293 0.264844 
-6.400000 0.039286 0.005436 0.725898 0.001597 0.014034 61.110417 118.784644 0.276821 0.242338 0.206739 
-11.200000 0.071429 0.031148 0.725934 0.008827 0.572462 56.639304 128.167843 0.448785 0.194752 0.082397 
-12.800000 0.082143 0.039280 0.725552 0.010895 0.729053 55.539616 130.636902 0.495912 0.171684 0.057957 
-14.400000 0.092857 0.047202 0.724920 0.012786 0.868757 54.613982 132.735207 0.536247 0.148544 0.040129 
-16.000000 0.103571 0.054926 0.724061 0.014515 0.993871 53.836371 134.492920 0.569980 0.126638 0.027443 
-18.000000 0.117857 0.064716 0.725352 0.016566 1.139515 53.214718 136.306665 0.606503 0.102086 0.016763 
-19.600000 0.128571 0.072073 0.724204 0.017997 1.239919 52.684190 137.461434 0.627858 0.085094 0.011252 
-21.600000 0.142857 0.081510 0.725334 0.019741 1.360935 52.311263 138.657417 0.651436 0.067145 0.006753 
-23.200000 0.153571 0.088559 0.724056 0.020959 1.444861 51.930326 139.428432 0.664300 0.055269 0.004487 
-25.200000 0.167857 0.097706 0.725162 0.022486 1.549536 51.707918 140.241999 0.679399 0.043095 0.002668 
-28.800000 0.192857 0.113391 0.725000 0.024924 1.715669 51.288989 141.355971 0.696673 0.027285 0.001043 
-32.400000 0.217857 0.128623 0.724924 0.027135 1.865694 50.988573 142.173868 0.707374 0.017145 0.000406 
-36.000000 0.242857 0.143447 0.724961 0.029173 2.003625 50.768367 142.797690 0.714074 0.010729 0.000157 
-39.600000 0.267857 0.157892 0.725114 0.031073 2.132098 50.605115 143.288654 0.718354 0.006699 0.000061 
-43.200000 0.292857 0.171984 0.725379 0.032861 2.252928 50.483964 143.685007 0.721176 0.004179 0.000024 
-44.800000 0.303571 0.177766 0.724251 0.033559 2.299977 50.352490 143.836219 0.720847 0.003389 0.000016 
-46.800000 0.317857 0.185743 0.725746 0.034557 2.367415 50.394964 144.011668 0.723131 0.002606 0.000009 
-48.400000 0.328571 0.191360 0.724662 0.035215 2.411802 50.275569 144.137907 0.722543 0.002113 0.000006 
-52.000000 0.353571 0.204644 0.725162 0.036797 2.518614 50.221554 144.392490 0.723842 0.001317 0.000002 
-53.600000 0.364286 0.210022 0.724117 0.037405 2.559648 50.114584 144.492346 0.723047 0.001068 0.000002 
-55.600000 0.378571 0.217632 0.725741 0.038314 2.621070 50.186017 144.610177 0.724918 0.000822 0.000001 
-57.200000 0.389286 0.222862 0.724734 0.038894 2.660204 50.086590 144.696286 0.724067 0.000666 0.000001 
