39.600000 -0.228571 -0.899810 0.899810 0.000000 0.000000 61.211583 147.000000 0.899810 0.000000 0.000000 
39.200000 -0.225000 -0.900981 0.900981 0.000000 0.000000 61.291243 147.000000 0.900981 0.000000 0.000000 
38.000000 -0.217857 -0.899573 0.899573 0.000000 0.000000 61.195443 147.000000 0.899573 0.000000 0.000000 
37.600000 -0.214286 -0.900749 0.900749 0.000000 0.000000 61.275449 147.000000 0.900749 0.000000 0.000000 
36.400000 -0.207143 -0.899335 0.899335 0.000000 0.000000 61.179232 147.000000 0.899335 0.000000 0.000000 
36.000000 -0.203571 -0.900516 0.900516 0.000000 0.000000 61.259586 147.000000 0.900516 0.000000 0.000000 
34.800000 -0.196429 -0.899095 0.899095 0.000000 0.000000 61.162951 147.000000 0.899095 0.000000 0.000000 
34.400000 -0.192857 -0.900282 0.900282 0.000000 0.000000 61.243654 147.000000 0.900282 0.000000 0.000000 
32.800000 -0.182143 -0.900047 0.900047 0.000000 0.000000 61.227654 147.000000 0.900047 0.000000 0.000000 
31.200000 -0.171429 -0.899810 0.899810 0.000000 0.000000 61.211583 147.000000 0.899810 0.000000 0.000000 
30.800000 -0.167857 -0.900981 0.900981 0.000000 0.000000 61.291243 147.000000 0.900981 0.000000 0.000000 
29.600000 -0.160714 -0.899573 0.899573 0.000000 0.000000 61.195443 147.000000 0.899573 0.000000 0.000000 
29.200000 -0.157143 -0.900749 0.900749 0.000000 0.000000 61.275449 147.000000 0.900749 0.000000 0.000000 
28.000000 -0.150000 -0.899335 0.899335 0.000000 0.000000 61.179232 147.000000 0.899335 0.000000 0.000000 
27.600000 -0.146429 -0.900516 0.900516 0.000000 0.000000 61.259586 147.000000 0.900516 0.000000 0.000000 
26.400000 -0.139286 -0.899095 0.899095 0.000000 0.000000 61.162951 147.000000 0.899095 0.000000 0.000000 
26.000000 -0.135714 -0.900282 0.900282 0.000000 0.000000 61.243654 147.000000 0.900282 0.000000 0.000000 
24.400000 -0.125000 -0.900047 0.900047 0.000000 0.000000 61.227654 147.000000 0.900047 0.000000 0.000000 
22.800000 -0.114286 -0.899810 0.899810 0.000000 0.000000 61.211583 147.000000 0.899810 0.000000 0.000000 
22.400000 -0.110714 -0.900981 0.900981 0.000000 0.000000 61.291243 147.000000 0.900981 0.000000 0.000000 
21.200000 -0.103571 -0.899573 0.899573 0.000000 0.000000 61.195443 147.000000 0.899573 0.000000 0.000000 
20.800000 -0.100000 -0.900749 0.900749 0.000000 0.000000 61.275449 147.000000 0.900749 0.000000 0.000000 
19.600000 -0.092857 -0.899335 0.899335 0.000000 0.000000 61.179232 147.000000 0.899335 0.000000 0.000000 
19.200000 -0.089286 -0.900516 0.900516 0.000000 0.000000 61.259586 147.000000 0.900516 0.000000 0.000000 
18.000000 -0.082143 -0.899095 0.899095 0.000000 0.000000 61.162951 147.000000 0.899095 0.000000 0.000000 
17.600000 -0.078571 -0.900282 0.900282 0.000000 0.000000 61.243654 147.000000 0.900282 0.000000 0.000000 
16.000000 -0.067857 -0.900047 0.900047 0.000000 0.000000 61.227654 147.000000 0.900047 0.000000 0.000000 
14.400000 -0.057143 -0.899810 0.899810 0.000000 0.000000 61.211583 147.000000 0.899810 0.000000 0.000000 
14.000000 -0.053571 -0.900981 0.900981 0.000000 0.000000 61.291243 147.000000 0.900981 0.000000 0.000000 
12.800000 -0.046429 -0.899573 0.899573 0.000000 0.000000 61.195443 147.000000 0.899573 0.000000 0.000000 
12.400000 -0.042857 -0.900749 0.900749 0.000000 0.000000 61.275449 147.000000 0.900749 0.000000 0.000000 
11.200000 -0.035714 -0.899335 0.899335 0.000000 0.000000 61.179232 147.000000 0.899335 0.000000 0.000000 
10.800000 -0.032143 -0.900516 0.900516 0.000000 0.000000 61.259586 147.000000 0.900516 0.000000 0.000000 
9.600000 -0.025000 -0.899095 0.899095 0.000000 0.000000 61.162951 147.000000 0.899095 0.000000 0.000000 
9.200000 -0.021429 -0.900282 0.900282 0.000000 0.000000 61.243654 147.000000 0.900282 0.000000 0.000000 
7.600000 -0.010714 -0.900047 0.900047 0.000000 0.000000 61.227654 147.000000 0.900047 0.000000 0.000000 
6.000000 0.000000 -0.899810 0.899810 0.000000 0.000000 61.211583 147.000000 0.899810 0.000000 0.000000 
5.600000 0.003571 -0.900981 0.900981 0.000000 0.000000 61.291243 147.000000 0.900981 0.000000 0.000000 
4.400000 0.010714 -0.899573 0.899573 0.000000 0.000000 61.195443 147.000000 0.899573 0.000000 0.000000 
4.000000 0.014286 -0.900749 0.900749 0.000000 0.000000 61.275449 147.000000 0.900749 0.000000 0.000000 
2.800000 0.021429 -0.899335 0.899335 0.000000 0.000000 61.179232 147.000000 0.899335 0.000000 0.000000 
2.400000 0.025000 -0.900516 0.900516 0.000000 0.000000 61.259586 147.000000 0.900516 0.000000 0.000000 
1.200000 0.032143 -0.899095 0.899095 0.000000 0.000000 61.162951 147.000000 0.899095 0.000000 0.000000 
0.800000 0.035714 -0.900282 0.900282 0.000000 0.000000 61.243654 147.000000 0.900282 0.000000 0.000000 
-0.800000 0.046429 -0.900047 0.900047 0.000000 0.000000 61.227654 147.000000 0.900047 0.000000 0.000000 
-2.400000 0.057143 -0.899810 0.899810 0.000000 0.000000 61.211583 147.000000 0.899810 0.000000 0.000000 
-2.800000 0.060714 -0.900981 0.900981 0.000000 0.000000 61.291243 147.000000 0.900981 0.000000 0.000000 
-4.000000 0.067857 -0.899573 0.899573 0.000000 0.000000 61.195443 147.000000 0.899573 0.000000 0.000000 
-4.400000 0.071429 -0.900749 0.900749 0.000000 0.000000 61.275449 147.000000 0.900749 0.000000 0.000000 
-5.600000 0.078571 -0.899335 0.899335 0.000000 0.000000 61.179232 147.000000 0.899335 0.000000 0.000000 
-6.000000 0.082143 -0.900516 0.900516 0.000000 0.000000 61.259586 147.000000 0.900516 0.000000 0.000000 
-7.200000 0.089286 -0.899095 0.899095 0.000000 0.000000 61.162951 147.000000 0.899095 0.000000 0.000000 
-7.600000 0.092857 -0.900282 0.900282 0.000000 0.000000 61.243654 147.000000 0.900282 0.000000 0.000000 
-9.200000 0.103571 -0.900047 0.900047 0.000000 0.000000 61.227654 147.000000 0.900047 0.000000 0.000000 
-10.800000 0.114286 -0.899810 0.899810 0.000000 0.000000 61.211583 147.000000 0.899810 0.000000 0.000000 
-11.200000 0.117857 -0.900981 0.900981 0.000000 0.000000 61.291243 147.000000 0.900981 0.000000 0.000000 
-12.400000 0.125000 -0.899573 0.899573 0.000000 0.000000 61.195443 147.000000 0.899573 0.000000 0.000000 
-12.800000 0.128571 -0.900749 0.900749 0.000000 0.000000 61.275449 147.000000 0.900749 0.000000 0.000000 
-14.000000 0.135714 -0.899335 0.899335 0.000000 0.000000 61.179232 147.000000 0.899335 0.000000 0.000000 
-14.400000 0.139286 -0.900516 0.900516 0.000000 0.000000 61.259586 147.000000 0.900516 0.000000 0.000000 
-15.600000 0.146429 -0.899095 0.899095 0.000000 0.000000 61.162951 147.000000 0.899095 0.000000 0.000000 
-16.000000 0.150000 -0.900282 0.900282 0.000000 0.000000 61.243654 147.000000 0.900282 0.000000 0.000000 
-17.600000 0.160714 -0.900047 0.900047 0.000000 0.000000 61.227654 147.000000 0.900047 0.000000 0.000000 
-19.200000 0.171429 -0.899810 0.899810 0.000000 0.000000 61.211583 147.000000 0.899810 0.000000 0.000000 
-19.600000 0.175000 -0.900981 0.900981 0.000000 0.000000 61.291243 147.000000 0.900981 0.000000 0.000000 
-20.800000 0.182143 -0.899573 0.899573 0.000000 0.000000 61.195443 147.000000 0.899573 0.000000 0.000000 
-21.200000 0.185714 -0.900749 0.900749 0.000000 0.000000 61.275449 147.000000 0.900749 0.000000 0.000000 
-22.400000 0.192857 -0.899335 0.899335 0.000000 0.000000 61.179232 147.000000 0.899335 0.000000 0.000000 
-22.800000 0.196429 -0.900516 0.900516 0.000000 0.000000 61.259586 147.000000 0.900516 0.000000 0.000000 
-24.000000 0.203571 -0.899095 0.899095 0.000000 0.000000 61.162951 147.000000 0.899095 0.000000 0.000000 
-24.400000 0.207143 -0.900282 0.900282 0.000000 0.000000 61.243654 147.000000 0.900282 0.000000 0.000000 
-26.000000 0.217857 -0.900047 0.900047 0.000000 0.000000 61.227654 147.000000 0.900047 0.000000 0.000000 
-27.600000 0.228571 -0.899810 0.899810 0.000000 0.000000 61.211583 147.000000 0.899810 0.000000 0.000000 
-28.000000 0.232143 -0.900981 0.900981 0.000000 0.000000 61.291243 147.000000 0.900981 0.000000 0.000000 
-29.200000 0.239286 -0.899573 0.899573 0.000000 0.000000 61.195443 147.000000 0.899573 0.000000 0.000000 
-29.600000 0.242857 -0.900749 0.900749 0.000000 0.000000 61.275449 147.000000 0.900749 0.000000 0.000000 
-30.800000 0.250000 -0.899335 0.899335 0.000000 0.000000 61.179232 147.000000 0.899335 0.000000 0.000000 
-31.200000 0.253571 -0.900516 0.900516 0.000000 0.000000 61.259586 147.000000 0.900516 0.000000 0.000000 
-32.400000 0.260714 -0.899095 0.899095 0.000000 0.000000 61.162951 147.000000 0.899095 0.000000 0.000000 
-32.800000 0.264286 -0.900282 0.900282 0.000000 0.000000 61.243654 147.000000 0.900282 0.000000 0.000000 
-34.400000 0.275000 -0.900047 0.900047 0.000000 0.000000 61.227654 147.000000 0.900047 0.000000 0.000000 
-36.000000 0.285714 -0.899810 0.899810 0.000000 0.000000 61.211583 147.000000 0.899810 0.000000 0.000000 
-36.400000 0.289286 -0.900981 0.900981 0.000000 0.000000 61.291243 147.000000 0.900981 0.000000 0.000000 
-37.600000 0.296429 -0.899573 0.899573 0.000000 0.000000 61.195443 147.000000 0.899573 0.000000 0.000000 
-38.000000 0.300000 -0.900749 0.900749 0.000000 0.000000 61.275449 147.000000 0.900749 0.000000 0.000000 
-39.200000 0.307143 -0.899335 0.899335 0.000000 0.000000 61.179232 147.000000 0.899335 0.000000 0.000000 
-39.600000 0.310714 -0.900516 0.900516 0.000000 0.000000 61.259586 147.000000 0.900516 0.000000 0.000000 
-40.800000 0.317857 -0.899095 0.899095 0.000000 0.000000 61.162951 147.000000 0.899095 0.000000 0.000000 
-41.200000 0.321429 -0.900282 0.900282 0.000000 0.000000 61.243654 147.000000 0.900282 0.000000 0.000000 
-42.800000 0.332143 -0.900047 0.900047 0.000000 0.000000 61.227654 147.000000 0.900047 0.000000 0.000000 
-44.400000 0.342857 -0.899810 0.899810 0.000000 0.000000 61.211583 147.000000 0.899810 0.000000 0.000000 
-44.800000 0.346429 -0.900981 0.900981 0.000000 0.000000 61.291243 147.000000 0.900981 0.000000 0.000000 
-46.000000 0.353571 -0.899573 0.899573 0.000000 0.000000 61.195443 147.000000 0.899573 0.000000 0.000000 
-46.400000 0.357143 -0.900749 0.900749 0.000000 0.000000 61.275449 147.000000 0.900749 0.000000 0.000000 
-47.600000 0.364286 -0.899335 0.899335 0.000000 0.000000 61.179232 147.000000 0.899335 0.000000 0.000000 
-48.000000 0.367857 -0.900516 0.900516 0.000000 0.000000 61.259586 147.000000 0.900516 0.000000 0.000000 
-49.200000 0.375000 -0.899095 0.899095 0.000000 0.000000 61.162951 147.000000 0.899095 0.000000 0.000000 
-49.600000 0.378571 -0.900282 0.900282 0.000000 0.000000 61.243654 147.000000 0.900282 0.000000 0.000000 
-51.200000 0.389286 -0.900047 0.900047 0.000000 0.000000 61.227654 147.000000 0.900047 0.000000 0.000000 
-52.800000 0.400000 -0.899810 0.899810 0.000000 0.000000 61.211583 147.000000 0.899810 0.000000 0.000000 
-53.200000 0.403571 -0.900981 0.900981 0.000000 0.000000 61.291243 147.000000 0.900981 0.000000 0.000000 
-54.400000 0.410714 -0.899573 0.899573 0.000000 0.000000 61.195443 147.000000 0.899573 0.000000 0.000000 
-54.800000 0.414286 -0.900749 0.900749 0.000000 0.000000 61.275449 147.000000 0.900749 0.000000 0.000000 
-56.000000 0.421429 -0.899335 0.899335 0.000000 0.000000 61.179232 147.000000 0.899335 0.000000 0.000000 
-56.400000 0.425000 -0.900516 0.900516 0.000000 0.000000 61.259586 147.000000 0.900516 0.000000 0.000000 
-57.600000 0.432143 -0.899095 0.899095 0.000000 0.000000 61.162951 147.000000 0.899095 0.000000 0.000000 
-58.000000 0.435714 -0.900282 0.900282 0.000000 0.000000 61.243654 147.000000 0.900282 0.000000 0.000000 
