37.200000 -0.425000 -0.223744 0.625748 0.037084 4.048819 67.470317 92.744118 0.000000 0.000137 0.625610 
35.200000 -0.403571 -0.214959 0.625599 0.036113 3.940967 67.375730 92.852263 0.000000 0.000206 0.625392 
33.200000 -0.382143 -0.206034 0.625567 0.035119 3.830538 67.285663 92.971835 0.000000 0.000310 0.625257 
31.200000 -0.360714 -0.196967 0.625667 0.034100 3.717305 67.200373 93.104702 0.000000 0.000467 0.625200 
29.200000 -0.339286 -0.187754 0.625916 0.033053 3.601004 67.120073 93.253162 0.000001 0.000701 0.625214 
24.800000 -0.292857 -0.166416 0.624618 0.030533 3.321168 66.699066 93.647261 0.000005 0.001700 0.622914 
22.800000 -0.271429 -0.156753 0.625505 0.029383 3.193240 66.636358 93.868439 0.000010 0.002551 0.622944 
20.400000 -0.246429 -0.144493 0.624418 0.027848 3.022935 66.303462 94.175706 0.000026 0.004108 0.620284 
18.400000 -0.225000 -0.134517 0.625969 0.026599 2.884193 66.252773 94.481921 0.000059 0.006147 0.619762 
16.000000 -0.200000 -0.121963 0.625826 0.024939 2.700094 65.932435 94.919240 0.000153 0.009856 0.615816 
13.200000 -0.171429 -0.106882 0.624406 0.022826 2.466371 65.340201 95.562307 0.000456 0.016874 0.607076 
10.400000 -0.142857 -0.091709 0.624268 0.020569 2.217578 64.744470 96.420317 0.001339 0.028609 0.594320 
7.200000 -0.110714 -0.074134 0.624511 0.017705 1.903887 63.848737 97.810966 0.004428 0.050898 0.569184 
2.400000 -0.064286 -0.047556 0.625551 0.012582 1.354350 61.698186 101.388912 0.023344 0.108783 0.493424 
2.000000 -0.060714 -0.045333 0.625006 0.012093 1.303028 61.393955 101.802521 0.026444 0.114655 0.483907 
1.600000 -0.057143 -0.043119 0.624562 0.011597 1.251151 61.087753 102.240146 0.029906 0.120670 0.473987 
1.200000 -0.053571 -0.040915 0.624227 0.011093 1.198719 60.779836 102.702961 0.033762 0.126806 0.463659 
0.800000 -0.050000 -0.038720 0.624008 0.010581 1.145736 60.470500 103.192090 0.038046 0.133040 0.452922 
-0.400000 -0.039286 -0.032182 0.624117 0.008994 0.983584 59.537587 104.827342 0.053793 0.152018 0.418306 
-0.800000 -0.035714 -0.030018 0.624430 0.008448 0.928528 59.226426 105.431061 0.060114 0.158317 0.406000 
-1.200000 -0.032143 -0.027859 0.624893 0.007894 0.873015 58.916019 106.065000 0.067020 0.164533 0.393340 
-1.600000 -0.028571 -0.025706 0.625508 0.007330 0.817082 58.606955 106.729361 0.074537 0.170622 0.380350 
-6.000000 0.007143 -0.002832 0.624563 0.000854 0.206207 54.101589 115.442573 0.188834 0.209426 0.226302 
-8.800000 0.028571 0.010892 0.624636 0.003189 0.141089 51.381278 121.568724 0.280813 0.202085 0.141738 
-11.200000 0.046429 0.022136 0.624827 0.006351 0.395985 49.450451 126.354236 0.356765 0.179763 0.088300 
-15.600000 0.078571 0.041729 0.625844 0.011264 0.766441 47.052846 133.008659 0.467570 0.125449 0.032825 
-17.600000 0.092857 0.050152 0.625330 0.013118 0.899967 46.277825 135.125254 0.502951 0.102145 0.020235 
-19.600000 0.107143 0.058422 0.625325 0.014804 1.019129 45.710279 136.801755 0.531162 0.081856 0.012307 
-21.600000 0.121429 0.066570 0.625762 0.016353 1.127161 45.302227 138.130496 0.553502 0.064847 0.007413 
-29.200000 0.175000 0.095869 0.625432 0.021208 1.460093 44.289295 141.215235 0.599228 0.025172 0.001032 
-38.400000 0.239286 0.128918 0.625406 0.025854 1.774968 43.730458 143.013770 0.617692 0.007622 0.000092 
-42.000000 0.264286 0.141150 0.625155 0.027432 1.881584 43.576436 143.461777 0.620365 0.004755 0.000036 
-45.600000 0.289286 0.153143 0.625292 0.028932 1.982940 43.475320 143.826862 0.622313 0.002965 0.000014 
-49.200000 0.314286 0.164917 0.625759 0.030370 2.080002 43.416283 144.130066 0.623905 0.001849 0.000005 
-58.000000 0.375000 0.191891 0.625039 0.033508 2.291841 43.198303 144.690743 0.624456 0.000583 0.000001 
