39.600000 -0.253571 -0.849304 0.849304 0.000000 0.000000 57.775779 147.000000 0.849304 0.000000 0.000000 
36.000000 -0.228571 -0.850775 0.850775 0.000000 0.000000 57.875880 147.000000 0.850775 0.000000 0.000000 
34.400000 -0.217857 -0.850288 0.850288 0.000000 0.000000 57.842707 147.000000 0.850288 0.000000 0.000000 
32.800000 -0.207143 -0.849797 0.849797 0.000000 0.000000 57.809340 147.000000 0.849797 0.000000 0.000000 
31.200000 -0.196429 -0.849304 0.849304 0.000000 0.000000 57.775779 147.000000 0.849304 0.000000 0.000000 
27.600000 -0.171429 -0.850775 0.850775 0.000000 0.000000 57.875880 147.000000 0.850775 0.000000 0.000000 
26.000000 -0.160714 -0.850288 0.850288 0.000000 0.000000 57.842707 147.000000 0.850288 0.000000 0.000000 
24.400000 -0.150000 -0.849797 0.849797 0.000000 0.000000 57.809340 147.000000 0.849797 0.000000 0.000000 
22.800000 -0.139286 -0.849304 0.849304 0.000000 0.000000 57.775779 147.000000 0.849304 0.000000 0.000000 
19.200000 -0.114286 -0.850775 0.850775 0.000000 0.000000 57.875880 147.000000 0.850775 0.000000 0.000000 
17.600000 -0.103571 -0.850288 0.850288 0.000000 0.000000 57.842707 147.000000 0.850288 0.000000 0.000000 
16.000000 -0.092857 -0.849797 0.849797 0.000000 0.000000 57.809340 147.000000 0.849797 0.000000 0.000000 
14.400000 -0.082143 -0.849304 0.849304 0.000000 0.000000 57.775779 147.000000 0.849304 0.000000 0.000000 
10.800000 -0.057143 -0.850775 0.850775 0.000000 0.000000 57.875880 147.000000 0.850775 0.000000 0.000000 
9.200000 -0.046429 -0.850288 0.850288 0.000000 0.000000 57.842707 147.000000 0.850288 0.000000 0.000000 
7.600000 -0.035714 -0.849797 0.849797 0.000000 0.000000 57.809340 147.000000 0.849797 0.000000 0.000000 
6.000000 -0.025000 -0.849304 0.849304 0.000000 0.000000 57.775779 147.000000 0.849304 0.000000 0.000000 
2.400000 0.000000 -0.850775 0.850775 0.000000 0.000000 57.875880 147.000000 0.850775 0.000000 0.000000 
0.800000 0.010714 -0.850288 0.850288 0.000000 0.000000 57.842707 147.000000 0.850288 0.000000 0.000000 
-0.800000 0.021429 -0.849797 0.849797 0.000000 0.000000 57.809340 147.000000 0.849797 0.000000 0.000000 
-2.400000 0.032143 -0.849304 0.849304 0.000000 0.000000 57.775779 147.000000 0.849304 0.000000 0.000000 
-6.000000 0.057143 -0.850775 0.850775 0.000000 0.000000 57.875880 147.000000 0.850775 0.000000 0.000000 
-7.600000 0.067857 -0.850288 0.850288 0.000000 0.000000 57.842707 147.000000 0.850288 0.000000 0.000000 
-9.200000 0.078571 -0.849797 0.849797 0.000000 0.000000 57.809340 147.000000 0.849797 0.000000 0.000000 
-10.800000 0.089286 -0.849304 0.849304 0.000000 0.000000 57.775779 147.000000 0.849304 0.000000 0.000000 
-14.400000 0.114286 -0.850775 0.850775 0.000000 0.000000 57.875880 147.000000 0.850775 0.000000 0.000000 
-16.000000 0.125000 -0.850288 0.850288 0.000000 0.000000 57.842707 147.000000 0.850288 0.000000 0.000000 
-17.600000 0.135714 -0.849797 0.849797 0.000000 0.000000 57.809340 147.000000 0.849797 0.000000 0.000000 
-19.200000 0.146429 -0.849304 0.849304 0.000000 0.000000 57.775779 147.000000 0.849304 0.000000 0.000000 
-22.800000 0.171429 -0.850775 0.850775 0.000000 0.000000 57.875880 147.000000 0.850775 0.000000 0.000000 
-24.400000 0.182143 -0.850288 0.850288 0.000000 0.000000 57.842707 147.000000 0.850288 0.000000 0.000000 
-26.000000 0.192857 -0.849797 0.849797 0.000000 0.000000 57.809340 147.000000 0.849797 0.000000 0.000000 
-27.600000 0.203571 -0.849304 0.849304 0.000000 0.000000 57.775779 147.000000 0.849304 0.000000 0.000000 
-31.200000 0.228571 -0.850775 0.850775 0.000000 0.000000 57.875880 147.000000 0.850775 0.000000 0.000000 
-32.800000 0.239286 -0.850288 0.850288 0.000000 0.000000 57.842707 147.000000 0.850288 0.000000 0.000000 
-34.400000 0.250000 -0.849797 0.849797 0.000000 0.000000 57.809340 147.000000 0.849797 0.000000 0.000000 
-36.000000 0.260714 -0.849304 0.849304 0.000000 0.000000 57.775779 147.000000 0.849304 0.000000 0.000000 
-39.600000 0.285714 -0.850775 0.850775 0.000000 0.000000 57.875880 147.000000 0.850775 0.000000 0.000000 
-41.200000 0.296429 -0.850288 0.850288 0.000000 0.000000 57.842707 147.000000 0.850288 0.000000 0.000000 
-42.800000 0.307143 -0.849797 0.849797 0.000000 0.000000 57.809340 147.000000 0.849797 0.000000 0.000000 
-44.400000 0.317857 -0.849304 0.849304 0.000000 0.000000 57.775779 147.000000 0.849304 0.000000 0.000000 
-48.000000 0.342857 -0.850775 0.850775 0.000000 0.000000 57.875880 147.000000 0.850775 0.000000 0.000000 
-49.600000 0.353571 -0.850288 0.850288 0.000000 0.000000 57.842707 147.000000 0.850288 0.000000 0.000000 
-51.200000 0.364286 -0.849797 0.849797 0.000000 0.000000 57.809340 147.000000 0.849797 0.000000 0.000000 
-52.800000 0.375000 -0.849304 0.849304 0.000000 0.000000 57.775779 147.000000 0.849304 0.000000 0.000000 
-56.400000 0.400000 -0.850775 0.850775 0.000000 0.000000 57.875880 147.000000 0.850775 0.000000 0.000000 
-58.000000 0.410714 -0.850288 0.850288 0.000000 0.000000 57.842707 147.000000 0.850288 0.000000 0.000000 
-59.600000 0.421429 -0.849797 0.849797 0.000000 0.000000 57.809340 147.000000 0.849797 0.000000 0.000000 
