34.000000 -0.228571 -0.800431 0.800431 0.000000 0.000000 54.451089 147.000000 0.800431 0.000000 0.000000 
32.400000 -0.217857 -0.799619 0.799619 0.000000 0.000000 54.395823 147.000000 0.799619 0.000000 0.000000 
25.600000 -0.171429 -0.800431 0.800431 0.000000 0.000000 54.451089 147.000000 0.800431 0.000000 0.000000 
24.000000 -0.160714 -0.799619 0.799619 0.000000 0.000000 54.395823 147.000000 0.799619 0.000000 0.000000 
17.200000 -0.114286 -0.800431 0.800431 0.000000 0.000000 54.451089 147.000000 0.800431 0.000000 0.000000 
15.600000 -0.103571 -0.799619 0.799619 0.000000 0.000000 54.395823 147.000000 0.799619 0.000000 0.000000 
8.800000 -0.057143 -0.800431 0.800431 0.000000 0.000000 54.451089 147.000000 0.800431 0.000000 0.000000 
7.200000 -0.046429 -0.799619 0.799619 0.000000 0.000000 54.395823 147.000000 0.799619 0.000000 0.000000 
0.400000 0.000000 -0.800431 0.800431 0.000000 0.000000 54.451089 147.000000 0.800431 0.000000 0.000000 
-1.200000 0.010714 -0.799619 0.799619 0.000000 0.000000 54.395823 147.000000 0.799619 0.000000 0.000000 
-8.000000 0.057143 -0.800431 0.800431 0.000000 0.000000 54.451089 147.000000 0.800431 0.000000 0.000000 
-9.600000 0.067857 -0.799619 0.799619 0.000000 0.000000 54.395823 147.000000 0.799619 0.000000 0.000000 
-16.400000 0.114286 -0.800431 0.800431 0.000000 0.000000 54.451089 147.000000 0.800431 0.000000 0.000000 
-18.000000 0.125000 -0.799619 0.799619 0.000000 0.000000 54.395823 147.000000 0.799619 0.000000 0.000000 
-24.800000 0.171429 -0.800431 0.800431 0.000000 0.000000 54.451089 147.000000 0.800431 0.000000 0.000000 
-26.400000 0.182143 -0.799619 0.799619 0.000000 0.000000 54.395823 147.000000 0.799619 0.000000 0.000000 
-33.200000 0.228571 -0.800431 0.800431 0.000000 0.000000 54.451089 147.000000 0.800431 0.000000 0.000000 
-34.800000 0.239286 -0.799619 0.799619 0.000000 0.000000 54.395823 147.000000 0.799619 0.000000 0.000000 
-41.600000 0.285714 -0.800431 0.800431 0.000000 0.000000 54.451089 147.000000 0.800431 0.000000 0.000000 
-43.200000 0.296429 -0.799619 0.799619 0.000000 0.000000 54.395823 147.000000 0.799619 0.000000 0.000000 
-50.000000 0.342857 -0.800431 0.800431 0.000000 0.000000 54.451089 147.000000 0.800431 0.000000 0.000000 
-51.600000 0.353571 -0.799619 0.799619 0.000000 0.000000 54.395823 147.000000 0.799619 0.000000 0.000000 
-58.400000 0.400000 -0.800431 0.800431 0.000000 0.000000 54.451089 147.000000 0.800431 0.000000 0.000000 
-60.000000 0.410714 -0.799619 0.799619 0.000000 0.000000 54.395823 147.000000 0.799619 0.000000 0.000000 
