34.400000 -0.407143 -0.196423 0.575827 0.033081 3.609774 62.001922 92.872461 0.000000 0.000204 0.575623 
32.400000 -0.385714 -0.188146 0.575694 0.032155 3.506952 61.906391 92.994203 0.000000 0.000307 0.575386 
30.400000 -0.364286 -0.179758 0.575740 0.031210 3.401879 61.821321 93.129614 0.000000 0.000461 0.575278 
28.400000 -0.342857 -0.171255 0.575989 0.030242 3.294312 61.747625 93.281083 0.000001 0.000693 0.575295 
22.000000 -0.275000 -0.142478 0.574955 0.026812 2.913367 61.223816 93.910321 0.000011 0.002516 0.572428 
17.600000 -0.228571 -0.121935 0.575188 0.024225 2.626168 60.840405 94.540482 0.000063 0.006055 0.569071 
15.200000 -0.203571 -0.110298 0.574678 0.022671 2.453950 60.498023 94.991140 0.000162 0.009692 0.564824 
12.800000 -0.178571 -0.098594 0.575121 0.021045 2.274035 60.187736 95.554437 0.000415 0.015454 0.559252 
10.000000 -0.150000 -0.084507 0.574119 0.018943 2.042244 59.550575 96.408591 0.001216 0.026150 0.546752 
7.200000 -0.121429 -0.070454 0.575480 0.016682 1.794417 58.965922 97.595353 0.003498 0.043591 0.528390 
3.200000 -0.082143 -0.049970 0.575419 0.012881 1.384229 57.401664 100.244350 0.014390 0.083985 0.477044 
-5.200000 -0.007143 -0.008096 0.575870 0.002396 0.336144 51.004240 112.906352 0.141086 0.188759 0.246025 
-16.000000 0.075000 0.038619 0.575935 0.010416 0.708947 43.279393 133.073836 0.431295 0.114826 0.029814 
-18.000000 0.089286 0.046247 0.574203 0.012087 0.829331 42.479069 135.173047 0.462571 0.093283 0.018349 
-26.000000 0.146429 0.075821 0.575045 0.017562 1.210305 41.055210 140.066311 0.536406 0.036248 0.002391 
-37.200000 0.225000 0.113577 0.574834 0.023109 1.587220 40.257318 142.789898 0.566144 0.008564 0.000127 
-40.800000 0.250000 0.124824 0.574032 0.024577 1.686378 40.063103 143.282000 0.568642 0.005341 0.000049 
-48.000000 0.300000 0.146766 0.574114 0.027316 1.871400 39.867078 144.006943 0.572029 0.002077 0.000007 
-51.600000 0.325000 0.157502 0.574830 0.028613 1.958996 39.840879 144.281566 0.573532 0.001296 0.000003 
-55.200000 0.350000 0.168100 0.575910 0.029873 2.044089 39.851211 144.515094 0.575100 0.000809 0.000001 
