0.019530 0.019530 0.019530 
0.019454 0.019454 0.019454 
0.019378 0.019378 0.019378 
0.019302 0.019302 0.019302 
0.019227 0.019227 0.019227 
0.019152 0.019152 0.019152 
0.019078 0.019078 0.019078 
0.019003 0.019003 0.019003 
0.018929 0.018929 0.018929 
0.018855 0.018855 0.018855 
0.018782 0.018782 0.018782 
0.018709 0.018709 0.018709 
0.018636 0.018636 0.018636 
0.018563 0.018563 0.018563 
0.018491 0.018491 0.018491 
0.018419 0.018419 0.018419 
0.018347 0.018347 0.018347 
0.018276 0.018276 0.018276 
0.018205 0.018205 0.018205 
0.018134 0.018134 0.018134 
0.018063 0.018063 0.018063 
0.017993 0.017993 0.017993 
0.017923 0.017923 0.017923 
0.017853 0.017853 0.017853 
0.017783 0.017783 0.017783 
0.017714 0.017714 0.017714 
0.017645 0.017645 0.017645 
0.017576 0.017576 0.017576 
0.017508 0.017508 0.017508 
0.017440 0.017440 0.017440 
0.017372 0.017372 0.017372 
0.017304 0.017304 0.017304 
0.017237 0.017237 0.017237 
0.017169 0.017169 0.017169 
0.017102 0.017102 0.017102 
0.017036 0.017036 0.017036 
0.016970 0.016970 0.016970 
0.016903 0.016903 0.016903 
0.016838 0.016838 0.016838 
0.016772 0.016772 0.016772 
0.016707 0.016707 0.016707 
0.016642 0.016642 0.016642 
0.016577 0.016577 0.016577 
0.016512 0.016512 0.016512 
0.016448 0.016448 0.016448 
0.016384 0.016384 0.016384 
0.016320 0.016320 0.016320 
0.016256 0.016256 0.016256 
0.016193 0.016193 0.016193 
0.016130 0.016130 0.016130 
0.016067 0.016067 0.016067 
0.016005 0.016005 0.016005 
0.015942 0.015942 0.015942 
0.015880 0.015880 0.015880 
0.015818 0.015818 0.015818 
0.015757 0.015757 0.015757 
0.015695 0.015695 0.015695 
