0.061577 0.061577 0.061577 
0.057898 0.057898 0.057898 
0.054440 0.054440 0.054440 
0.051188 0.051188 0.051188 
0.048130 0.048130 0.048130 
0.045255 0.045255 0.045255 
0.042551 0.042551 0.042551 
0.040009 0.040009 0.040009 
0.037619 0.037619 0.037619 
0.035372 0.035372 0.035372 
0.033259 0.033259 0.033259 
0.031272 0.031272 0.031272 
0.029404 0.029404 0.029404 
0.027647 0.027647 0.027647 
0.025996 0.025996 0.025996 
0.024443 0.024443 0.024443 
0.022983 0.022983 0.022983 
0.021610 0.021610 0.021610 
0.020319 0.020319 0.020319 
0.019105 0.019105 0.019105 
0.017964 0.017964 0.017964 
0.016891 0.016891 0.016891 
0.015882 0.015882 0.015882 
0.014933 0.014933 0.014933 
0.014041 0.014041 0.014041 
0.013202 0.013202 0.013202 
0.012413 0.012413 0.012413 
0.011672 0.011672 0.011672 
0.010975 0.010975 0.010975 
0.010319 0.010319 0.010319 
0.009703 0.009703 0.009703 
0.009123 0.009123 0.009123 
0.008578 0.008578 0.008578 
0.008066 0.008066 0.008066 
0.007584 0.007584 0.007584 
0.007131 0.007131 0.007131 
0.006705 0.006705 0.006705 
0.006304 0.006304 0.006304 
0.005928 0.005928 0.005928 
0.005574 0.005574 0.005574 
0.005241 0.005241 0.005241 
0.004928 0.004928 0.004928 
0.004633 0.004633 0.004633 
0.004356 0.004356 0.004356 
0.004096 0.004096 0.004096 
0.003851 0.003851 0.003851 
0.003621 0.003621 0.003621 
0.003405 0.003405 0.003405 
0.003202 0.003202 0.003202 
0.003010 0.003010 0.003010 
0.002831 0.002831 0.002831 
0.002661 0.002661 0.002661 
0.002502 0.002502 0.002502 
0.002353 0.002353 0.002353 
0.002212 0.002212 0.002212 
0.002080 0.002080 0.002080 
0.001956 0.001956 0.001956 
