0 0.000000 
1 0.000000 
2 0.000000 
3 0.000000 
4 0.000000 
5 0.000000 
6 0.000000 
7 0.000000 
8 0.000000 
9 0.000000 
10 0.000000 
11 0.000000 
12 0.000000 
13 0.000000 
14 0.000000 
15 0.000000 
16 0.000000 
17 0.000000 
18 0.000000 
19 0.000000 
20 0.000000 
21 0.000000 
22 0.000000 
23 0.000000 
24 0.000000 
25 0.000000 
26 0.000000 
27 0.000000 
28 0.000000 
29 0.000000 
30 0.000000 
31 0.000000 
32 0.000000 
33 0.000000 
34 0.000000 
35 0.000000 
36 0.000000 
37 0.000000 
38 0.000000 
39 0.000000 
40 0.000000 
41 0.000000 
42 0.000000 
43 0.000000 
44 0.000000 
45 0.000000 
46 0.000000 
47 0.000000 
48 0.000000 
49 0.000000 
50 0.000000 
51 0.000000 
52 0.000000 
53 0.000000 
54 0.000000 
55 0.000000 
56 0.000000 
57 0.000000 
58 0.000000 
59 0.000000 
60 0.000000 
61 0.000000 
62 0.000000 
63 0.000000 
64 0.000000 
65 0.000000 
66 0.000000 
67 0.000000 
68 0.000000 
69 0.000000 
70 0.000000 
71 0.000000 
72 0.000000 
73 0.000000 
74 0.000000 
75 0.000000 
76 0.000000 
77 0.000000 
78 0.000000 
79 0.000000 
80 0.000000 
81 0.000000 
82 0.000000 
83 0.000000 
84 0.000000 
85 0.000000 
86 0.000000 
87 0.000000 
88 0.000000 
89 0.000000 
90 0.000000 
91 0.444624 
92 0.836126 
93 1.179267 
94 1.478428 
95 1.737637 
96 1.960602 
97 2.150727 
98 2.311140 
99 2.444713 
100 2.554080 
101 2.641655 
102 2.709654 
103 2.760101 
104 2.794851 
105 2.815600 
106 2.823896 
107 2.821154 
108 2.808662 
109 2.787594 
110 2.759021 
111 2.723914 
112 2.683156 
113 2.637546 
114 2.587811 
115 2.534605 
116 2.478522 
117 2.420094 
118 2.359802 
119 2.298077 
120 2.235306 
121 2.171833 
122 2.107967 
123 2.043981 
124 1.980117 
125 1.916589 
126 1.853585 
127 1.791269 
128 1.729784 
129 1.669252 
130 1.609779 
131 1.551455 
132 1.494355 
133 1.438540 
134 1.384061 
135 1.330957 
136 1.279259 
137 1.228988 
138 1.180158 
139 1.132776 
140 1.086843 
141 1.042356 
142 0.999306 
143 0.957679 
144 0.917460 
145 0.878628 
146 0.841162 
147 0.805036 
148 0.756945 
149 0.711727 
150 0.669210 
151 0.629233 
152 0.591644 
153 0.556301 
154 0.523069 
155 0.491822 
156 0.462442 
157 0.434816 
158 0.408842 
159 0.384418 
160 0.361454 
161 0.339862 
162 0.319559 
163 0.300469 
164 0.282520 
165 0.265643 
166 0.249774 
167 0.234853 
168 0.220824 
169 0.207632 
170 0.195229 
171 0.183566 
172 0.172600 
173 0.162290 
174 0.152595 
175 0.143479 
176 0.134908 
177 0.126849 
178 0.119271 
179 0.112146 
180 0.105447 
181 0.099148 
182 0.094861 
183 0.093807 
184 0.096879 
185 0.104688 
186 0.117609 
187 0.135826 
188 0.159357 
189 0.188094 
190 0.221821 
191 0.260243 
192 0.303000 
193 0.349687 
194 0.399868 
195 0.453086 
196 0.508876 
197 0.566771 
198 0.626311 
199 0.687046 
200 0.748544 
201 0.810391 
202 0.872198 
203 0.933598 
204 0.994252 
205 1.053847 
206 1.112097 
207 1.168744 
208 1.223557 
209 1.276330 
210 1.326886 
211 1.375069 
212 1.420749 
213 1.463819 
214 1.504191 
215 1.541800 
216 1.576598 
217 1.608554 
218 1.637656 
219 1.663903 
220 1.687311 
221 1.707905 
222 1.725725 
223 1.740818 
224 1.753240 
225 1.763058 
226 1.770342 
227 1.775169 
228 1.777623 
229 1.777791 
230 1.775761 
231 1.771628 
232 1.765485 
233 1.757431 
234 1.747561 
235 1.735973 
236 1.722766 
237 1.708036 
238 1.691879 
239 1.674293 
240 1.655297 
241 1.634927 
242 1.613236 
243 1.590288 
244 1.566155 
245 1.540919 
246 1.514663 
247 1.487479 
248 1.459455 
249 1.430686 
250 1.401262 
251 1.371274 
252 1.340811 
253 1.309961 
254 1.278806 
255 1.247429 
256 1.215905 
257 1.184309 
258 1.152709 
259 1.121172 
260 1.089758 
261 1.058524 
262 1.027524 
263 0.996807 
264 0.966417 
265 0.936397 
266 0.906783 
267 0.877610 
268 0.848907 
269 0.820701 
270 0.793017 
271 0.765875 
272 0.739294 
273 0.713293 
274 0.687902 
275 0.663158 
276 0.639111 
277 0.615820 
278 0.593354 
279 0.571790 
280 0.551212 
281 0.531711 
282 0.513377 
283 0.496305 
284 0.480586 
285 0.466310 
286 0.453562 
287 0.442420 
288 0.432956 
289 0.425234 
290 0.419306 
291 0.415218 
292 0.413001 
293 0.412680 
294 0.414265 
295 0.417757 
296 0.423146 
297 0.430414 
298 0.439529 
299 0.450450 
300 0.463128 
301 0.477504 
302 0.493510 
303 0.511072 
304 0.530108 
305 0.550532 
306 0.572250 
307 0.595166 
308 0.619179 
309 0.644186 
310 0.670081 
311 0.696757 
312 0.724106 
313 0.752020 
314 0.780391 
315 0.809113 
316 0.838078 
317 0.867186 
318 0.896333 
319 0.925422 
320 0.954357 
321 0.983047 
322 1.011404 
323 1.039343 
324 1.066785 
325 1.093653 
326 1.119877 
327 1.145390 
328 1.170130 
329 1.194039 
330 1.217064 
331 1.239156 
332 1.260268 
333 1.280359 
334 1.299389 
335 1.317322 
336 1.334127 
337 1.349774 
338 1.364237 
339 1.377496 
340 1.389532 
341 1.400330 
342 1.409879 
343 1.418173 
344 1.425207 
345 1.430982 
346 1.435501 
347 1.438770 
348 1.440800 
349 1.441605 
350 1.441200 
351 1.439605 
352 1.436842 
353 1.432935 
354 1.427913 
355 1.421803 
356 1.414638 
357 1.406450 
358 1.397275 
359 1.387149 
360 1.376109 
361 1.364194 
362 1.351444 
363 1.337899 
364 1.323600 
365 1.308589 
366 1.292907 
367 1.276597 
368 1.259702 
369 1.242265 
370 1.224329 
371 1.205940 
372 1.187142 
373 1.167981 
374 1.148504 
375 1.128758 
376 1.108794 
377 1.088659 
378 1.068406 
379 1.048085 
380 1.027750 
381 1.007453 
382 0.987249 
383 0.967193 
384 0.947338 
385 0.927740 
386 0.908454 
387 0.889534 
388 0.871033 
389 0.853006 
390 0.835504 
391 0.818578 
392 0.802277 
393 0.786649 
394 0.771738 
395 0.757588 
396 0.744240 
397 0.731730 
398 0.720095 
399 0.709365 
400 0.699570 
401 0.690735 
402 0.682881 
403 0.676027 
404 0.670188 
405 0.665375 
406 0.661594 
407 0.658851 
408 0.657144 
409 0.656471 
410 0.656825 
411 0.658195 
412 0.660567 
413 0.663924 
414 0.668247 
415 0.673511 
416 0.679692 
417 0.686759 
418 0.694683 
419 0.703430 
420 0.712964 
421 0.723246 
422 0.734239 
423 0.745900 
424 0.758188 
425 0.771057 
426 0.784464 
427 0.798362 
428 0.812705 
429 0.827445 
430 0.842535 
431 0.857925 
432 0.873569 
433 0.889416 
434 0.905420 
435 0.921532 
436 0.937704 
437 0.953888 
438 0.970040 
439 0.986112 
440 1.002059 
441 1.017838 
442 1.033406 
443 1.048722 
444 1.063744 
445 1.078434 
446 1.092755 
447 1.106670 
448 1.120146 
449 1.133150 
450 1.145651 
451 1.157621 
452 1.169032 
453 1.179860 
454 1.190080 
455 1.199673 
456 1.208618 
457 1.216898 
458 1.224499 
459 1.231405 
460 1.237607 
461 1.243095 
462 1.247861 
463 1.251899 
464 1.255206 
465 1.257780 
466 1.259620 
467 1.260729 
468 1.261111 
469 1.260769 
470 1.259713 
471 1.257950 
472 1.255490 
473 1.252347 
474 1.248534 
475 1.244066 
476 1.238961 
477 1.233236 
478 1.226913 
479 1.220012 
480 1.212556 
481 1.204570 
482 1.196080 
483 1.187111 
484 1.177693 
485 1.167855 
486 1.157626 
487 1.147038 
488 1.136123 
489 1.124913 
490 1.113443 
491 1.101747 
492 1.089858 
493 1.077814 
494 1.065648 
495 1.053396 
496 1.041095 
497 1.028779 
498 1.016485 
499 1.004248 
500 0.992102 
501 0.980082 
502 0.968222 
503 0.956555 
504 0.945114 
505 0.933930 
506 0.923033 
507 0.912453 
508 0.902218 
509 0.892356 
510 0.882891 
511 0.873848 
512 0.865250 
513 0.857118 
514 0.849471 
515 0.842328 
516 0.835705 
517 0.829616 
518 0.824075 
519 0.819093 
520 0.814678 
521 0.810838 
522 0.807580 
523 0.804906 
524 0.802820 
525 0.801322 
526 0.800411 
527 0.800082 
528 0.800333 
529 0.801156 
530 0.802544 
531 0.804486 
532 0.806973 
533 0.809991 
534 0.813526 
535 0.817564 
536 0.822087 
537 0.827079 
538 0.832519 
539 0.838389 
540 0.844666 
541 0.851329 
542 0.858356 
543 0.865722 
544 0.873403 
545 0.881374 
546 0.889609 
547 0.898084 
548 0.906771 
549 0.915643 
550 0.924674 
551 0.933837 
552 0.943104 
553 0.952449 
554 0.961844 
555 0.971263 
556 0.980678 
557 0.990063 
558 0.999393 
559 1.008642 
560 1.017785 
561 1.026796 
562 1.035653 
563 1.044332 
564 1.052810 
565 1.061065 
566 1.069077 
567 1.076826 
568 1.084291 
569 1.091456 
570 1.098302 
571 1.104814 
572 1.110976 
573 1.116774 
574 1.122196 
575 1.127229 
576 1.131862 
577 1.136087 
578 1.139894 
579 1.143277 
580 1.146230 
581 1.148749 
582 1.150829 
583 1.152470 
584 1.153669 
585 1.154427 
586 1.154746 
587 1.154628 
588 1.154078 
589 1.153101 
590 1.151702 
591 1.149890 
592 1.147673 
593 1.145060 
594 1.142062 
595 1.138691 
596 1.134960 
597 1.130882 
598 1.126471 
599 1.121744 
600 1.116715 
601 1.111402 
602 1.105823 
603 1.099995 
604 1.093937 
605 1.087668 
606 1.081209 
607 1.074579 
608 1.067798 
609 1.060887 
610 1.053868 
611 1.046760 
612 1.039585 
613 1.032365 
614 1.025120 
615 1.017871 
616 1.010639 
617 1.003445 
618 0.996308 
619 0.989248 
620 0.982286 
621 0.975440 
622 0.968729 
623 0.962170 
624 0.955781 
625 0.949579 
626 0.943580 
627 0.937799 
628 0.932250 
629 0.926948 
630 0.921905 
631 0.917134 
632 0.912644 
633 0.908448 
634 0.904553 
635 0.900968 
636 0.897701 
637 0.894758 
638 0.892144 
639 0.889864 
640 0.887921 
641 0.886318 
642 0.885056 
643 0.884135 
644 0.883554 
645 0.883313 
646 0.883409 
647 0.883838 
648 0.884597 
649 0.885679 
650 0.887079 
651 0.888790 
652 0.890804 
653 0.893113 
654 0.895707 
655 0.898576 
656 0.901711 
657 0.905098 
658 0.908727 
659 0.912585 
660 0.916659 
661 0.920936 
662 0.925401 
663 0.930040 
664 0.934839 
665 0.939782 
666 0.944855 
667 0.950041 
668 0.955326 
669 0.960693 
670 0.966126 
671 0.971609 
672 0.977128 
673 0.982664 
674 0.988204 
675 0.993731 
676 0.999230 
677 1.004685 
678 1.010081 
679 1.015405 
680 1.020641 
681 1.025775 
682 1.030794 
683 1.035684 
684 1.040434 
685 1.045030 
686 1.049461 
687 1.053717 
688 1.057786 
689 1.061658 
690 1.065326 
691 1.068779 
692 1.072010 
693 1.075012 
694 1.077778 
695 1.080303 
696 1.082581 
697 1.084608 
698 1.086382 
699 1.087898 
700 1.089155 
701 1.090151 
702 1.090886 
703 1.091361 
704 1.091576 
705 1.091532 
706 1.091233 
707 1.090681 
708 1.089880 
709 1.088835 
710 1.087550 
711 1.086032 
712 1.084287 
713 1.082321 
714 1.080143 
715 1.077760 
716 1.075181 
717 1.072415 
718 1.069472 
719 1.066361 
720 1.063093 
721 1.059679 
722 1.056129 
723 1.052455 
724 1.048668 
725 1.044781 
726 1.040805 
727 1.036752 
728 1.032634 
729 1.028464 
730 1.024254 
731 1.020017 
732 1.015764 
733 1.011508 
734 1.007261 
735 1.003035 
736 0.998842 
737 0.994694 
738 0.990601 
739 0.986575 
740 0.982627 
741 0.978768 
742 0.975006 
743 0.971353 
744 0.967818 
745 0.964409 
746 0.961136 
747 0.958005 
748 0.955026 
749 0.952204 
750 0.949547 
751 0.947060 
752 0.944749 
753 0.942619 
754 0.940675 
755 0.938920 
756 0.937357 
757 0.935989 
758 0.934819 
759 0.933847 
760 0.933075 
761 0.932504 
762 0.932132 
763 0.931959 
764 0.931985 
765 0.932206 
766 0.932621 
767 0.933227 
768 0.934020 
769 0.934996 
770 0.936151 
771 0.937480 
772 0.938978 
773 0.940639 
774 0.942457 
775 0.944425 
776 0.946536 
777 0.948783 
778 0.951159 
779 0.953655 
780 0.956264 
781 0.958977 
782 0.961785 
783 0.964680 
784 0.967652 
785 0.970693 
786 0.973794 
787 0.976944 
788 0.980135 
789 0.983357 
790 0.986602 
791 0.989858 
792 0.993118 
793 0.996372 
794 0.999610 
795 1.002824 
796 1.006005 
797 1.009143 
798 1.012232 
799 1.015261 
800 1.018224 
801 1.021112 
802 1.023918 
803 1.026634 
804 1.029254 
805 1.031771 
806 1.034180 
807 1.036473 
808 1.038646 
809 1.040693 
810 1.042610 
811 1.044392 
812 1.046037 
813 1.047539 
814 1.048897 
815 1.050107 
816 1.051168 
817 1.052077 
818 1.052835 
819 1.053439 
820 1.053889 
821 1.054187 
822 1.054331 
823 1.054323 
824 1.054165 
825 1.053858 
826 1.053405 
827 1.052807 
828 1.052069 
829 1.051193 
830 1.050183 
831 1.049043 
832 1.047778 
833 1.046392 
834 1.044890 
835 1.043278 
836 1.041561 
837 1.039745 
838 1.037836 
839 1.035840 
840 1.033764 
841 1.031615 
842 1.029398 
843 1.027121 
844 1.024792 
845 1.022416 
846 1.020002 
847 1.017556 
848 1.015085 
849 1.012598 
850 1.010100 
851 1.007600 
852 1.005104 
853 1.002620 
854 1.000153 
855 0.997712 
856 0.995303 
857 0.992933 
858 0.990607 
859 0.988332 
860 0.986114 
861 0.983958 
862 0.981871 
863 0.979858 
864 0.977923 
865 0.976072 
866 0.974309 
867 0.972637 
868 0.971062 
869 0.969587 
870 0.968214 
871 0.966947 
872 0.965789 
873 0.964742 
874 0.963807 
875 0.962987 
876 0.962283 
877 0.961695 
878 0.961225 
879 0.960872 
880 0.960637 
881 0.960519 
882 0.960518 
883 0.960632 
884 0.960860 
885 0.961200 
886 0.961651 
887 0.962210 
888 0.962875 
889 0.963642 
890 0.964509 
891 0.965472 
892 0.966528 
893 0.967673 
894 0.968903 
895 0.970214 
896 0.971601 
897 0.973059 
898 0.974584 
899 0.976171 
900 0.977815 
901 0.979510 
902 0.981252 
903 0.983035 
904 0.984854 
905 0.986702 
906 0.988576 
907 0.990468 
908 0.992374 
909 0.994288 
910 0.996205 
911 0.998118 
912 1.000024 
913 1.001915 
914 1.003788 
915 1.005637 
916 1.007456 
917 1.009242 
918 1.010989 
919 1.012693 
920 1.014349 
921 1.015953 
922 1.017500 
923 1.018988 
924 1.020412 
925 1.021769 
926 1.023055 
927 1.024268 
928 1.025405 
929 1.026463 
930 1.027440 
931 1.028334 
932 1.029143 
933 1.029865 
934 1.030500 
935 1.031046 
936 1.031503 
937 1.031870 
938 1.032146 
939 1.032333 
940 1.032429 
941 1.032436 
942 1.032355 
943 1.032186 
944 1.031930 
945 1.031590 
946 1.031167 
947 1.030663 
948 1.030080 
949 1.029420 
950 1.028686 
951 1.027881 
952 1.027007 
953 1.026068 
954 1.025067 
955 1.024008 
956 1.022893 
957 1.021727 
958 1.020513 
959 1.019256 
960 1.017958 
961 1.016625 
962 1.015260 
963 1.013868 
964 1.012452 
965 1.011017 
966 1.009567 
967 1.008106 
968 1.006639 
969 1.005170 
970 1.003702 
971 1.002241 
972 1.000790 
973 0.999354 
974 0.997935 
975 0.996539 
976 0.995168 
977 0.993827 
978 0.992519 
979 0.991247 
980 0.990015 
981 0.988825 
982 0.987682 
983 0.986587 
984 0.985544 
985 0.984554 
986 0.983620 
987 0.982745 
988 0.981930 
989 0.981177 
990 0.980488 
991 0.979863 
992 0.979305 
993 0.978814 
994 0.978391 
995 0.978036 
996 0.977750 
997 0.977534 
998 0.977386 
999 0.977307 
1000 0.977297 
1001 0.977355 
1002 0.977480 
1003 0.977672 
1004 0.977928 
1005 0.978248 
1006 0.978630 
1007 0.979073 
1008 0.979575 
1009 0.980134 
1010 0.980748 
1011 0.981414 
1012 0.982130 
1013 0.982894 
1014 0.983703 
1015 0.984555 
1016 0.985446 
1017 0.986374 
1018 0.987336 
1019 0.988328 
1020 0.989349 
1021 0.990393 
1022 0.991459 
1023 0.992544 
1024 0.993643 
1025 0.994754 
1026 0.995873 
1027 0.996997 
1028 0.998123 
1029 0.999248 
1030 1.000369 
1031 1.001482 
1032 1.002584 
1033 1.003672 
1034 1.004744 
1035 1.005796 
1036 1.006826 
1037 1.007830 
1038 1.008807 
1039 1.009754 
1040 1.010668 
1041 1.011547 
1042 1.012388 
1043 1.013191 
1044 1.013953 
1045 1.014671 
1046 1.015345 
1047 1.015973 
1048 1.016553 
1049 1.017085 
1050 1.017567 
1051 1.017999 
1052 1.018378 
1053 1.018706 
1054 1.018982 
1055 1.019204 
1056 1.019374 
1057 1.019490 
1058 1.019554 
1059 1.019565 
1060 1.019524 
1061 1.019432 
1062 1.019289 
1063 1.019096 
1064 1.018853 
1065 1.018564 
1066 1.018227 
1067 1.017845 
1068 1.017420 
1069 1.016952 
1070 1.016445 
1071 1.015898 
1072 1.015315 
1073 1.014697 
1074 1.014046 
1075 1.013365 
1076 1.012656 
1077 1.011920 
1078 1.011161 
1079 1.010380 
1080 1.009581 
1081 1.008765 
1082 1.007935 
1083 1.007093 
1084 1.006242 
1085 1.005385 
1086 1.004523 
1087 1.003660 
1088 1.002798 
1089 1.001939 
1090 1.001086 
1091 1.000240 
1092 0.999405 
1093 0.998583 
1094 0.997776 
1095 0.996985 
1096 0.996214 
1097 0.995464 
1098 0.994737 
1099 0.994035 
1100 0.993359 
1101 0.992712 
1102 0.992095 
1103 0.991509 
1104 0.990956 
1105 0.990437 
1106 0.989954 
1107 0.989506 
1108 0.989096 
1109 0.988724 
1110 0.988391 
1111 0.988097 
1112 0.987843 
1113 0.987629 
1114 0.987456 
1115 0.987323 
1116 0.987231 
1117 0.987179 
1118 0.987168 
1119 0.987197 
1120 0.987265 
1121 0.987372 
1122 0.987518 
1123 0.987701 
1124 0.987920 
1125 0.988176 
1126 0.988466 
1127 0.988790 
1128 0.989146 
1129 0.989533 
1130 0.989950 
1131 0.990395 
1132 0.990867 
1133 0.991364 
1134 0.991884 
1135 0.992426 
1136 0.992988 
1137 0.993569 
1138 0.994166 
1139 0.994778 
1140 0.995402 
1141 0.996038 
1142 0.996682 
1143 0.997334 
1144 0.997991 
1145 0.998651 
1146 0.999312 
1147 0.999973 
1148 1.000631 
1149 1.001285 
1150 1.001933 
1151 1.002574 
1152 1.003205 
1153 1.003824 
1154 1.004431 
1155 1.005023 
1156 1.005598 
1157 1.006157 
1158 1.006696 
1159 1.007215 
1160 1.007712 
1161 1.008187 
1162 1.008637 
1163 1.009063 
1164 1.009462 
1165 1.009834 
1166 1.010179 
1167 1.010495 
1168 1.010782 
1169 1.011039 
1170 1.011267 
1171 1.011463 
1172 1.011629 
1173 1.011764 
1174 1.011868 
1175 1.011941 
1176 1.011982 
1177 1.011993 
1178 1.011973 
1179 1.011923 
1180 1.011843 
1181 1.011733 
1182 1.011595 
1183 1.011429 
1184 1.011235 
1185 1.011014 
1186 1.010768 
1187 1.010497 
1188 1.010202 
1189 1.009884 
1190 1.009545 
1191 1.009185 
1192 1.008806 
1193 1.008408 
1194 1.007994 
1195 1.007564 
1196 1.007121 
1197 1.006664 
1198 1.006196 
1199 1.005719 
1200 1.005232 
1201 1.004739 
1202 1.004241 
1203 1.003738 
1204 1.003233 
1205 1.002726 
1206 1.002220 
1207 1.001715 
1208 1.001214 
1209 1.000717 
1210 1.000226 
1211 0.999743 
1212 0.999268 
1213 0.998802 
1214 0.998348 
1215 0.997906 
1216 0.997478 
1217 0.997064 
1218 0.996665 
1219 0.996283 
1220 0.995918 
1221 0.995572 
1222 0.995245 
1223 0.994938 
1224 0.994651 
1225 0.994386 
1226 0.994142 
1227 0.993921 
1228 0.993722 
1229 0.993547 
1230 0.993394 
1231 0.993266 
1232 0.993161 
1233 0.993080 
1234 0.993022 
1235 0.992989 
1236 0.992979 
1237 0.992992 
1238 0.993029 
1239 0.993089 
1240 0.993171 
1241 0.993275 
1242 0.993401 
1243 0.993548 
1244 0.993716 
1245 0.993903 
1246 0.994109 
1247 0.994334 
1248 0.994576 
1249 0.994835 
1250 0.995109 
1251 0.995398 
1252 0.995702 
1253 0.996018 
1254 0.996346 
1255 0.996685 
1256 0.997034 
1257 0.997391 
1258 0.997757 
1259 0.998128 
1260 0.998505 
1261 0.998887 
1262 0.999271 
1263 0.999658 
1264 1.000046 
1265 1.000433 
1266 1.000819 
1267 1.001203 
1268 1.001584 
1269 1.001960 
1270 1.002330 
1271 1.002694 
1272 1.003051 
1273 1.003399 
1274 1.003738 
1275 1.004067 
1276 1.004384 
1277 1.004690 
1278 1.004983 
1279 1.005263 
1280 1.005529 
1281 1.005780 
1282 1.006017 
1283 1.006237 
1284 1.006441 
1285 1.006629 
1286 1.006799 
1287 1.006953 
1288 1.007088 
1289 1.007206 
1290 1.007306 
1291 1.007387 
1292 1.007451 
1293 1.007496 
1294 1.007523 
1295 1.007532 
1296 1.007523 
1297 1.007496 
1298 1.007451 
1299 1.007390 
1300 1.007311 
1301 1.007216 
1302 1.007105 
1303 1.006978 
1304 1.006836 
1305 1.006679 
1306 1.006508 
1307 1.006324 
1308 1.006127 
1309 1.005918 
1310 1.005698 
1311 1.005467 
1312 1.005226 
1313 1.004975 
1314 1.004717 
1315 1.004451 
1316 1.004178 
1317 1.003899 
1318 1.003615 
1319 1.003327 
1320 1.003036 
1321 1.002742 
1322 1.002447 
1323 1.002150 
1324 1.001854 
1325 1.001559 
1326 1.001265 
1327 1.000974 
1328 1.000687 
1329 1.000403 
1330 1.000124 
1331 0.999851 
1332 0.999585 
1333 0.999325 
1334 0.999073 
1335 0.998830 
1336 0.998596 
1337 0.998371 
1338 0.998156 
1339 0.997952 
1340 0.997759 
1341 0.997578 
1342 0.997409 
1343 0.997252 
1344 0.997107 
1345 0.996976 
1346 0.996858 
1347 0.996753 
1348 0.996662 
1349 0.996585 
1350 0.996522 
1351 0.996472 
1352 0.996437 
1353 0.996415 
1354 0.996407 
1355 0.996413 
1356 0.996433 
1357 0.996465 
1358 0.996512 
1359 0.996571 
1360 0.996642 
1361 0.996726 
1362 0.996822 
1363 0.996930 
1364 0.997049 
1365 0.997178 
1366 0.997318 
1367 0.997467 
1368 0.997626 
1369 0.997794 
1370 0.997970 
1371 0.998153 
1372 0.998344 
1373 0.998541 
1374 0.998743 
1375 0.998951 
1376 0.999163 
1377 0.999380 
1378 0.999599 
1379 0.999821 
1380 1.000045 
1381 1.000271 
1382 1.000497 
1383 1.000723 
1384 1.000948 
1385 1.001172 
1386 1.001394 
1387 1.001614 
1388 1.001830 
1389 1.002043 
1390 1.002251 
1391 1.002455 
1392 1.002653 
1393 1.002846 
1394 1.003032 
1395 1.003211 
1396 1.003383 
1397 1.003547 
1398 1.003704 
1399 1.003851 
1400 1.003990 
1401 1.004120 
1402 1.004240 
1403 1.004351 
1404 1.004452 
1405 1.004543 
1406 1.004623 
1407 1.004693 
1408 1.004753 
1409 1.004802 
1410 1.004841 
1411 1.004869 
1412 1.004886 
1413 1.004893 
1414 1.004889 
1415 1.004875 
1416 1.004851 
1417 1.004817 
1418 1.004773 
1419 1.004719 
1420 1.004656 
1421 1.004584 
1422 1.004503 
1423 1.004413 
1424 1.004315 
1425 1.004209 
1426 1.004096 
1427 1.003976 
1428 1.003849 
1429 1.003716 
1430 1.003577 
1431 1.003432 
1432 1.003283 
1433 1.003129 
1434 1.002972 
1435 1.002810 
1436 1.002646 
1437 1.002479 
1438 1.002311 
1439 1.002141 
1440 1.001969 
1441 1.001798 
1442 1.001626 
1443 1.001455 
1444 1.001284 
1445 1.001115 
1446 1.000948 
1447 1.000784 
1448 1.000622 
1449 1.000463 
1450 1.000308 
1451 1.000157 
1452 1.000010 
1453 0.999869 
1454 0.999732 
1455 0.999601 
1456 0.999476 
1457 0.999357 
1458 0.999244 
1459 0.999138 
1460 0.999039 
1461 0.998947 
1462 0.998862 
1463 0.998785 
1464 0.998715 
1465 0.998653 
1466 0.998599 
1467 0.998553 
1468 0.998515 
1469 0.998485 
1470 0.998463 
1471 0.998449 
1472 0.998444 
1473 0.998446 
1474 0.998455 
1475 0.998473 
1476 0.998498 
1477 0.998531 
1478 0.998571 
1479 0.998618 
1480 0.998672 
1481 0.998733 
1482 0.998800 
1483 0.998874 
1484 0.998953 
1485 0.999038 
1486 0.999129 
1487 0.999224 
1488 0.999325 
1489 0.999429 
1490 0.999538 
1491 0.999651 
1492 0.999767 
1493 0.999886 
1494 1.000007 
1495 1.000131 
1496 1.000257 
1497 1.000384 
1498 1.000513 
1499 1.000642 
1500 1.000772 
1501 1.000901 
1502 1.001031 
1503 1.001160 
1504 1.001287 
1505 1.001413 
1506 1.001538 
1507 1.001660 
1508 1.001780 
1509 1.001898 
1510 1.002012 
1511 1.002123 
1512 1.002230 
1513 1.002333 
1514 1.002432 
1515 1.002527 
1516 1.002618 
1517 1.002703 
1518 1.002783 
1519 1.002859 
1520 1.002929 
1521 1.002993 
1522 1.003052 
1523 1.003105 
1524 1.003152 
1525 1.003193 
1526 1.003228 
1527 1.003258 
1528 1.003281 
1529 1.003298 
1530 1.003309 
1531 1.003314 
1532 1.003314 
1533 1.003307 
1534 1.003294 
1535 1.003276 
1536 1.003252 
1537 1.003223 
1538 1.003188 
1539 1.003148 
1540 1.003103 
1541 1.003053 
1542 1.002999 
1543 1.002940 
1544 1.002877 
1545 1.002809 
1546 1.002738 
1547 1.002664 
1548 1.002586 
1549 1.002504 
1550 1.002421 
1551 1.002334 
1552 1.002245 
1553 1.002155 
1554 1.002062 
1555 1.001968 
1556 1.001873 
1557 1.001777 
1558 1.001681 
1559 1.001584 
1560 1.001487 
1561 1.001390 
1562 1.001294 
1563 1.001199 
1564 1.001105 
1565 1.001012 
1566 1.000920 
1567 1.000830 
1568 1.000743 
1569 1.000657 
1570 1.000574 
1571 1.000494 
1572 1.000417 
1573 1.000342 
1574 1.000271 
1575 1.000203 
1576 1.000139 
1577 1.000079 
1578 1.000022 
1579 0.999970 
1580 0.999922 
1581 0.999877 
1582 0.999837 
1583 0.999802 
1584 0.999770 
1585 0.999743 
1586 0.999721 
1587 0.999703 
1588 0.999690 
1589 0.999681 
1590 0.999676 
1591 0.999676 
1592 0.999680 
1593 0.999689 
1594 0.999702 
1595 0.999719 
1596 0.999740 
1597 0.999765 
1598 0.999794 
1599 0.999826 
1600 0.999862 
1601 0.999902 
1602 0.999945 
1603 0.999991 
1604 1.000040 
1605 1.000092 
1606 1.000147 
1607 1.000204 
1608 1.000263 
1609 1.000324 
1610 1.000388 
1611 1.000453 
1612 1.000519 
1613 1.000587 
1614 1.000655 
1615 1.000725 
1616 1.000795 
1617 1.000866 
1618 1.000937 
1619 1.001008 
1620 1.001078 
1621 1.001149 
1622 1.001219 
1623 1.001288 
1624 1.001356 
1625 1.001423 
1626 1.001489 
1627 1.001553 
1628 1.001615 
1629 1.001676 
1630 1.001735 
1631 1.001792 
1632 1.001846 
1633 1.001898 
1634 1.001948 
1635 1.001995 
1636 1.002040 
1637 1.002081 
1638 1.002120 
1639 1.002156 
1640 1.002188 
1641 1.002218 
1642 1.002244 
1643 1.002268 
1644 1.002288 
1645 1.002305 
1646 1.002318 
1647 1.002329 
1648 1.002336 
1649 1.002340 
1650 1.002341 
1651 1.002339 
1652 1.002333 
1653 1.002325 
1654 1.002313 
1655 1.002299 
1656 1.002282 
1657 1.002262 
1658 1.002239 
1659 1.002214 
1660 1.002186 
1661 1.002156 
1662 1.002124 
1663 1.002089 
1664 1.002053 
1665 1.002014 
1666 1.001974 
1667 1.001933 
1668 1.001889 
1669 1.001845 
1670 1.001799 
1671 1.001752 
1672 1.001705 
1673 1.001656 
1674 1.001607 
1675 1.001558 
1676 1.001508 
1677 1.001458 
1678 1.001408 
1679 1.001358 
1680 1.001308 
1681 1.001259 
1682 1.001211 
1683 1.001162 
1684 1.001115 
1685 1.001069 
1686 1.001024 
1687 1.000979 
1688 1.000936 
1689 1.000895 
1690 1.000855 
1691 1.000816 
1692 1.000779 
1693 1.000744 
1694 1.000711 
1695 1.000679 
1696 1.000650 
1697 1.000622 
1698 1.000597 
1699 1.000574 
1700 1.000552 
1701 1.000533 
1702 1.000516 
1703 1.000502 
1704 1.000489 
1705 1.000479 
1706 1.000471 
1707 1.000465 
1708 1.000461 
1709 1.000460 
1710 1.000461 
1711 1.000463 
1712 1.000468 
1713 1.000475 
1714 1.000484 
1715 1.000495 
1716 1.000508 
1717 1.000522 
1718 1.000538 
1719 1.000556 
1720 1.000576 
1721 1.000597 
1722 1.000619 
1723 1.000643 
1724 1.000668 
1725 1.000694 
1726 1.000721 
1727 1.000749 
1728 1.000779 
1729 1.000808 
1730 1.000839 
1731 1.000870 
1732 1.000902 
1733 1.000934 
1734 1.000966 
1735 1.000999 
1736 1.001031 
1737 1.001064 
1738 1.001096 
1739 1.001129 
1740 1.001161 
1741 1.001193 
1742 1.001224 
1743 1.001255 
1744 1.001285 
1745 1.001315 
1746 1.001343 
1747 1.001371 
1748 1.001398 
1749 1.001424 
1750 1.001450 
1751 1.001474 
1752 1.001497 
1753 1.001518 
1754 1.001539 
1755 1.001559 
1756 1.001577 
1757 1.001594 
1758 1.001609 
1759 1.001623 
1760 1.001636 
1761 1.001648 
1762 1.001658 
1763 1.001667 
1764 1.001674 
1765 1.001680 
1766 1.001685 
1767 1.001688 
1768 1.001690 
1769 1.001691 
1770 1.001691 
1771 1.001689 
1772 1.001686 
1773 1.001682 
1774 1.001677 
1775 1.001670 
1776 1.001663 
1777 1.001654 
1778 1.001645 
1779 1.001635 
1780 1.001624 
1781 1.001612 
1782 1.001599 
1783 1.001585 
1784 1.001571 
1785 1.001557 
1786 1.001541 
1787 1.001526 
1788 1.001509 
1789 1.001493 
1790 1.001476 
1791 1.001459 
1792 1.001442 
1793 1.001424 
1794 1.001407 
1795 1.001389 
1796 1.001371 
1797 1.001354 
1798 1.001337 
1799 1.001319 
1800 1.001302 
1801 1.001285 
1802 1.001269 
1803 1.001253 
1804 1.001237 
1805 1.001222 
1806 1.001207 
1807 1.001192 
1808 1.001178 
1809 1.001165 
1810 1.001152 
1811 1.001139 
1812 1.001127 
1813 1.001116 
1814 1.001105 
1815 1.001095 
1816 1.001086 
1817 1.001077 
1818 1.001069 
1819 1.001061 
1820 1.001055 
1821 1.001048 
1822 1.001043 
1823 1.001038 
1824 1.001033 
1825 1.001029 
1826 1.001026 
1827 1.001023 
1828 1.001021 
1829 1.001019 
1830 1.001018 
1831 1.001018 
1832 1.001017 
1833 1.001018 
1834 1.001018 
1835 1.001019 
1836 1.001021 
1837 1.001022 
1838 1.001024 
1839 1.001027 
1840 1.001029 
1841 1.001032 
1842 1.001035 
1843 1.001038 
1844 1.001042 
1845 1.001045 
1846 1.001049 
1847 1.001052 
1848 1.001056 
1849 1.001060 
1850 1.001064 
1851 1.001068 
1852 1.001071 
1853 1.001075 
1854 1.001079 
1855 1.001083 
1856 1.001087 
1857 1.001090 
1858 1.001094 
1859 1.001097 
1860 1.001101 
1861 1.001104 
1862 1.001107 
1863 1.001110 
1864 1.001113 
1865 1.001116 
1866 1.001119 
1867 1.001122 
1868 1.001125 
1869 1.001127 
1870 1.001130 
1871 1.001132 
1872 1.001135 
1873 1.001137 
1874 1.001140 
1875 1.001142 
1876 1.001145 
1877 1.001147 
1878 1.001150 
1879 1.001152 
1880 1.001155 
1881 1.001158 
1882 1.001161 
1883 1.001164 
1884 1.001167 
1885 1.001170 
1886 1.001174 
1887 1.001178 
1888 1.001181 
1889 1.001186 
1890 1.001190 
1891 1.001195 
1892 1.001199 
1893 1.001204 
1894 1.001210 
1895 1.001215 
1896 1.001221 
1897 1.001227 
1898 1.001234 
1899 1.001241 
1900 1.001248 
1901 1.001255 
1902 1.001262 
1903 1.001270 
1904 1.001278 
1905 1.001287 
1906 1.001295 
1907 1.001304 
1908 1.001313 
1909 1.001322 
1910 1.001331 
1911 1.001341 
1912 1.001350 
1913 1.001360 
1914 1.001370 
1915 1.001379 
1916 1.001389 
1917 1.001399 
1918 1.001409 
1919 1.001418 
1920 1.001428 
1921 1.001437 
1922 1.001447 
1923 1.001456 
1924 1.001464 
1925 1.001473 
1926 1.001481 
1927 1.001489 
1928 1.001496 
1929 1.001503 
1930 1.001510 
1931 1.001516 
1932 1.001521 
1933 1.001526 
1934 1.001531 
1935 1.001534 
1936 1.001537 
1937 1.001540 
1938 1.001541 
1939 1.001542 
1940 1.001542 
1941 1.001541 
1942 1.001539 
1943 1.001537 
1944 1.001534 
1945 1.001529 
1946 1.001524 
1947 1.001518 
1948 1.001511 
1949 1.001503 
1950 1.001494 
1951 1.001484 
1952 1.001473 
1953 1.001461 
1954 1.001449 
1955 1.001435 
1956 1.001420 
1957 1.001405 
1958 1.001389 
1959 1.001372 
1960 1.001354 
1961 1.001335 
1962 1.001316 
1963 1.001296 
1964 1.001275 
1965 1.001254 
1966 1.001232 
1967 1.001210 
1968 1.001187 
1969 1.001164 
1970 1.001140 
1971 1.001116 
1972 1.001092 
1973 1.001068 
1974 1.001044 
1975 1.001020 
1976 1.000996 
1977 1.000972 
1978 1.000948 
1979 1.000925 
1980 1.000902 
1981 1.000879 
1982 1.000857 
1983 1.000835 
1984 1.000815 
1985 1.000795 
1986 1.000775 
1987 1.000757 
1988 1.000740 
1989 1.000723 
1990 1.000708 
1991 1.000694 
1992 1.000681 
1993 1.000670 
1994 1.000660 
1995 1.000651 
1996 1.000644 
1997 1.000638 
1998 1.000634 
1999 1.000631 
