0.000067 0.000067 0.000067 
0.000077 0.000077 0.000077 
0.000088 0.000088 0.000088 
0.000101 0.000101 0.000101 
0.000115 0.000115 0.000115 
0.000132 0.000132 0.000132 
0.000151 0.000151 0.000151 
0.000172 0.000172 0.000172 
0.000197 0.000197 0.000197 
0.000226 0.000226 0.000226 
0.000258 0.000258 0.000258 
0.000295 0.000295 0.000295 
0.000338 0.000338 0.000338 
0.000386 0.000386 0.000386 
0.000442 0.000442 0.000442 
0.000506 0.000506 0.000506 
0.000579 0.000579 0.000579 
0.000662 0.000662 0.000662 
0.000757 0.000757 0.000757 
0.000867 0.000867 0.000867 
0.000991 0.000991 0.000991 
0.001134 0.001134 0.001134 
0.001298 0.001298 0.001298 
0.001484 0.001484 0.001484 
0.001698 0.001698 0.001698 
0.001943 0.001943 0.001943 
0.002223 0.002223 0.002223 
0.002543 0.002543 0.002543 
0.002909 0.002909 0.002909 
0.003328 0.003328 0.003328 
0.003808 0.003808 0.003808 
0.004356 0.004356 0.004356 
0.004984 0.004984 0.004984 
0.005702 0.005702 0.005702 
0.006523 0.006523 0.006523 
0.007463 0.007463 0.007463 
0.008538 0.008538 0.008538 
0.009768 0.009768 0.009768 
0.011175 0.011175 0.011175 
0.012785 0.012785 0.012785 
0.014627 0.014627 0.014627 
0.016734 0.016734 0.016734 
0.019144 0.019144 0.019144 
0.021902 0.021902 0.021902 
0.025057 0.025057 0.025057 
0.028666 0.028666 0.028666 
0.032796 0.032796 0.032796 
0.037520 0.037520 0.037520 
0.042925 0.042925 0.042925 
0.049108 0.049108 0.049108 
0.056183 0.056183 0.056183 
0.064276 0.064276 0.064276 
0.073535 0.073535 0.073535 
0.084128 0.084128 0.084128 
0.096246 0.096247 0.096246 
0.110111 0.110111 0.110111 
0.125972 0.125973 0.125973 
