0 0.000000 
1 0.000000 
2 0.000000 
3 0.000000 
4 0.000000 
5 0.000000 
6 0.000000 
7 0.000000 
8 0.000000 
9 0.000000 
10 0.000000 
11 0.000000 
12 0.000000 
13 0.000000 
14 0.000000 
15 0.000000 
16 0.000000 
17 0.000000 
18 0.000000 
19 0.000000 
20 0.000000 
21 0.000000 
22 0.000000 
23 0.000000 
24 0.000000 
25 0.000000 
26 0.000000 
27 0.000000 
28 0.000000 
29 0.000000 
30 0.000000 
31 0.000000 
32 0.000000 
33 0.000000 
34 0.000000 
35 0.000000 
36 0.000000 
37 0.000000 
38 0.000000 
39 0.000000 
40 0.000000 
41 0.000000 
42 0.000000 
43 0.000000 
44 0.000000 
45 0.000000 
46 0.000000 
47 0.000000 
48 0.000000 
49 0.000000 
50 0.000000 
51 0.000000 
52 0.000000 
53 0.000000 
54 0.000000 
55 0.000000 
56 0.000000 
57 0.000000 
58 0.000000 
59 0.000000 
60 0.000000 
61 0.000000 
62 0.000000 
63 0.000000 
64 0.000000 
65 0.000000 
66 0.000000 
67 0.000000 
68 0.000000 
69 0.000000 
70 0.000000 
71 0.000000 
72 0.000000 
73 0.000000 
74 0.000000 
75 0.000000 
76 0.000000 
77 0.000000 
78 0.000000 
79 0.000000 
80 0.000000 
81 0.000000 
82 0.000000 
83 0.000000 
84 0.000000 
85 0.000000 
86 0.000000 
87 0.000000 
88 0.000000 
89 0.000000 
90 0.000000 
91 0.000470 
92 0.000988 
93 0.001561 
94 0.002198 
95 0.002909 
96 0.003705 
97 0.004600 
98 0.005609 
99 0.006747 
100 0.008036 
101 0.009496 
102 0.011154 
103 0.013039 
104 0.015182 
105 0.017623 
106 0.020405 
107 0.023577 
108 0.027196 
109 0.031327 
110 0.036044 
111 0.041431 
112 0.047586 
113 0.054620 
114 0.062659 
115 0.071849 
116 0.082355 
117 0.094369 
118 0.108106 
119 0.123817 
120 0.141784 
121 0.162335 
122 0.185840 
123 0.212726 
124 0.243480 
125 0.278660 
126 0.318903 
127 0.364939 
128 0.417603 
129 0.477849 
130 0.546769 
131 0.625615 
132 0.715814 
133 0.819005 
134 0.937056 
135 1.072111 
136 1.226618 
137 1.403379 
138 1.605600 
139 1.836950 
140 2.101624 
141 2.404422 
142 2.750838 
143 3.147153 
144 3.600556 
145 4.119272 
146 4.712707 
147 5.391627 
148 5.159568 
149 4.937497 
150 4.724984 
151 4.521617 
152 4.327002 
153 4.140764 
154 3.962541 
155 3.791988 
156 3.628776 
157 3.472589 
158 3.323124 
159 3.180091 
160 3.043215 
161 2.912230 
162 2.786882 
163 2.666929 
164 2.552139 
165 2.442290 
166 2.337168 
167 2.236571 
168 2.140304 
169 2.048180 
170 1.960021 
171 1.875657 
172 1.794923 
173 1.717665 
174 1.643732 
175 1.572981 
176 1.505275 
177 1.440483 
178 1.378480 
179 1.319146 
180 1.262365 
181 1.208029 
182 1.156031 
183 1.106272 
184 1.058654 
185 1.013086 
186 0.969479 
187 0.927749 
188 0.887815 
189 0.849600 
190 0.813030 
191 0.778035 
192 0.744545 
193 0.712497 
194 0.681829 
195 0.652481 
196 0.624396 
197 0.597520 
198 0.571802 
199 0.547190 
200 0.523638 
201 0.501100 
202 0.479533 
203 0.458894 
204 0.439145 
205 0.420246 
206 0.402161 
207 0.384855 
208 0.368296 
209 0.352450 
210 0.337288 
211 0.322780 
212 0.308899 
213 0.295617 
214 0.282910 
215 0.270753 
216 0.259123 
217 0.247998 
218 0.237357 
219 0.227180 
220 0.217449 
221 0.208144 
222 0.199250 
223 0.190750 
224 0.182630 
225 0.174874 
226 0.167471 
227 0.160408 
228 0.153673 
229 0.147258 
230 0.141153 
231 0.135350 
232 0.129843 
233 0.124628 
234 0.119699 
235 0.115056 
236 0.110698 
237 0.106627 
238 0.102847 
239 0.099358 
240 0.096162 
241 0.093263 
242 0.090668 
243 0.088383 
244 0.086418 
245 0.084785 
246 0.083500 
247 0.082579 
248 0.082043 
249 0.081916 
250 0.082225 
251 0.083000 
252 0.084278 
253 0.086098 
254 0.088506 
255 0.091552 
256 0.095293 
257 0.099792 
258 0.105119 
259 0.111352 
260 0.118577 
261 0.126890 
262 0.136394 
263 0.147204 
264 0.159446 
265 0.173257 
266 0.188785 
267 0.206193 
268 0.225654 
269 0.247356 
270 0.271501 
271 0.298303 
272 0.327988 
273 0.360797 
274 0.396979 
275 0.436791 
276 0.480499 
277 0.528370 
278 0.580666 
279 0.637643 
280 0.699538 
281 0.766560 
282 0.838880 
283 0.916610 
284 0.999786 
285 1.088344 
286 1.182089 
287 1.280658 
288 1.383479 
289 1.489713 
290 1.598194 
291 1.707348 
292 1.815105 
293 1.918781 
294 2.014952 
295 2.099290 
296 2.172636 
297 2.235779 
298 2.289463 
299 2.334383 
300 2.371196 
301 2.400516 
302 2.422919 
303 2.438946 
304 2.449106 
305 2.453872 
306 2.453692 
307 2.448980 
308 2.440129 
309 2.427503 
310 2.411443 
311 2.392268 
312 2.370276 
313 2.345745 
314 2.318935 
315 2.290087 
316 2.259425 
317 2.227161 
318 2.193488 
319 2.158587 
320 2.122626 
321 2.085762 
322 2.048139 
323 2.009890 
324 1.971139 
325 1.932000 
326 1.892579 
327 1.852971 
328 1.813267 
329 1.773547 
330 1.733887 
331 1.694355 
332 1.655014 
333 1.615920 
334 1.577126 
335 1.538677 
336 1.500616 
337 1.462981 
338 1.425806 
339 1.389121 
340 1.352952 
341 1.317324 
342 1.282257 
343 1.247768 
344 1.213873 
345 1.180585 
346 1.147914 
347 1.115870 
348 1.084458 
349 1.053685 
350 1.023553 
351 0.994065 
352 0.965222 
353 0.937022 
354 0.909465 
355 0.882547 
356 0.856265 
357 0.830616 
358 0.805593 
359 0.781192 
360 0.757406 
361 0.734228 
362 0.711651 
363 0.689669 
364 0.668272 
365 0.647453 
366 0.627204 
367 0.607516 
368 0.588381 
369 0.569792 
370 0.551739 
371 0.534214 
372 0.517210 
373 0.500718 
374 0.484731 
375 0.469242 
376 0.454245 
377 0.439731 
378 0.425697 
379 0.412136 
380 0.399044 
381 0.386417 
382 0.374251 
383 0.362543 
384 0.351292 
385 0.340498 
386 0.330159 
387 0.320277 
388 0.310855 
389 0.301894 
390 0.293400 
391 0.285379 
392 0.277837 
393 0.270785 
394 0.264232 
395 0.258190 
396 0.252675 
397 0.247703 
398 0.243292 
399 0.239464 
400 0.236242 
401 0.233652 
402 0.231723 
403 0.230486 
404 0.229978 
405 0.230235 
406 0.231298 
407 0.233212 
408 0.236024 
409 0.239786 
410 0.244551 
411 0.250378 
412 0.257326 
413 0.265460 
414 0.274846 
415 0.285552 
416 0.297650 
417 0.311212 
418 0.326310 
419 0.343018 
420 0.361408 
421 0.381549 
422 0.403508 
423 0.427346 
424 0.453118 
425 0.480871 
426 0.510639 
427 0.542445 
428 0.576294 
429 0.612176 
430 0.650056 
431 0.689876 
432 0.731551 
433 0.774967 
434 0.819975 
435 0.866394 
436 0.914008 
437 0.962566 
438 1.011785 
439 1.061357 
440 1.110954 
441 1.160243 
442 1.208902 
443 1.256651 
444 1.303244 
445 1.348469 
446 1.392143 
447 1.434112 
448 1.474246 
449 1.512436 
450 1.548597 
451 1.582661 
452 1.614578 
453 1.644310 
454 1.671838 
455 1.697152 
456 1.720253 
457 1.741153 
458 1.759874 
459 1.776441 
460 1.790892 
461 1.803267 
462 1.813611 
463 1.821976 
464 1.828416 
465 1.832987 
466 1.835751 
467 1.836770 
468 1.836107 
469 1.833827 
470 1.829997 
471 1.824682 
472 1.817950 
473 1.809867 
474 1.800500 
475 1.789914 
476 1.778174 
477 1.765345 
478 1.751489 
479 1.736670 
480 1.720947 
481 1.704380 
482 1.687027 
483 1.668944 
484 1.650186 
485 1.630807 
486 1.610857 
487 1.590387 
488 1.569445 
489 1.548078 
490 1.526329 
491 1.504242 
492 1.481858 
493 1.459218 
494 1.436358 
495 1.413315 
496 1.390124 
497 1.366819 
498 1.343429 
499 1.319986 
500 1.296519 
501 1.273053 
502 1.249615 
503 1.226230 
504 1.202920 
505 1.179707 
506 1.156611 
507 1.133653 
508 1.110850 
509 1.088219 
510 1.065777 
511 1.043538 
512 1.021518 
513 0.999729 
514 0.978184 
515 0.956894 
516 0.935871 
517 0.915125 
518 0.894665 
519 0.874502 
520 0.854643 
521 0.835096 
522 0.815870 
523 0.796971 
524 0.778407 
525 0.760185 
526 0.742310 
527 0.724790 
528 0.707631 
529 0.690839 
530 0.674420 
531 0.658381 
532 0.642728 
533 0.627468 
534 0.612607 
535 0.598154 
536 0.584115 
537 0.570498 
538 0.557312 
539 0.544566 
540 0.532268 
541 0.520431 
542 0.509063 
543 0.498178 
544 0.487787 
545 0.477904 
546 0.468543 
547 0.459720 
548 0.451450 
549 0.443751 
550 0.436642 
551 0.430141 
552 0.424270 
553 0.419050 
554 0.414504 
555 0.410656 
556 0.407530 
557 0.405153 
558 0.403552 
559 0.402753 
560 0.402784 
561 0.403675 
562 0.405453 
563 0.408148 
564 0.411788 
565 0.416402 
566 0.422016 
567 0.428656 
568 0.436347 
569 0.445111 
570 0.454967 
571 0.465934 
572 0.478024 
573 0.491246 
574 0.505605 
575 0.521100 
576 0.537726 
577 0.555470 
578 0.574312 
579 0.594227 
580 0.615182 
581 0.637135 
582 0.660039 
583 0.683836 
584 0.708465 
585 0.733855 
586 0.759931 
587 0.786611 
588 0.813811 
589 0.841443 
590 0.869417 
591 0.897643 
592 0.926030 
593 0.954490 
594 0.982934 
595 1.011277 
596 1.039437 
597 1.067332 
598 1.094887 
599 1.122030 
600 1.148690 
601 1.174803 
602 1.200308 
603 1.225149 
604 1.249274 
605 1.272633 
606 1.295183 
607 1.316884 
608 1.337701 
609 1.357602 
610 1.376560 
611 1.394549 
612 1.411550 
613 1.427547 
614 1.442526 
615 1.456476 
616 1.469391 
617 1.481267 
618 1.492103 
619 1.501899 
620 1.510661 
621 1.518394 
622 1.525106 
623 1.530808 
624 1.535513 
625 1.539234 
626 1.541988 
627 1.543791 
628 1.544662 
629 1.544621 
630 1.543689 
631 1.541887 
632 1.539238 
633 1.535767 
634 1.531496 
635 1.526451 
636 1.520656 
637 1.514138 
638 1.506923 
639 1.499036 
640 1.490504 
641 1.481353 
642 1.471610 
643 1.461300 
644 1.450452 
645 1.439089 
646 1.427239 
647 1.414928 
648 1.402180 
649 1.389021 
650 1.375477 
651 1.361570 
652 1.347327 
653 1.332769 
654 1.317922 
655 1.302806 
656 1.287446 
657 1.271863 
658 1.256079 
659 1.240114 
660 1.223989 
661 1.207725 
662 1.191341 
663 1.174855 
664 1.158288 
665 1.141657 
666 1.124979 
667 1.108273 
668 1.091555 
669 1.074842 
670 1.058150 
671 1.041495 
672 1.024892 
673 1.008357 
674 0.991904 
675 0.975548 
676 0.959303 
677 0.943184 
678 0.927203 
679 0.911376 
680 0.895715 
681 0.880233 
682 0.864945 
683 0.849863 
684 0.835001 
685 0.820372 
686 0.805989 
687 0.791865 
688 0.778014 
689 0.764450 
690 0.751185 
691 0.738234 
692 0.725610 
693 0.713329 
694 0.701403 
695 0.689849 
696 0.678680 
697 0.667912 
698 0.657560 
699 0.647640 
700 0.638167 
701 0.629159 
702 0.620630 
703 0.612599 
704 0.605080 
705 0.598092 
706 0.591652 
707 0.585775 
708 0.580480 
709 0.575782 
710 0.571699 
711 0.568246 
712 0.565439 
713 0.563294 
714 0.561826 
715 0.561047 
716 0.560971 
717 0.561610 
718 0.562974 
719 0.565073 
720 0.567914 
721 0.571503 
722 0.575844 
723 0.580940 
724 0.586789 
725 0.593391 
726 0.600741 
727 0.608830 
728 0.617650 
729 0.627189 
730 0.637431 
731 0.648359 
732 0.659953 
733 0.672191 
734 0.685048 
735 0.698496 
736 0.712507 
737 0.727048 
738 0.742088 
739 0.757591 
740 0.773522 
741 0.789842 
742 0.806514 
743 0.823499 
744 0.840756 
745 0.858246 
746 0.875927 
747 0.893760 
748 0.911704 
749 0.929719 
750 0.947764 
751 0.965800 
752 0.983789 
753 1.001692 
754 1.019473 
755 1.037095 
756 1.054523 
757 1.071724 
758 1.088665 
759 1.105314 
760 1.121642 
761 1.137620 
762 1.153220 
763 1.168418 
764 1.183189 
765 1.197510 
766 1.211360 
767 1.224720 
768 1.237571 
769 1.249897 
770 1.261683 
771 1.272914 
772 1.283579 
773 1.293667 
774 1.303169 
775 1.312077 
776 1.320384 
777 1.328084 
778 1.335175 
779 1.341653 
780 1.347516 
781 1.352764 
782 1.357397 
783 1.361419 
784 1.364830 
785 1.367635 
786 1.369839 
787 1.371447 
788 1.372465 
789 1.372900 
790 1.372761 
791 1.372056 
792 1.370795 
793 1.368986 
794 1.366641 
795 1.363771 
796 1.360387 
797 1.356501 
798 1.352125 
799 1.347273 
800 1.341956 
801 1.336189 
802 1.329986 
803 1.323359 
804 1.316325 
805 1.308895 
806 1.301087 
807 1.292913 
808 1.284389 
809 1.275529 
810 1.266349 
811 1.256864 
812 1.247089 
813 1.237039 
814 1.226729 
815 1.216174 
816 1.205389 
817 1.194390 
818 1.183192 
819 1.171809 
820 1.160257 
821 1.148551 
822 1.136705 
823 1.124735 
824 1.112655 
825 1.100480 
826 1.088226 
827 1.075905 
828 1.063535 
829 1.051128 
830 1.038699 
831 1.026264 
832 1.013836 
833 1.001430 
834 0.989060 
835 0.976742 
836 0.964488 
837 0.952315 
838 0.940236 
839 0.928265 
840 0.916418 
841 0.904709 
842 0.893151 
843 0.881761 
844 0.870551 
845 0.859537 
846 0.848734 
847 0.838155 
848 0.827815 
849 0.817730 
850 0.807913 
851 0.798378 
852 0.789140 
853 0.780214 
854 0.771614 
855 0.763353 
856 0.755445 
857 0.747904 
858 0.740744 
859 0.733977 
860 0.727617 
861 0.721676 
862 0.716165 
863 0.711096 
864 0.706481 
865 0.702329 
866 0.698651 
867 0.695455 
868 0.692751 
869 0.690544 
870 0.688842 
871 0.687651 
872 0.686976 
873 0.686819 
874 0.687185 
875 0.688074 
876 0.689486 
877 0.691422 
878 0.693879 
879 0.696854 
880 0.700342 
881 0.704338 
882 0.708836 
883 0.713827 
884 0.719301 
885 0.725249 
886 0.731660 
887 0.738519 
888 0.745815 
889 0.753531 
890 0.761652 
891 0.770163 
892 0.779044 
893 0.788279 
894 0.797847 
895 0.807730 
896 0.817907 
897 0.828357 
898 0.839059 
899 0.849992 
900 0.861133 
901 0.872459 
902 0.883950 
903 0.895581 
904 0.907330 
905 0.919175 
906 0.931092 
907 0.943060 
908 0.955056 
909 0.967057 
910 0.979042 
911 0.990989 
912 1.002877 
913 1.014685 
914 1.026393 
915 1.037980 
916 1.049428 
917 1.060717 
918 1.071830 
919 1.082749 
920 1.093456 
921 1.103936 
922 1.114172 
923 1.124150 
924 1.133856 
925 1.143275 
926 1.152396 
927 1.161206 
928 1.169694 
929 1.177849 
930 1.185662 
931 1.193122 
932 1.200223 
933 1.206956 
934 1.213314 
935 1.219292 
936 1.224884 
937 1.230085 
938 1.234891 
939 1.239299 
940 1.243306 
941 1.246911 
942 1.250111 
943 1.252906 
944 1.255297 
945 1.257283 
946 1.258865 
947 1.260046 
948 1.260828 
949 1.261212 
950 1.261203 
951 1.260804 
952 1.260020 
953 1.258855 
954 1.257314 
955 1.255402 
956 1.253126 
957 1.250493 
958 1.247508 
959 1.244179 
960 1.240513 
961 1.236518 
962 1.232202 
963 1.227574 
964 1.222641 
965 1.217413 
966 1.211900 
967 1.206110 
968 1.200053 
969 1.193739 
970 1.187178 
971 1.180380 
972 1.173356 
973 1.166117 
974 1.158672 
975 1.151033 
976 1.143212 
977 1.135219 
978 1.127065 
979 1.118763 
980 1.110324 
981 1.101759 
982 1.093081 
983 1.084301 
984 1.075432 
985 1.066485 
986 1.057473 
987 1.048408 
988 1.039302 
989 1.030168 
990 1.021019 
991 1.011866 
992 1.002723 
993 0.993602 
994 0.984515 
995 0.975476 
996 0.966498 
997 0.957591 
998 0.948770 
999 0.940047 
1000 0.931435 
1001 0.922945 
1002 0.914591 
1003 0.906385 
1004 0.898339 
1005 0.890465 
1006 0.882775 
1007 0.875281 
1008 0.867994 
1009 0.860926 
1010 0.854089 
1011 0.847492 
1012 0.841147 
1013 0.835064 
1014 0.829252 
1015 0.823722 
1016 0.818482 
1017 0.813541 
1018 0.808908 
1019 0.804591 
1020 0.800596 
1021 0.796931 
1022 0.793601 
1023 0.790613 
1024 0.787972 
1025 0.785682 
1026 0.783746 
1027 0.782169 
1028 0.780952 
1029 0.780098 
1030 0.779608 
1031 0.779482 
1032 0.779719 
1033 0.780320 
1034 0.781282 
1035 0.782604 
1036 0.784281 
1037 0.786310 
1038 0.788688 
1039 0.791408 
1040 0.794465 
1041 0.797853 
1042 0.801565 
1043 0.805593 
1044 0.809929 
1045 0.814563 
1046 0.819488 
1047 0.824692 
1048 0.830166 
1049 0.835899 
1050 0.841879 
1051 0.848095 
1052 0.854536 
1053 0.861187 
1054 0.868038 
1055 0.875074 
1056 0.882283 
1057 0.889652 
1058 0.897166 
1059 0.904811 
1060 0.912575 
1061 0.920443 
1062 0.928400 
1063 0.936433 
1064 0.944528 
1065 0.952671 
1066 0.960847 
1067 0.969042 
1068 0.977243 
1069 0.985437 
1070 0.993608 
1071 1.001745 
1072 1.009834 
1073 1.017862 
1074 1.025816 
1075 1.033683 
1076 1.041453 
1077 1.049112 
1078 1.056649 
1079 1.064054 
1080 1.071315 
1081 1.078421 
1082 1.085363 
1083 1.092131 
1084 1.098716 
1085 1.105108 
1086 1.111298 
1087 1.117280 
1088 1.123045 
1089 1.128586 
1090 1.133896 
1091 1.138968 
1092 1.143798 
1093 1.148378 
1094 1.152704 
1095 1.156772 
1096 1.160576 
1097 1.164114 
1098 1.167382 
1099 1.170378 
1100 1.173097 
1101 1.175539 
1102 1.177702 
1103 1.179585 
1104 1.181186 
1105 1.182505 
1106 1.183543 
1107 1.184300 
1108 1.184776 
1109 1.184973 
1110 1.184891 
1111 1.184534 
1112 1.183903 
1113 1.183001 
1114 1.181830 
1115 1.180394 
1116 1.178697 
1117 1.176743 
1118 1.174535 
1119 1.172079 
1120 1.169378 
1121 1.166439 
1122 1.163267 
1123 1.159866 
1124 1.156245 
1125 1.152407 
1126 1.148361 
1127 1.144112 
1128 1.139668 
1129 1.135035 
1130 1.130222 
1131 1.125235 
1132 1.120083 
1133 1.114773 
1134 1.109313 
1135 1.103713 
1136 1.097981 
1137 1.092124 
1138 1.086153 
1139 1.080075 
1140 1.073901 
1141 1.067639 
1142 1.061298 
1143 1.054889 
1144 1.048421 
1145 1.041903 
1146 1.035345 
1147 1.028757 
1148 1.022149 
1149 1.015530 
1150 1.008911 
1151 1.002301 
1152 0.995711 
1153 0.989150 
1154 0.982628 
1155 0.976155 
1156 0.969741 
1157 0.963396 
1158 0.957129 
1159 0.950949 
1160 0.944867 
1161 0.938891 
1162 0.933031 
1163 0.927296 
1164 0.921695 
1165 0.916235 
1166 0.910926 
1167 0.905776 
1168 0.900793 
1169 0.895984 
1170 0.891356 
1171 0.886918 
1172 0.882676 
1173 0.878635 
1174 0.874803 
1175 0.871185 
1176 0.867787 
1177 0.864614 
1178 0.861669 
1179 0.858959 
1180 0.856486 
1181 0.854253 
1182 0.852265 
1183 0.850523 
1184 0.849030 
1185 0.847788 
1186 0.846797 
1187 0.846059 
1188 0.845574 
1189 0.845342 
1190 0.845363 
1191 0.845634 
1192 0.846157 
1193 0.846927 
1194 0.847943 
1195 0.849203 
1196 0.850704 
1197 0.852441 
1198 0.854411 
1199 0.856609 
1200 0.859032 
1201 0.861673 
1202 0.864528 
1203 0.867591 
1204 0.870855 
1205 0.874314 
1206 0.877963 
1207 0.881792 
1208 0.885796 
1209 0.889967 
1210 0.894297 
1211 0.898778 
1212 0.903401 
1213 0.908160 
1214 0.913044 
1215 0.918046 
1216 0.923156 
1217 0.928365 
1218 0.933666 
1219 0.939047 
1220 0.944501 
1221 0.950017 
1222 0.955587 
1223 0.961202 
1224 0.966851 
1225 0.972527 
1226 0.978219 
1227 0.983918 
1228 0.989615 
1229 0.995302 
1230 1.000969 
1231 1.006607 
1232 1.012207 
1233 1.017762 
1234 1.023262 
1235 1.028700 
1236 1.034066 
1237 1.039354 
1238 1.044555 
1239 1.049662 
1240 1.054667 
1241 1.059564 
1242 1.064345 
1243 1.069004 
1244 1.073534 
1245 1.077929 
1246 1.082183 
1247 1.086291 
1248 1.090247 
1249 1.094046 
1250 1.097683 
1251 1.101153 
1252 1.104452 
1253 1.107577 
1254 1.110523 
1255 1.113287 
1256 1.115866 
1257 1.118257 
1258 1.120457 
1259 1.122465 
1260 1.124277 
1261 1.125893 
1262 1.127312 
1263 1.128531 
1264 1.129550 
1265 1.130370 
1266 1.130988 
1267 1.131407 
1268 1.131625 
1269 1.131644 
1270 1.131465 
1271 1.131088 
1272 1.130515 
1273 1.129749 
1274 1.128790 
1275 1.127642 
1276 1.126306 
1277 1.124786 
1278 1.123084 
1279 1.121205 
1280 1.119151 
1281 1.116926 
1282 1.114534 
1283 1.111979 
1284 1.109267 
1285 1.106400 
1286 1.103385 
1287 1.100227 
1288 1.096930 
1289 1.093500 
1290 1.089942 
1291 1.086263 
1292 1.082469 
1293 1.078565 
1294 1.074557 
1295 1.070453 
1296 1.066258 
1297 1.061980 
1298 1.057625 
1299 1.053199 
1300 1.048711 
1301 1.044166 
1302 1.039573 
1303 1.034937 
1304 1.030268 
1305 1.025570 
1306 1.020853 
1307 1.016124 
1308 1.011389 
1309 1.006657 
1310 1.001933 
1311 0.997227 
1312 0.992545 
1313 0.987894 
1314 0.983282 
1315 0.978716 
1316 0.974202 
1317 0.969748 
1318 0.965360 
1319 0.961046 
1320 0.956812 
1321 0.952663 
1322 0.948608 
1323 0.944651 
1324 0.940800 
1325 0.937058 
1326 0.933433 
1327 0.929930 
1328 0.926554 
1329 0.923309 
1330 0.920201 
1331 0.917234 
1332 0.914412 
1333 0.911740 
1334 0.909221 
1335 0.906858 
1336 0.904656 
1337 0.902616 
1338 0.900742 
1339 0.899036 
1340 0.897499 
1341 0.896135 
1342 0.894944 
1343 0.893927 
1344 0.893086 
1345 0.892421 
1346 0.891933 
1347 0.891621 
1348 0.891485 
1349 0.891525 
1350 0.891740 
1351 0.892128 
1352 0.892689 
1353 0.893421 
1354 0.894321 
1355 0.895387 
1356 0.896618 
1357 0.898009 
1358 0.899559 
1359 0.901264 
1360 0.903120 
1361 0.905124 
1362 0.907272 
1363 0.909559 
1364 0.911982 
1365 0.914535 
1366 0.917214 
1367 0.920014 
1368 0.922931 
1369 0.925957 
1370 0.929090 
1371 0.932322 
1372 0.935648 
1373 0.939062 
1374 0.942559 
1375 0.946133 
1376 0.949777 
1377 0.953485 
1378 0.957252 
1379 0.961070 
1380 0.964934 
1381 0.968837 
1382 0.972773 
1383 0.976736 
1384 0.980719 
1385 0.984716 
1386 0.988720 
1387 0.992726 
1388 0.996727 
1389 1.000716 
1390 1.004688 
1391 1.008637 
1392 1.012556 
1393 1.016440 
1394 1.020283 
1395 1.024078 
1396 1.027821 
1397 1.031506 
1398 1.035128 
1399 1.038681 
1400 1.042160 
1401 1.045560 
1402 1.048876 
1403 1.052104 
1404 1.055239 
1405 1.058277 
1406 1.061213 
1407 1.064044 
1408 1.066766 
1409 1.069375 
1410 1.071868 
1411 1.074241 
1412 1.076491 
1413 1.078616 
1414 1.080613 
1415 1.082480 
1416 1.084213 
1417 1.085812 
1418 1.087273 
1419 1.088597 
1420 1.089781 
1421 1.090824 
1422 1.091725 
1423 1.092483 
1424 1.093098 
1425 1.093570 
1426 1.093898 
1427 1.094082 
1428 1.094124 
1429 1.094022 
1430 1.093779 
1431 1.093394 
1432 1.092870 
1433 1.092207 
1434 1.091408 
1435 1.090473 
1436 1.089405 
1437 1.088206 
1438 1.086878 
1439 1.085423 
1440 1.083846 
1441 1.082147 
1442 1.080331 
1443 1.078401 
1444 1.076360 
1445 1.074211 
1446 1.071958 
1447 1.069606 
1448 1.067157 
1449 1.064617 
1450 1.061990 
1451 1.059279 
1452 1.056489 
1453 1.053626 
1454 1.050693 
1455 1.047695 
1456 1.044638 
1457 1.041526 
1458 1.038364 
1459 1.035158 
1460 1.031913 
1461 1.028633 
1462 1.025324 
1463 1.021992 
1464 1.018641 
1465 1.015277 
1466 1.011905 
1467 1.008531 
1468 1.005160 
1469 1.001796 
1470 0.998447 
1471 0.995116 
1472 0.991808 
1473 0.988530 
1474 0.985286 
1475 0.982081 
1476 0.978919 
1477 0.975807 
1478 0.972747 
1479 0.969747 
1480 0.966808 
1481 0.963937 
1482 0.961137 
1483 0.958413 
1484 0.955768 
1485 0.953206 
1486 0.950732 
1487 0.948348 
1488 0.946059 
1489 0.943867 
1490 0.941775 
1491 0.939787 
1492 0.937904 
1493 0.936131 
1494 0.934468 
1495 0.932918 
1496 0.931484 
1497 0.930166 
1498 0.928967 
1499 0.927888 
1500 0.926930 
1501 0.926094 
1502 0.925381 
1503 0.924791 
1504 0.924325 
1505 0.923983 
1506 0.923765 
1507 0.923671 
1508 0.923700 
1509 0.923852 
1510 0.924126 
1511 0.924520 
1512 0.925035 
1513 0.925667 
1514 0.926417 
1515 0.927281 
1516 0.928259 
1517 0.929348 
1518 0.930546 
1519 0.931850 
1520 0.933258 
1521 0.934768 
1522 0.936376 
1523 0.938079 
1524 0.939874 
1525 0.941758 
1526 0.943728 
1527 0.945780 
1528 0.947911 
1529 0.950116 
1530 0.952393 
1531 0.954736 
1532 0.957143 
1533 0.959608 
1534 0.962129 
1535 0.964700 
1536 0.967317 
1537 0.969977 
1538 0.972675 
1539 0.975406 
1540 0.978167 
1541 0.980952 
1542 0.983757 
1543 0.986578 
1544 0.989410 
1545 0.992249 
1546 0.995090 
1547 0.997930 
1548 1.000763 
1549 1.003585 
1550 1.006392 
1551 1.009181 
1552 1.011945 
1553 1.014682 
1554 1.017387 
1555 1.020056 
1556 1.022685 
1557 1.025271 
1558 1.027809 
1559 1.030296 
1560 1.032728 
1561 1.035102 
1562 1.037414 
1563 1.039661 
1564 1.041840 
1565 1.043947 
1566 1.045980 
1567 1.047937 
1568 1.049813 
1569 1.051607 
1570 1.053317 
1571 1.054939 
1572 1.056472 
1573 1.057914 
1574 1.059263 
1575 1.060518 
1576 1.061676 
1577 1.062736 
1578 1.063698 
1579 1.064559 
1580 1.065319 
1581 1.065978 
1582 1.066534 
1583 1.066988 
1584 1.067338 
1585 1.067585 
1586 1.067729 
1587 1.067770 
1588 1.067708 
1589 1.067543 
1590 1.067277 
1591 1.066911 
1592 1.066444 
1593 1.065879 
1594 1.065216 
1595 1.064457 
1596 1.063603 
1597 1.062657 
1598 1.061619 
1599 1.060493 
1600 1.059279 
1601 1.057980 
1602 1.056600 
1603 1.055139 
1604 1.053601 
1605 1.051988 
1606 1.050303 
1607 1.048549 
1608 1.046729 
1609 1.044847 
1610 1.042904 
1611 1.040906 
1612 1.038854 
1613 1.036753 
1614 1.034605 
1615 1.032415 
1616 1.030186 
1617 1.027922 
1618 1.025626 
1619 1.023302 
1620 1.020954 
1621 1.018586 
1622 1.016201 
1623 1.013804 
1624 1.011398 
1625 1.008986 
1626 1.006574 
1627 1.004164 
1628 1.001760 
1629 0.999367 
1630 0.996987 
1631 0.994625 
1632 0.992284 
1633 0.989968 
1634 0.987680 
1635 0.985424 
1636 0.983204 
1637 0.981022 
1638 0.978882 
1639 0.976786 
1640 0.974739 
1641 0.972744 
1642 0.970802 
1643 0.968917 
1644 0.967092 
1645 0.965329 
1646 0.963631 
1647 0.962000 
1648 0.960438 
1649 0.958948 
1650 0.957531 
1651 0.956190 
1652 0.954926 
1653 0.953741 
1654 0.952637 
1655 0.951614 
1656 0.950674 
1657 0.949818 
1658 0.949048 
1659 0.948363 
1660 0.947765 
1661 0.947254 
1662 0.946830 
1663 0.946495 
1664 0.946247 
1665 0.946087 
1666 0.946015 
1667 0.946030 
1668 0.946133 
1669 0.946322 
1670 0.946597 
1671 0.946957 
1672 0.947401 
1673 0.947929 
1674 0.948538 
1675 0.949227 
1676 0.949996 
1677 0.950842 
1678 0.951764 
1679 0.952761 
1680 0.953829 
1681 0.954968 
1682 0.956175 
1683 0.957448 
1684 0.958785 
1685 0.960184 
1686 0.961641 
1687 0.963155 
1688 0.964723 
1689 0.966342 
1690 0.968009 
1691 0.969723 
1692 0.971479 
1693 0.973275 
1694 0.975109 
1695 0.976976 
1696 0.978875 
1697 0.980801 
1698 0.982752 
1699 0.984725 
1700 0.986717 
1701 0.988724 
1702 0.990744 
1703 0.992773 
1704 0.994807 
1705 0.996845 
1706 0.998882 
1707 1.000916 
1708 1.002943 
1709 1.004960 
1710 1.006965 
1711 1.008954 
1712 1.010923 
1713 1.012872 
1714 1.014795 
1715 1.016691 
1716 1.018556 
1717 1.020388 
1718 1.022184 
1719 1.023942 
1720 1.025658 
1721 1.027331 
1722 1.028958 
1723 1.030536 
1724 1.032063 
1725 1.033538 
1726 1.034957 
1727 1.036320 
1728 1.037624 
1729 1.038866 
1730 1.040047 
1731 1.041163 
1732 1.042214 
1733 1.043198 
1734 1.044113 
1735 1.044959 
1736 1.045734 
1737 1.046438 
1738 1.047070 
1739 1.047628 
1740 1.048113 
1741 1.048523 
1742 1.048859 
1743 1.049120 
1744 1.049306 
1745 1.049417 
1746 1.049452 
1747 1.049414 
1748 1.049300 
1749 1.049113 
1750 1.048853 
1751 1.048519 
1752 1.048114 
1753 1.047638 
1754 1.047091 
1755 1.046476 
1756 1.045793 
1757 1.045044 
1758 1.044229 
1759 1.043352 
1760 1.042412 
1761 1.041413 
1762 1.040355 
1763 1.039242 
1764 1.038073 
1765 1.036853 
1766 1.035582 
1767 1.034264 
1768 1.032900 
1769 1.031493 
1770 1.030045 
1771 1.028559 
1772 1.027036 
1773 1.025481 
1774 1.023895 
1775 1.022280 
1776 1.020641 
1777 1.018979 
1778 1.017297 
1779 1.015597 
1780 1.013883 
1781 1.012158 
1782 1.010424 
1783 1.008684 
1784 1.006940 
1785 1.005196 
1786 1.003454 
1787 1.001716 
1788 0.999987 
1789 0.998268 
1790 0.996561 
1791 0.994870 
1792 0.993198 
1793 0.991546 
1794 0.989917 
1795 0.988314 
1796 0.986738 
1797 0.985193 
1798 0.983681 
1799 0.982203 
1800 0.980763 
1801 0.979361 
1802 0.978000 
1803 0.976683 
1804 0.975410 
1805 0.974183 
1806 0.973005 
1807 0.971877 
1808 0.970800 
1809 0.969776 
1810 0.968806 
1811 0.967891 
1812 0.967033 
1813 0.966233 
1814 0.965492 
1815 0.964809 
1816 0.964188 
1817 0.963627 
1818 0.963128 
1819 0.962691 
1820 0.962317 
1821 0.962005 
1822 0.961756 
1823 0.961571 
1824 0.961449 
1825 0.961390 
1826 0.961394 
1827 0.961460 
1828 0.961589 
1829 0.961780 
1830 0.962032 
1831 0.962345 
1832 0.962717 
1833 0.963149 
1834 0.963639 
1835 0.964186 
1836 0.964790 
1837 0.965448 
1838 0.966161 
1839 0.966926 
1840 0.967742 
1841 0.968608 
1842 0.969522 
1843 0.970482 
1844 0.971488 
1845 0.972537 
1846 0.973628 
1847 0.974758 
1848 0.975926 
1849 0.977130 
1850 0.978368 
1851 0.979638 
1852 0.980938 
1853 0.982265 
1854 0.983619 
1855 0.984996 
1856 0.986394 
1857 0.987811 
1858 0.989246 
1859 0.990694 
1860 0.992156 
1861 0.993627 
1862 0.995107 
1863 0.996591 
1864 0.998079 
1865 0.999568 
1866 1.001056 
1867 1.002540 
1868 1.004018 
1869 1.005488 
1870 1.006947 
1871 1.008394 
1872 1.009826 
1873 1.011241 
1874 1.012637 
1875 1.014012 
1876 1.015363 
1877 1.016689 
1878 1.017987 
1879 1.019257 
1880 1.020495 
1881 1.021699 
1882 1.022869 
1883 1.024003 
1884 1.025098 
1885 1.026153 
1886 1.027167 
1887 1.028137 
1888 1.029064 
1889 1.029944 
1890 1.030777 
1891 1.031563 
1892 1.032298 
1893 1.032984 
1894 1.033618 
1895 1.034200 
1896 1.034728 
1897 1.035203 
1898 1.035623 
1899 1.035989 
1900 1.036299 
1901 1.036553 
1902 1.036752 
1903 1.036894 
1904 1.036980 
1905 1.037010 
1906 1.036984 
1907 1.036902 
1908 1.036764 
1909 1.036571 
1910 1.036324 
1911 1.036023 
1912 1.035668 
1913 1.035261 
1914 1.034802 
1915 1.034292 
1916 1.033733 
1917 1.033125 
1918 1.032470 
1919 1.031769 
1920 1.031023 
1921 1.030234 
1922 1.029404 
1923 1.028533 
1924 1.027623 
1925 1.026677 
1926 1.025695 
1927 1.024680 
1928 1.023634 
1929 1.022558 
1930 1.021454 
1931 1.020324 
1932 1.019170 
1933 1.017993 
1934 1.016797 
1935 1.015583 
1936 1.014353 
1937 1.013108 
1938 1.011852 
1939 1.010585 
1940 1.009311 
1941 1.008031 
1942 1.006746 
1943 1.005460 
1944 1.004174 
1945 1.002890 
1946 1.001610 
1947 1.000336 
1948 0.999070 
1949 0.997814 
1950 0.996569 
1951 0.995338 
1952 0.994122 
1953 0.992923 
1954 0.991744 
1955 0.990584 
1956 0.989447 
1957 0.988334 
1958 0.987246 
1959 0.986186 
1960 0.985153 
1961 0.984151 
1962 0.983179 
1963 0.982241 
1964 0.981336 
1965 0.980466 
1966 0.979632 
1967 0.978836 
1968 0.978078 
1969 0.977359 
1970 0.976681 
1971 0.976044 
1972 0.975448 
1973 0.974895 
1974 0.974386 
1975 0.973920 
1976 0.973499 
1977 0.973122 
1978 0.972791 
1979 0.972505 
1980 0.972266 
1981 0.972072 
1982 0.971924 
1983 0.971823 
1984 0.971767 
1985 0.971758 
1986 0.971795 
1987 0.971877 
1988 0.972005 
1989 0.972178 
1990 0.972396 
1991 0.972658 
1992 0.972964 
1993 0.973313 
1994 0.973705 
1995 0.974138 
1996 0.974613 
1997 0.975127 
1998 0.975681 
1999 0.976274 
