0 0.000000 
1 0.000000 
2 0.000000 
3 0.000000 
4 0.000000 
5 0.000000 
6 0.000000 
7 0.000000 
8 0.000000 
9 0.000000 
10 0.000000 
11 0.000000 
12 0.000000 
13 0.000000 
14 0.000000 
15 0.000000 
16 0.000000 
17 0.000000 
18 0.000000 
19 0.000000 
20 0.000000 
21 0.000000 
22 0.000000 
23 0.000000 
24 0.000000 
25 0.000000 
26 0.000000 
27 0.000000 
28 0.000000 
29 0.000000 
30 0.000000 
31 0.000000 
32 0.000000 
33 0.000000 
34 0.000000 
35 0.000000 
36 0.000000 
37 0.000000 
38 0.000000 
39 0.000000 
40 0.000000 
41 0.000000 
42 0.000000 
43 0.000000 
44 0.000000 
45 0.000000 
46 0.000000 
47 0.000000 
48 0.000000 
49 0.000000 
50 0.000000 
51 0.000000 
52 0.000000 
53 0.000000 
54 0.000000 
55 0.000000 
56 0.000000 
57 0.000000 
58 0.000000 
59 0.000000 
60 0.000000 
61 0.000000 
62 0.000000 
63 0.000000 
64 0.000000 
65 0.000000 
66 0.000000 
67 0.000000 
68 0.000000 
69 0.000000 
70 0.000000 
71 0.000000 
72 0.000000 
73 0.000000 
74 0.000000 
75 0.000000 
76 0.000000 
77 0.000000 
78 0.000000 
79 0.000000 
80 0.000000 
81 0.000000 
82 0.000000 
83 0.000000 
84 0.000000 
85 0.000000 
86 0.000000 
87 0.000000 
88 0.000000 
89 0.000000 
90 0.000000 
91 1.009689 
92 1.009682 
93 1.009675 
94 1.009668 
95 1.009661 
96 1.009655 
97 1.009648 
98 1.009641 
99 1.009634 
100 1.009627 
101 1.009621 
102 1.009614 
103 1.009607 
104 1.009600 
105 1.009593 
106 1.009587 
107 1.009580 
108 1.009573 
109 1.009566 
110 1.009559 
111 1.009553 
112 1.009546 
113 1.009539 
114 1.009532 
115 1.009525 
116 1.009518 
117 1.009512 
118 1.009505 
119 1.009498 
120 1.009491 
121 1.009484 
122 1.009478 
123 1.009471 
124 1.009464 
125 1.009457 
126 1.009450 
127 1.009444 
128 1.009437 
129 1.009430 
130 1.009423 
131 1.009416 
132 1.009410 
133 1.009403 
134 1.009396 
135 1.009389 
136 1.009382 
137 1.009375 
138 1.009369 
139 1.009362 
140 1.009355 
141 1.009348 
142 1.009341 
143 1.009335 
144 1.009328 
145 1.009321 
146 1.009314 
147 1.009307 
148 1.009301 
149 1.009294 
150 1.009287 
151 1.009280 
152 1.009273 
153 1.009267 
154 1.009260 
155 1.009253 
156 1.009246 
157 1.009239 
158 1.009232 
159 1.009226 
160 1.009219 
161 1.009212 
162 1.009205 
163 1.009198 
164 1.009192 
165 1.009185 
166 1.009178 
167 1.009171 
168 1.009164 
169 1.009158 
170 1.009151 
171 1.009144 
172 1.009137 
173 1.009130 
174 1.009124 
175 1.009117 
176 1.009110 
177 1.009103 
178 1.009096 
179 1.009090 
180 1.009083 
181 1.009076 
182 1.009076 
183 1.009076 
184 1.009076 
185 1.009076 
186 1.009076 
187 1.009076 
188 1.009076 
189 1.009076 
190 1.009076 
191 1.009076 
192 1.009076 
193 1.009076 
194 1.009076 
195 1.009076 
196 1.009076 
197 1.009076 
198 1.009076 
199 1.009076 
200 1.009076 
201 1.009076 
202 1.009076 
203 1.009076 
204 1.009076 
205 1.009076 
206 1.009076 
207 1.009076 
208 1.009076 
209 1.009076 
210 1.009076 
211 1.009076 
212 1.009076 
213 1.009076 
214 1.009076 
215 1.009076 
216 1.009076 
217 1.009076 
218 1.009076 
219 1.009076 
220 1.009076 
221 1.009076 
222 1.009076 
223 1.009076 
224 1.009076 
225 1.009076 
226 1.009076 
227 1.009076 
228 1.009076 
229 1.009076 
230 1.009076 
231 1.009076 
232 1.009076 
233 1.009076 
234 1.009076 
235 1.009076 
236 1.009076 
237 1.009076 
238 1.009076 
239 1.009076 
240 1.009076 
241 1.009076 
242 1.009076 
243 1.009076 
244 1.009076 
245 1.009076 
246 1.009076 
247 1.009076 
248 1.009076 
249 1.009076 
250 1.009076 
251 1.009076 
252 1.009076 
253 1.009076 
254 1.009076 
255 1.009076 
256 1.009076 
257 1.009076 
258 1.009076 
259 1.009076 
260 1.009076 
261 1.009076 
262 1.009076 
263 1.009076 
264 1.009076 
265 1.009076 
266 1.009076 
267 1.009076 
268 1.009076 
269 1.009076 
270 1.009076 
271 1.009076 
272 1.009076 
273 1.009076 
274 1.009076 
275 1.009076 
276 1.009076 
277 1.009076 
278 1.009076 
279 1.009076 
280 1.009076 
281 1.009076 
282 1.009076 
283 1.009076 
284 1.009076 
285 1.009076 
286 1.009076 
287 1.009076 
288 1.009076 
289 1.009076 
290 1.009076 
291 1.009076 
292 1.009076 
293 1.009076 
294 1.009076 
295 1.009076 
296 1.009076 
297 1.009076 
298 1.009076 
299 1.009076 
300 1.009076 
301 1.009076 
302 1.009076 
303 1.009076 
304 1.009076 
305 1.009076 
306 1.009076 
307 1.009076 
308 1.009076 
309 1.009076 
310 1.009076 
311 1.009076 
312 1.009076 
313 1.009076 
314 1.009076 
315 1.009076 
316 1.009076 
317 1.009076 
318 1.009076 
319 1.009076 
320 1.009076 
321 1.009076 
322 1.009076 
323 1.009076 
324 1.009076 
325 1.009076 
326 1.009076 
327 1.009076 
328 1.009076 
329 1.009076 
330 1.009076 
331 1.009076 
332 1.009076 
333 1.009076 
334 1.009076 
335 1.009076 
336 1.009076 
337 1.009076 
338 1.009076 
339 1.009076 
340 1.009076 
341 1.009076 
342 1.009076 
343 1.009076 
344 1.009076 
345 1.009076 
346 1.009076 
347 1.009076 
348 1.009076 
349 1.009076 
350 1.009076 
351 1.009076 
352 1.009076 
353 1.009076 
354 1.009076 
355 1.009076 
356 1.009076 
357 1.009076 
358 1.009076 
359 1.009076 
360 1.009076 
361 1.009076 
362 1.009076 
363 1.009076 
364 1.009076 
365 1.009076 
366 1.009076 
367 1.009076 
368 1.009076 
369 1.009076 
370 1.009076 
371 1.009076 
372 1.009076 
373 1.009076 
374 1.009076 
375 1.009076 
376 1.009076 
377 1.009076 
378 1.009076 
379 1.009076 
380 1.009076 
381 1.009076 
382 1.009076 
383 1.009076 
384 1.009076 
385 1.009076 
386 1.009076 
387 1.009076 
388 1.009076 
389 1.009076 
390 1.009076 
391 1.009076 
392 1.009076 
393 1.009076 
394 1.009076 
395 1.009076 
396 1.009076 
397 1.009076 
398 1.009076 
399 1.009076 
400 1.009076 
401 1.009076 
402 1.009076 
403 1.009076 
404 1.009076 
405 1.009076 
406 1.009076 
407 1.009076 
408 1.009076 
409 1.009076 
410 1.009076 
411 1.009076 
412 1.009076 
413 1.009076 
414 1.009076 
415 1.009076 
416 1.009076 
417 1.009076 
418 1.009076 
419 1.009076 
420 1.009076 
421 1.009076 
422 1.009076 
423 1.009076 
424 1.009076 
425 1.009076 
426 1.009076 
427 1.009076 
428 1.009076 
429 1.009076 
430 1.009076 
431 1.009076 
432 1.009076 
433 1.009076 
434 1.009076 
435 1.009076 
436 1.009076 
437 1.009076 
438 1.009076 
439 1.009076 
440 1.009076 
441 1.009076 
442 1.009076 
443 1.009076 
444 1.009076 
445 1.009076 
446 1.009076 
447 1.009076 
448 1.009076 
449 1.009076 
450 1.009076 
451 1.009076 
452 1.009076 
453 1.009076 
454 1.009076 
455 1.009076 
456 1.009076 
457 1.009076 
458 1.009076 
459 1.009076 
460 1.009076 
461 1.009076 
462 1.009076 
463 1.009076 
464 1.009076 
465 1.009076 
466 1.009076 
467 1.009076 
468 1.009076 
469 1.009076 
470 1.009076 
471 1.009076 
472 1.009076 
473 1.009076 
474 1.009076 
475 1.009076 
476 1.009076 
477 1.009076 
478 1.009076 
479 1.009076 
480 1.009076 
481 1.009076 
482 1.009076 
483 1.009076 
484 1.009076 
485 1.009076 
486 1.009076 
487 1.009076 
488 1.009076 
489 1.009076 
490 1.009076 
491 1.009076 
492 1.009076 
493 1.009076 
494 1.009076 
495 1.009076 
496 1.009076 
497 1.009076 
498 1.009076 
499 1.009076 
500 1.009076 
501 1.009076 
502 1.009076 
503 1.009076 
504 1.009076 
505 1.009076 
506 1.009076 
507 1.009076 
508 1.009076 
509 1.009076 
510 1.009076 
511 1.009076 
512 1.009076 
513 1.009076 
514 1.009076 
515 1.009076 
516 1.009076 
517 1.009076 
518 1.009076 
519 1.009076 
520 1.009076 
521 1.009076 
522 1.009076 
523 1.009076 
524 1.009076 
525 1.009076 
526 1.009076 
527 1.009076 
528 1.009076 
529 1.009076 
530 1.009076 
531 1.009076 
532 1.009076 
533 1.009076 
534 1.009076 
535 1.009076 
536 1.009076 
537 1.009076 
538 1.009076 
539 1.009076 
540 1.009076 
541 1.009076 
542 1.009076 
543 1.009076 
544 1.009076 
545 1.009076 
546 1.009076 
547 1.009076 
548 1.009076 
549 1.009076 
550 1.009076 
551 1.009076 
552 1.009076 
553 1.009076 
554 1.009076 
555 1.009076 
556 1.009076 
557 1.009076 
558 1.009076 
559 1.009076 
560 1.009076 
561 1.009076 
562 1.009076 
563 1.009076 
564 1.009076 
565 1.009076 
566 1.009076 
567 1.009076 
568 1.009076 
569 1.009076 
570 1.009076 
571 1.009076 
572 1.009076 
573 1.009076 
574 1.009076 
575 1.009076 
576 1.009076 
577 1.009076 
578 1.009076 
579 1.009076 
580 1.009076 
581 1.009076 
582 1.009076 
583 1.009076 
584 1.009076 
585 1.009076 
586 1.009076 
587 1.009076 
588 1.009076 
589 1.009076 
590 1.009076 
591 1.009076 
592 1.009076 
593 1.009076 
594 1.009076 
595 1.009076 
596 1.009076 
597 1.009076 
598 1.009076 
599 1.009076 
600 1.009076 
601 1.009076 
602 1.009076 
603 1.009076 
604 1.009076 
605 1.009076 
606 1.009076 
607 1.009076 
608 1.009076 
609 1.009076 
610 1.009076 
611 1.009076 
612 1.009076 
613 1.009076 
614 1.009076 
615 1.009076 
616 1.009076 
617 1.009076 
618 1.009076 
619 1.009076 
620 1.009076 
621 1.009076 
622 1.009076 
623 1.009076 
624 1.009076 
625 1.009076 
626 1.009076 
627 1.009076 
628 1.009076 
629 1.009076 
630 1.009076 
631 1.009076 
632 1.009076 
633 1.009076 
634 1.009076 
635 1.009076 
636 1.009076 
637 1.009076 
638 1.009076 
639 1.009076 
640 1.009076 
641 1.009076 
642 1.009076 
643 1.009076 
644 1.009076 
645 1.009076 
646 1.009076 
647 1.009076 
648 1.009076 
649 1.009076 
650 1.009076 
651 1.009076 
652 1.009076 
653 1.009076 
654 1.009076 
655 1.009076 
656 1.009076 
657 1.009076 
658 1.009076 
659 1.009076 
660 1.009076 
661 1.009076 
662 1.009076 
663 1.009076 
664 1.009076 
665 1.009076 
666 1.009076 
667 1.009076 
668 1.009076 
669 1.009076 
670 1.009076 
671 1.009076 
672 1.009076 
673 1.009076 
674 1.009076 
675 1.009076 
676 1.009076 
677 1.009076 
678 1.009076 
679 1.009076 
680 1.009076 
681 1.009076 
682 1.009076 
683 1.009076 
684 1.009076 
685 1.009076 
686 1.009076 
687 1.009076 
688 1.009076 
689 1.009076 
690 1.009076 
691 1.009076 
692 1.009076 
693 1.009076 
694 1.009076 
695 1.009076 
696 1.009076 
697 1.009076 
698 1.009076 
699 1.009076 
700 1.009076 
701 1.009076 
702 1.009076 
703 1.009076 
704 1.009076 
705 1.009076 
706 1.009076 
707 1.009076 
708 1.009076 
709 1.009076 
710 1.009076 
711 1.009076 
712 1.009076 
713 1.009076 
714 1.009076 
715 1.009076 
716 1.009076 
717 1.009076 
718 1.009076 
719 1.009076 
720 1.009076 
721 1.009076 
722 1.009076 
723 1.009076 
724 1.009076 
725 1.009076 
726 1.009076 
727 1.009076 
728 1.009076 
729 1.009076 
730 1.009076 
731 1.009076 
732 1.009076 
733 1.009076 
734 1.009076 
735 1.009076 
736 1.009076 
737 1.009076 
738 1.009076 
739 1.009076 
740 1.009076 
741 1.009076 
742 1.009076 
743 1.009076 
744 1.009076 
745 1.009076 
746 1.009076 
747 1.009076 
748 1.009076 
749 1.009076 
750 1.009076 
751 1.009076 
752 1.009076 
753 1.009076 
754 1.009076 
755 1.009076 
756 1.009076 
757 1.009076 
758 1.009076 
759 1.009076 
760 1.009076 
761 1.009076 
762 1.009076 
763 1.009076 
764 1.009076 
765 1.009076 
766 1.009076 
767 1.009076 
768 1.009076 
769 1.009076 
770 1.009076 
771 1.009076 
772 1.009076 
773 1.009076 
774 1.009076 
775 1.009076 
776 1.009076 
777 1.009076 
778 1.009076 
779 1.009076 
780 1.009076 
781 1.009076 
782 1.009076 
783 1.009076 
784 1.009076 
785 1.009076 
786 1.009076 
787 1.009076 
788 1.009076 
789 1.009076 
790 1.009076 
791 1.009076 
792 1.009076 
793 1.009076 
794 1.009076 
795 1.009076 
796 1.009076 
797 1.009076 
798 1.009076 
799 1.009076 
800 1.009076 
801 1.009076 
802 1.009076 
803 1.009076 
804 1.009076 
805 1.009076 
806 1.009076 
807 1.009076 
808 1.009076 
809 1.009076 
810 1.009076 
811 1.009076 
812 1.009076 
813 1.009076 
814 1.009076 
815 1.009076 
816 1.009076 
817 1.009076 
818 1.009076 
819 1.009076 
820 1.009076 
821 1.009076 
822 1.009076 
823 1.009076 
824 1.009076 
825 1.009076 
826 1.009076 
827 1.009076 
828 1.009076 
829 1.009076 
830 1.009076 
831 1.009076 
832 1.009076 
833 1.009076 
834 1.009076 
835 1.009076 
836 1.009076 
837 1.009076 
838 1.009076 
839 1.009076 
840 1.009076 
841 1.009076 
842 1.009076 
843 1.009076 
844 1.009076 
845 1.009076 
846 1.009076 
847 1.009076 
848 1.009076 
849 1.009076 
850 1.009076 
851 1.009076 
852 1.009076 
853 1.009076 
854 1.009076 
855 1.009076 
856 1.009076 
857 1.009076 
858 1.009076 
859 1.009076 
860 1.009076 
861 1.009076 
862 1.009076 
863 1.009076 
864 1.009076 
865 1.009076 
866 1.009076 
867 1.009076 
868 1.009076 
869 1.009076 
870 1.009076 
871 1.009076 
872 1.009076 
873 1.009076 
874 1.009076 
875 1.009076 
876 1.009076 
877 1.009076 
878 1.009076 
879 1.009076 
880 1.009076 
881 1.009076 
882 1.009076 
883 1.009076 
884 1.009076 
885 1.009076 
886 1.009076 
887 1.009076 
888 1.009076 
889 1.009076 
890 1.009076 
891 1.009076 
892 1.009076 
893 1.009076 
894 1.009076 
895 1.009076 
896 1.009076 
897 1.009076 
898 1.009076 
899 1.009076 
900 1.009076 
901 1.009076 
902 1.009076 
903 1.009076 
904 1.009076 
905 1.009076 
906 1.009076 
907 1.009076 
908 1.009076 
909 1.009076 
910 1.009076 
911 1.009076 
912 1.009076 
913 1.009076 
914 1.009076 
915 1.009076 
916 1.009076 
917 1.009076 
918 1.009076 
919 1.009076 
920 1.009076 
921 1.009076 
922 1.009076 
923 1.009076 
924 1.009076 
925 1.009076 
926 1.009076 
927 1.009076 
928 1.009076 
929 1.009076 
930 1.009076 
931 1.009076 
932 1.009076 
933 1.009076 
934 1.009076 
935 1.009076 
936 1.009076 
937 1.009076 
938 1.009076 
939 1.009076 
940 1.009076 
941 1.009076 
942 1.009076 
943 1.009076 
944 1.009076 
945 1.009076 
946 1.009076 
947 1.009076 
948 1.009076 
949 1.009076 
950 1.009076 
951 1.009076 
952 1.009076 
953 1.009076 
954 1.009076 
955 1.009076 
956 1.009076 
957 1.009076 
958 1.009076 
959 1.009076 
960 1.009076 
961 1.009076 
962 1.009076 
963 1.009076 
964 1.009076 
965 1.009076 
966 1.009076 
967 1.009076 
968 1.009076 
969 1.009076 
970 1.009076 
971 1.009076 
972 1.009076 
973 1.009076 
974 1.009076 
975 1.009076 
976 1.009076 
977 1.009076 
978 1.009076 
979 1.009076 
980 1.009076 
981 1.009076 
982 1.009076 
983 1.009076 
984 1.009076 
985 1.009076 
986 1.009076 
987 1.009076 
988 1.009076 
989 1.009076 
990 1.009076 
991 1.009076 
992 1.009076 
993 1.009076 
994 1.009076 
995 1.009076 
996 1.009076 
997 1.009076 
998 1.009076 
999 1.009076 
1000 1.009076 
1001 1.009076 
1002 1.009076 
1003 1.009076 
1004 1.009076 
1005 1.009076 
1006 1.009076 
1007 1.009076 
1008 1.009076 
1009 1.009076 
1010 1.009076 
1011 1.009076 
1012 1.009076 
1013 1.009076 
1014 1.009076 
1015 1.009076 
1016 1.009076 
1017 1.009076 
1018 1.009076 
1019 1.009076 
1020 1.009076 
1021 1.009076 
1022 1.009076 
1023 1.009076 
1024 1.009076 
1025 1.009076 
1026 1.009076 
1027 1.009076 
1028 1.009076 
1029 1.009076 
1030 1.009076 
1031 1.009076 
1032 1.009076 
1033 1.009076 
1034 1.009076 
1035 1.009076 
1036 1.009076 
1037 1.009076 
1038 1.009076 
1039 1.009076 
1040 1.009076 
1041 1.009076 
1042 1.009076 
1043 1.009076 
1044 1.009076 
1045 1.009076 
1046 1.009076 
1047 1.009076 
1048 1.009076 
1049 1.009076 
1050 1.009076 
1051 1.009076 
1052 1.009076 
1053 1.009076 
1054 1.009076 
1055 1.009076 
1056 1.009076 
1057 1.009076 
1058 1.009076 
1059 1.009076 
1060 1.009076 
1061 1.009076 
1062 1.009076 
1063 1.009076 
1064 1.009076 
1065 1.009076 
1066 1.009076 
1067 1.009076 
1068 1.009076 
1069 1.009076 
1070 1.009076 
1071 1.009076 
1072 1.009076 
1073 1.009076 
1074 1.009076 
1075 1.009076 
1076 1.009076 
1077 1.009076 
1078 1.009076 
1079 1.009076 
1080 1.009076 
1081 1.009076 
1082 1.009076 
1083 1.009076 
1084 1.009076 
1085 1.009076 
1086 1.009076 
1087 1.009076 
1088 1.009076 
1089 1.009076 
1090 1.009076 
1091 1.009076 
1092 1.009076 
1093 1.009076 
1094 1.009076 
1095 1.009076 
1096 1.009076 
1097 1.009076 
1098 1.009076 
1099 1.009076 
1100 1.009076 
1101 1.009076 
1102 1.009076 
1103 1.009076 
1104 1.009076 
1105 1.009076 
1106 1.009076 
1107 1.009076 
1108 1.009076 
1109 1.009076 
1110 1.009076 
1111 1.009076 
1112 1.009076 
1113 1.009076 
1114 1.009076 
1115 1.009076 
1116 1.009076 
1117 1.009076 
1118 1.009076 
1119 1.009076 
1120 1.009076 
1121 1.009076 
1122 1.009076 
1123 1.009076 
1124 1.009076 
1125 1.009076 
1126 1.009076 
1127 1.009076 
1128 1.009076 
1129 1.009076 
1130 1.009076 
1131 1.009076 
1132 1.009076 
1133 1.009076 
1134 1.009076 
1135 1.009076 
1136 1.009076 
1137 1.009076 
1138 1.009076 
1139 1.009076 
1140 1.009076 
1141 1.009076 
1142 1.009076 
1143 1.009076 
1144 1.009076 
1145 1.009076 
1146 1.009076 
1147 1.009076 
1148 1.009076 
1149 1.009076 
1150 1.009076 
1151 1.009076 
1152 1.009076 
1153 1.009076 
1154 1.009076 
1155 1.009076 
1156 1.009076 
1157 1.009076 
1158 1.009076 
1159 1.009076 
1160 1.009076 
1161 1.009076 
1162 1.009076 
1163 1.009076 
1164 1.009076 
1165 1.009076 
1166 1.009076 
1167 1.009076 
1168 1.009076 
1169 1.009076 
1170 1.009076 
1171 1.009076 
1172 1.009076 
1173 1.009076 
1174 1.009076 
1175 1.009076 
1176 1.009076 
1177 1.009076 
1178 1.009076 
1179 1.009076 
1180 1.009076 
1181 1.009076 
1182 1.009076 
1183 1.009076 
1184 1.009076 
1185 1.009076 
1186 1.009076 
1187 1.009076 
1188 1.009076 
1189 1.009076 
1190 1.009076 
1191 1.009076 
1192 1.009076 
1193 1.009076 
1194 1.009076 
1195 1.009076 
1196 1.009076 
1197 1.009076 
1198 1.009076 
1199 1.009076 
1200 1.009076 
1201 1.009076 
1202 1.009076 
1203 1.009076 
1204 1.009076 
1205 1.009076 
1206 1.009076 
1207 1.009076 
1208 1.009076 
1209 1.009076 
1210 1.009076 
1211 1.009076 
1212 1.009076 
1213 1.009076 
1214 1.009076 
1215 1.009076 
1216 1.009076 
1217 1.009076 
1218 1.009076 
1219 1.009076 
1220 1.009076 
1221 1.009076 
1222 1.009076 
1223 1.009076 
1224 1.009076 
1225 1.009076 
1226 1.009076 
1227 1.009076 
1228 1.009076 
1229 1.009076 
1230 1.009076 
1231 1.009076 
1232 1.009076 
1233 1.009076 
1234 1.009076 
1235 1.009076 
1236 1.009076 
1237 1.009076 
1238 1.009076 
1239 1.009076 
1240 1.009076 
1241 1.009076 
1242 1.009076 
1243 1.009076 
1244 1.009076 
1245 1.009076 
1246 1.009076 
1247 1.009076 
1248 1.009076 
1249 1.009076 
1250 1.009076 
1251 1.009076 
1252 1.009076 
1253 1.009076 
1254 1.009076 
1255 1.009076 
1256 1.009076 
1257 1.009076 
1258 1.009076 
1259 1.009076 
1260 1.009076 
1261 1.009076 
1262 1.009076 
1263 1.009076 
1264 1.009076 
1265 1.009076 
1266 1.009076 
1267 1.009076 
1268 1.009076 
1269 1.009076 
1270 1.009076 
1271 1.009076 
1272 1.009076 
1273 1.009076 
1274 1.009076 
1275 1.009076 
1276 1.009076 
1277 1.009076 
1278 1.009076 
1279 1.009076 
1280 1.009076 
1281 1.009076 
1282 1.009076 
1283 1.009076 
1284 1.009076 
1285 1.009076 
1286 1.009076 
1287 1.009076 
1288 1.009076 
1289 1.009076 
1290 1.009076 
1291 1.009076 
1292 1.009076 
1293 1.009076 
1294 1.009076 
1295 1.009076 
1296 1.009076 
1297 1.009076 
1298 1.009076 
1299 1.009076 
1300 1.009076 
1301 1.009076 
1302 1.009076 
1303 1.009076 
1304 1.009076 
1305 1.009076 
1306 1.009076 
1307 1.009076 
1308 1.009076 
1309 1.009076 
1310 1.009076 
1311 1.009076 
1312 1.009076 
1313 1.009076 
1314 1.009076 
1315 1.009076 
1316 1.009076 
1317 1.009076 
1318 1.009076 
1319 1.009076 
1320 1.009076 
1321 1.009076 
1322 1.009076 
1323 1.009076 
1324 1.009076 
1325 1.009076 
1326 1.009076 
1327 1.009076 
1328 1.009076 
1329 1.009076 
1330 1.009076 
1331 1.009076 
1332 1.009076 
1333 1.009076 
1334 1.009076 
1335 1.009076 
1336 1.009076 
1337 1.009076 
1338 1.009076 
1339 1.009076 
1340 1.009076 
1341 1.009076 
1342 1.009076 
1343 1.009076 
1344 1.009076 
1345 1.009076 
1346 1.009076 
1347 1.009076 
1348 1.009076 
1349 1.009076 
1350 1.009076 
1351 1.009076 
1352 1.009076 
1353 1.009076 
1354 1.009076 
1355 1.009076 
1356 1.009076 
1357 1.009076 
1358 1.009076 
1359 1.009076 
1360 1.009076 
1361 1.009076 
1362 1.009076 
1363 1.009076 
1364 1.009076 
1365 1.009076 
1366 1.009076 
1367 1.009076 
1368 1.009076 
1369 1.009076 
1370 1.009076 
1371 1.009076 
1372 1.009076 
1373 1.009076 
1374 1.009076 
1375 1.009076 
1376 1.009076 
1377 1.009076 
1378 1.009076 
1379 1.009076 
1380 1.009076 
1381 1.009076 
1382 1.009076 
1383 1.009076 
1384 1.009076 
1385 1.009076 
1386 1.009076 
1387 1.009076 
1388 1.009076 
1389 1.009076 
1390 1.009076 
1391 1.009076 
1392 1.009076 
1393 1.009076 
1394 1.009076 
1395 1.009076 
1396 1.009076 
1397 1.009076 
1398 1.009076 
1399 1.009076 
1400 1.009076 
1401 1.009076 
1402 1.009076 
1403 1.009076 
1404 1.009076 
1405 1.009076 
1406 1.009076 
1407 1.009076 
1408 1.009076 
1409 1.009076 
1410 1.009076 
1411 1.009076 
1412 1.009076 
1413 1.009076 
1414 1.009076 
1415 1.009076 
1416 1.009076 
1417 1.009076 
1418 1.009076 
1419 1.009076 
1420 1.009076 
1421 1.009076 
1422 1.009076 
1423 1.009076 
1424 1.009076 
1425 1.009076 
1426 1.009076 
1427 1.009076 
1428 1.009076 
1429 1.009076 
1430 1.009076 
1431 1.009076 
1432 1.009076 
1433 1.009076 
1434 1.009076 
1435 1.009076 
1436 1.009076 
1437 1.009076 
1438 1.009076 
1439 1.009076 
1440 1.009076 
1441 1.009076 
1442 1.009076 
1443 1.009076 
1444 1.009076 
1445 1.009076 
1446 1.009076 
1447 1.009076 
1448 1.009076 
1449 1.009076 
1450 1.009076 
1451 1.009076 
1452 1.009076 
1453 1.009076 
1454 1.009076 
1455 1.009076 
1456 1.009076 
1457 1.009076 
1458 1.009076 
1459 1.009076 
1460 1.009076 
1461 1.009076 
1462 1.009076 
1463 1.009076 
1464 1.009076 
1465 1.009076 
1466 1.009076 
1467 1.009076 
1468 1.009076 
1469 1.009076 
1470 1.009076 
1471 1.009076 
1472 1.009076 
1473 1.009076 
1474 1.009076 
1475 1.009076 
1476 1.009076 
1477 1.009076 
1478 1.009076 
1479 1.009076 
1480 1.009076 
1481 1.009076 
1482 1.009076 
1483 1.009076 
1484 1.009076 
1485 1.009076 
1486 1.009076 
1487 1.009076 
1488 1.009076 
1489 1.009076 
1490 1.009076 
1491 1.009076 
1492 1.009076 
1493 1.009076 
1494 1.009076 
1495 1.009076 
1496 1.009076 
1497 1.009076 
1498 1.009076 
1499 1.009076 
1500 1.009076 
1501 1.009076 
1502 1.009076 
1503 1.009076 
1504 1.009076 
1505 1.009076 
1506 1.009076 
1507 1.009076 
1508 1.009076 
1509 1.009076 
1510 1.009076 
1511 1.009076 
1512 1.009076 
1513 1.009076 
1514 1.009076 
1515 1.009076 
1516 1.009076 
1517 1.009076 
1518 1.009076 
1519 1.009076 
1520 1.009076 
1521 1.009076 
1522 1.009076 
1523 1.009076 
1524 1.009076 
1525 1.009076 
1526 1.009076 
1527 1.009076 
1528 1.009076 
1529 1.009076 
1530 1.009076 
1531 1.009076 
1532 1.009076 
1533 1.009076 
1534 1.009076 
1535 1.009076 
1536 1.009076 
1537 1.009076 
1538 1.009076 
1539 1.009076 
1540 1.009076 
1541 1.009076 
1542 1.009076 
1543 1.009076 
1544 1.009076 
1545 1.009076 
1546 1.009076 
1547 1.009076 
1548 1.009076 
1549 1.009076 
1550 1.009076 
1551 1.009076 
1552 1.009076 
1553 1.009076 
1554 1.009076 
1555 1.009076 
1556 1.009076 
1557 1.009076 
1558 1.009076 
1559 1.009076 
1560 1.009076 
1561 1.009076 
1562 1.009076 
1563 1.009076 
1564 1.009076 
1565 1.009076 
1566 1.009076 
1567 1.009076 
1568 1.009076 
1569 1.009076 
1570 1.009076 
1571 1.009076 
1572 1.009076 
1573 1.009076 
1574 1.009076 
1575 1.009076 
1576 1.009076 
1577 1.009076 
1578 1.009076 
1579 1.009076 
1580 1.009076 
1581 1.009076 
1582 1.009076 
1583 1.009076 
1584 1.009076 
1585 1.009076 
1586 1.009076 
1587 1.009076 
1588 1.009076 
1589 1.009076 
1590 1.009076 
1591 1.009076 
1592 1.009076 
1593 1.009076 
1594 1.009076 
1595 1.009076 
1596 1.009076 
1597 1.009076 
1598 1.009076 
1599 1.009076 
1600 1.009076 
1601 1.009076 
1602 1.009076 
1603 1.009076 
1604 1.009076 
1605 1.009076 
1606 1.009076 
1607 1.009076 
1608 1.009076 
1609 1.009076 
1610 1.009076 
1611 1.009076 
1612 1.009076 
1613 1.009076 
1614 1.009076 
1615 1.009076 
1616 1.009076 
1617 1.009076 
1618 1.009076 
1619 1.009076 
1620 1.009076 
1621 1.009076 
1622 1.009076 
1623 1.009076 
1624 1.009076 
1625 1.009076 
1626 1.009076 
1627 1.009076 
1628 1.009076 
1629 1.009076 
1630 1.009076 
1631 1.009076 
1632 1.009076 
1633 1.009076 
1634 1.009076 
1635 1.009076 
1636 1.009076 
1637 1.009076 
1638 1.009076 
1639 1.009076 
1640 1.009076 
1641 1.009076 
1642 1.009076 
1643 1.009076 
1644 1.009076 
1645 1.009076 
1646 1.009076 
1647 1.009076 
1648 1.009076 
1649 1.009076 
1650 1.009076 
1651 1.009076 
1652 1.009076 
1653 1.009076 
1654 1.009076 
1655 1.009076 
1656 1.009076 
1657 1.009076 
1658 1.009076 
1659 1.009076 
1660 1.009076 
1661 1.009076 
1662 1.009076 
1663 1.009076 
1664 1.009076 
1665 1.009076 
1666 1.009076 
1667 1.009076 
1668 1.009076 
1669 1.009076 
1670 1.009076 
1671 1.009076 
1672 1.009076 
1673 1.009076 
1674 1.009076 
1675 1.009076 
1676 1.009076 
1677 1.009076 
1678 1.009076 
1679 1.009076 
1680 1.009076 
1681 1.009076 
1682 1.009076 
1683 1.009076 
1684 1.009076 
1685 1.009076 
1686 1.009076 
1687 1.009076 
1688 1.009076 
1689 1.009076 
1690 1.009076 
1691 1.009076 
1692 1.009076 
1693 1.009076 
1694 1.009076 
1695 1.009076 
1696 1.009076 
1697 1.009076 
1698 1.009076 
1699 1.009076 
1700 1.009076 
1701 1.009076 
1702 1.009076 
1703 1.009076 
1704 1.009076 
1705 1.009076 
1706 1.009076 
1707 1.009076 
1708 1.009076 
1709 1.009076 
1710 1.009076 
1711 1.009076 
1712 1.009076 
1713 1.009076 
1714 1.009076 
1715 1.009076 
1716 1.009076 
1717 1.009076 
1718 1.009076 
1719 1.009076 
1720 1.009076 
1721 1.009076 
1722 1.009076 
1723 1.009076 
1724 1.009076 
1725 1.009076 
1726 1.009076 
1727 1.009076 
1728 1.009076 
1729 1.009076 
1730 1.009076 
1731 1.009076 
1732 1.009076 
1733 1.009076 
1734 1.009076 
1735 1.009076 
1736 1.009076 
1737 1.009076 
1738 1.009076 
1739 1.009076 
1740 1.009076 
1741 1.009076 
1742 1.009076 
1743 1.009076 
1744 1.009076 
1745 1.009076 
1746 1.009076 
1747 1.009076 
1748 1.009076 
1749 1.009076 
1750 1.009076 
1751 1.009076 
1752 1.009076 
1753 1.009076 
1754 1.009076 
1755 1.009076 
1756 1.009076 
1757 1.009076 
1758 1.009076 
1759 1.009076 
1760 1.009076 
1761 1.009076 
1762 1.009076 
1763 1.009076 
1764 1.009076 
1765 1.009076 
1766 1.009076 
1767 1.009076 
1768 1.009076 
1769 1.009076 
1770 1.009076 
1771 1.009076 
1772 1.009076 
1773 1.009076 
1774 1.009076 
1775 1.009076 
1776 1.009076 
1777 1.009076 
1778 1.009076 
1779 1.009076 
1780 1.009076 
1781 1.009076 
1782 1.009076 
1783 1.009076 
1784 1.009076 
1785 1.009076 
1786 1.009076 
1787 1.009076 
1788 1.009076 
1789 1.009076 
1790 1.009076 
1791 1.009076 
1792 1.009076 
1793 1.009076 
1794 1.009076 
1795 1.009076 
1796 1.009076 
1797 1.009076 
1798 1.009076 
1799 1.009076 
1800 1.009076 
1801 1.009076 
1802 1.009076 
1803 1.009076 
1804 1.009076 
1805 1.009076 
1806 1.009076 
1807 1.009076 
1808 1.009076 
1809 1.009076 
1810 1.009076 
1811 1.009076 
1812 1.009076 
1813 1.009076 
1814 1.009076 
1815 1.009076 
1816 1.009076 
1817 1.009076 
1818 1.009076 
1819 1.009076 
1820 1.009076 
1821 1.009076 
1822 1.009076 
1823 1.009076 
1824 1.009076 
1825 1.009076 
1826 1.009076 
1827 1.009076 
1828 1.009076 
1829 1.009076 
1830 1.009076 
1831 1.009076 
1832 1.009076 
1833 1.009076 
1834 1.009076 
1835 1.009076 
1836 1.009076 
1837 1.009076 
1838 1.009076 
1839 1.009076 
1840 1.009076 
1841 1.009076 
1842 1.009076 
1843 1.009076 
1844 1.009076 
1845 1.009076 
1846 1.009076 
1847 1.009076 
1848 1.009076 
1849 1.009076 
1850 1.009076 
1851 1.009076 
1852 1.009076 
1853 1.009076 
1854 1.009076 
1855 1.009076 
1856 1.009076 
1857 1.009076 
1858 1.009076 
1859 1.009076 
1860 1.009076 
1861 1.009076 
1862 1.009076 
1863 1.009076 
1864 1.009076 
1865 1.009076 
1866 1.009076 
1867 1.009076 
1868 1.009076 
1869 1.009076 
1870 1.009076 
1871 1.009076 
1872 1.009076 
1873 1.009076 
1874 1.009076 
1875 1.009076 
1876 1.009076 
1877 1.009076 
1878 1.009076 
1879 1.009076 
1880 1.009076 
1881 1.009076 
1882 1.009076 
1883 1.009076 
1884 1.009076 
1885 1.009076 
1886 1.009076 
1887 1.009076 
1888 1.009076 
1889 1.009076 
1890 1.009076 
1891 1.009076 
1892 1.009076 
1893 1.009076 
1894 1.009076 
1895 1.009076 
1896 1.009076 
1897 1.009076 
1898 1.009076 
1899 1.009076 
1900 1.009076 
1901 1.009076 
1902 1.009076 
1903 1.009076 
1904 1.009076 
1905 1.009076 
1906 1.009076 
1907 1.009076 
1908 1.009076 
1909 1.009076 
1910 1.009076 
1911 1.009076 
1912 1.009076 
1913 1.009076 
1914 1.009076 
1915 1.009076 
1916 1.009076 
1917 1.009076 
1918 1.009076 
1919 1.009076 
1920 1.009076 
1921 1.009076 
1922 1.009076 
1923 1.009076 
1924 1.009076 
1925 1.009076 
1926 1.009076 
1927 1.009076 
1928 1.009076 
1929 1.009076 
1930 1.009076 
1931 1.009076 
1932 1.009076 
1933 1.009076 
1934 1.009076 
1935 1.009076 
1936 1.009076 
1937 1.009076 
1938 1.009076 
1939 1.009076 
1940 1.009076 
1941 1.009076 
1942 1.009076 
1943 1.009076 
1944 1.009076 
1945 1.009076 
1946 1.009076 
1947 1.009076 
1948 1.009076 
1949 1.009076 
1950 1.009076 
1951 1.009076 
1952 1.009076 
1953 1.009076 
1954 1.009076 
1955 1.009076 
1956 1.009076 
1957 1.009076 
1958 1.009076 
1959 1.009076 
1960 1.009076 
1961 1.009076 
1962 1.009076 
1963 1.009076 
1964 1.009076 
1965 1.009076 
1966 1.009076 
1967 1.009076 
1968 1.009076 
1969 1.009076 
1970 1.009076 
1971 1.009076 
1972 1.009076 
1973 1.009076 
1974 1.009076 
1975 1.009076 
1976 1.009076 
1977 1.009076 
1978 1.009076 
1979 1.009076 
1980 1.009076 
1981 1.009076 
1982 1.009076 
1983 1.009076 
1984 1.009076 
1985 1.009076 
1986 1.009076 
1987 1.009076 
1988 1.009076 
1989 1.009076 
1990 1.009076 
1991 1.009076 
1992 1.009076 
1993 1.009076 
1994 1.009076 
1995 1.009076 
1996 1.009076 
1997 1.009076 
1998 1.009076 
1999 1.009076 
