0.016972 0.016972 0.016972 
0.016992 0.016992 0.016992 
0.017012 0.017012 0.017012 
0.017032 0.017032 0.017032 
0.017052 0.017052 0.017052 
0.017072 0.017072 0.017072 
0.017092 0.017092 0.017092 
0.017113 0.017113 0.017113 
0.017133 0.017133 0.017133 
0.017153 0.017153 0.017153 
0.017173 0.017173 0.017173 
0.017193 0.017193 0.017193 
0.017213 0.017213 0.017213 
0.017234 0.017234 0.017234 
0.017254 0.017254 0.017254 
0.017274 0.017274 0.017274 
0.017295 0.017295 0.017295 
0.017315 0.017315 0.017315 
0.017335 0.017335 0.017335 
0.017356 0.017356 0.017356 
0.017376 0.017376 0.017376 
0.017397 0.017397 0.017397 
0.017417 0.017417 0.017417 
0.017438 0.017438 0.017438 
0.017458 0.017458 0.017458 
0.017479 0.017479 0.017479 
0.017499 0.017499 0.017499 
0.017520 0.017520 0.017520 
0.017541 0.017541 0.017541 
0.017561 0.017561 0.017561 
0.017582 0.017582 0.017582 
0.017603 0.017603 0.017603 
0.017623 0.017623 0.017623 
0.017644 0.017644 0.017644 
0.017665 0.017665 0.017665 
0.017686 0.017686 0.017686 
0.017706 0.017706 0.017706 
0.017727 0.017727 0.017727 
0.017748 0.017748 0.017748 
0.017769 0.017769 0.017769 
0.017790 0.017790 0.017790 
0.017811 0.017811 0.017811 
0.017832 0.017832 0.017832 
0.017853 0.017853 0.017853 
0.017874 0.017874 0.017874 
0.017895 0.017895 0.017895 
0.017916 0.017916 0.017916 
0.017937 0.017937 0.017937 
0.017958 0.017958 0.017958 
0.017979 0.017979 0.017979 
0.018000 0.018000 0.018000 
0.018022 0.018022 0.018022 
0.018043 0.018043 0.018043 
0.018064 0.018064 0.018064 
0.018085 0.018085 0.018085 
0.018107 0.018107 0.018107 
0.018128 0.018128 0.018128 
