-40.000000 0.274000 51.289855 192.000000 143.352092 
-37.800000 0.274000 53.721139 184.500000 143.145508 
-35.600000 0.274000 55.311659 179.750000 142.908031 
-33.400000 0.274000 56.444191 176.250000 142.635526 
-31.200000 0.274000 57.302616 173.750000 142.322889 
-29.000000 0.274000 57.992777 171.750000 141.971069 
-26.800000 0.274000 58.615020 170.000000 141.522449 
-24.600000 0.274000 59.105340 168.750000 141.080416 
-22.400000 0.274000 59.665678 167.500000 140.414265 
-20.200000 0.274000 60.126532 166.250000 139.780765 
-18.000000 0.274000 60.705084 165.000000 138.813602 
-15.800000 0.274000 61.283208 163.500000 137.743815 
-13.600000 0.274000 62.032397 161.750000 136.216106 
-11.400000 0.274000 62.982458 159.500000 134.160666 
-9.200000 0.274000 64.351322 156.250000 131.118996 
-7.000000 0.274000 66.589463 151.750000 126.198350 
-4.800000 0.274000 70.957405 145.250000 117.233589 
-2.600000 0.274000 81.693263 137.750000 98.985771 
-0.400000 0.274000 115.585675 121.000000 63.393948 
1.800000 0.274000 210.819940 70.000000 24.716924 
