0 0.000000 
1 0.000000 
2 0.000000 
3 0.000000 
4 0.000000 
5 0.000000 
6 0.000000 
7 0.000000 
8 0.000000 
9 0.000000 
10 0.000000 
11 0.000000 
12 0.000000 
13 0.000000 
14 0.000000 
15 0.000000 
16 0.000000 
17 0.000000 
18 0.000000 
19 0.000000 
20 0.000000 
21 0.000000 
22 0.000000 
23 0.000000 
24 0.000000 
25 0.000000 
26 0.000000 
27 0.000000 
28 0.000000 
29 0.000000 
30 0.000000 
31 0.000000 
32 0.000000 
33 0.000000 
34 0.000000 
35 0.000000 
36 0.000000 
37 0.000000 
38 0.000000 
39 0.000000 
40 0.000000 
41 0.000000 
42 0.000000 
43 0.000000 
44 0.000000 
45 0.000000 
46 0.000000 
47 0.000000 
48 0.000000 
49 0.000000 
50 0.000000 
51 0.000000 
52 0.000000 
53 0.000000 
54 0.000000 
55 0.000000 
56 0.000000 
57 0.000000 
58 0.000000 
59 0.000000 
60 0.000000 
61 0.000000 
62 0.000000 
63 0.000000 
64 0.000000 
65 0.000000 
66 0.000000 
67 0.000000 
68 0.000000 
69 0.000000 
70 0.000000 
71 0.000000 
72 0.000000 
73 0.000000 
74 0.000000 
75 0.000000 
76 0.000000 
77 0.000000 
78 0.000000 
79 0.000000 
80 0.000000 
81 0.000000 
82 0.000000 
83 0.000000 
84 0.000000 
85 0.000000 
86 0.000000 
87 0.000000 
88 0.000000 
89 0.000000 
90 0.000000 
91 0.000000 
92 0.000000 
93 0.000000 
94 0.000000 
95 0.000000 
96 0.000000 
97 0.000000 
98 0.000000 
99 0.000000 
100 0.000000 
101 0.000000 
102 0.000000 
103 0.000000 
104 0.000000 
105 0.000000 
106 0.000000 
107 0.000000 
108 0.000000 
109 0.000000 
110 0.000000 
111 0.000000 
112 0.000000 
113 0.000000 
114 0.000000 
115 0.000000 
116 0.000000 
117 0.000000 
118 0.000000 
119 0.000000 
120 0.000000 
121 0.000000 
122 0.000000 
123 0.000000 
124 0.000000 
125 0.000000 
126 0.000000 
127 0.000000 
128 0.000000 
129 0.000000 
130 0.000000 
131 0.000000 
132 0.000000 
133 0.000000 
134 0.000000 
135 0.000000 
136 0.000000 
137 0.000000 
138 0.000000 
139 0.000000 
140 0.000000 
141 0.000000 
142 0.000000 
143 0.000000 
144 0.000000 
145 0.000000 
146 0.000000 
147 17.239481 
148 15.314085 
149 13.604666 
150 12.086922 
151 10.739294 
152 9.542648 
153 8.480007 
154 7.536308 
155 6.698182 
156 5.953768 
157 5.292542 
158 4.705165 
159 4.183348 
160 3.719737 
161 3.307807 
162 2.941764 
163 2.616471 
164 2.327364 
165 2.070395 
166 1.841970 
167 1.638900 
168 1.458354 
169 1.297817 
170 1.155058 
171 1.028096 
172 0.915172 
173 0.814724 
174 0.725364 
175 0.645861 
176 0.575120 
177 0.512169 
178 0.456146 
179 0.406282 
180 0.361897 
181 0.322384 
182 0.287205 
183 0.255883 
184 0.227992 
185 0.203153 
186 0.181031 
187 0.161327 
188 0.143775 
189 0.128140 
190 0.114209 
191 0.101798 
192 0.090739 
193 0.080884 
194 0.072102 
195 0.064275 
196 0.057299 
197 0.051081 
198 0.045539 
199 0.040598 
200 0.036194 
201 0.032268 
202 0.028768 
203 0.025647 
204 0.022865 
205 0.020384 
206 0.018173 
207 0.016201 
208 0.014442 
209 0.012875 
210 0.011477 
211 0.010230 
212 0.009119 
213 0.008128 
214 0.007244 
215 0.006457 
216 0.005754 
217 0.005128 
218 0.004570 
219 0.004072 
220 0.003628 
221 0.003233 
222 0.002880 
223 0.002566 
224 0.002286 
225 0.002036 
226 0.001814 
227 0.001615 
228 0.001438 
229 0.001281 
230 0.001141 
231 0.001016 
232 0.000904 
233 0.000805 
234 0.000716 
235 0.000638 
236 0.000568 
237 0.000505 
238 0.000449 
239 0.000400 
240 0.000356 
241 0.000317 
242 0.000282 
243 0.000250 
244 0.000223 
245 0.000198 
246 0.000176 
247 0.000157 
248 0.000139 
249 0.000124 
250 0.000110 
251 0.000098 
252 0.000087 
253 0.000077 
254 0.000069 
255 0.000061 
256 0.000054 
257 0.000048 
258 0.000043 
259 0.000038 
260 0.000034 
261 0.000030 
262 0.000027 
263 0.000024 
264 0.000021 
265 0.000019 
266 0.000017 
267 0.000015 
268 0.000013 
269 0.000012 
270 0.000010 
271 0.000009 
272 0.000008 
273 0.000007 
274 0.000006 
275 0.000006 
276 0.000005 
277 0.000004 
278 0.000004 
279 0.000004 
280 0.000003 
281 0.000003 
282 0.000002 
283 0.000002 
284 0.000002 
285 0.000002 
286 0.000002 
287 0.000001 
288 0.000001 
289 0.000001 
290 0.000001 
291 0.000001 
292 0.000001 
293 0.000001 
294 1.925396 
295 3.418840 
296 4.553230 
297 5.390514 
298 5.983230 
299 6.375844 
300 6.605898 
301 6.705008 
302 6.699721 
303 6.612259 
304 6.461154 
305 6.261804 
306 6.026939 
307 5.767028 
308 5.490633 
309 5.204700 
310 4.914819 
311 4.625442 
312 4.340067 
313 4.061397 
314 3.791479 
315 3.531813 
316 3.283452 
317 3.047085 
318 2.823102 
319 2.611657 
320 2.412715 
321 2.226091 
322 2.051486 
323 1.888515 
324 1.736730 
325 1.595637 
326 1.464717 
327 1.343433 
328 1.231241 
329 1.127602 
330 1.031984 
331 0.943868 
332 0.862754 
333 0.788158 
334 0.719622 
335 0.656707 
336 0.598999 
337 0.546107 
338 0.497664 
339 0.453325 
340 0.412768 
341 0.375693 
342 0.341819 
343 0.310887 
344 0.282656 
345 0.256901 
346 0.233417 
347 0.212013 
348 0.192512 
349 0.174753 
350 0.158586 
351 0.143874 
352 0.130491 
353 0.118320 
354 0.107256 
355 0.097202 
356 0.088067 
357 0.079771 
358 0.072238 
359 0.065401 
360 0.059196 
361 0.053568 
362 0.048463 
363 0.043834 
364 0.039639 
365 0.035837 
366 0.032392 
367 0.029271 
368 0.026446 
369 0.023888 
370 0.021572 
371 0.019477 
372 0.017582 
373 0.015867 
374 0.014317 
375 0.012915 
376 0.011649 
377 0.010504 
378 0.009470 
379 0.008535 
380 0.007692 
381 0.006930 
382 0.006243 
383 0.005622 
384 0.005062 
385 0.004557 
386 0.004102 
387 0.003691 
388 0.003321 
389 0.002987 
390 0.002687 
391 0.002416 
392 0.002172 
393 0.001952 
394 0.001754 
395 0.001576 
396 0.001416 
397 0.001272 
398 0.001142 
399 0.001026 
400 0.000921 
401 0.000826 
402 0.000742 
403 0.000665 
404 0.000597 
405 0.000535 
406 0.000480 
407 0.000430 
408 0.000386 
409 0.000346 
410 0.000310 
411 0.000278 
412 0.000249 
413 0.000223 
414 0.000200 
415 0.000179 
416 0.000160 
417 0.000143 
418 0.000128 
419 0.000115 
420 0.000103 
421 0.000092 
422 0.000082 
423 0.000074 
424 0.000066 
425 0.000059 
426 0.000053 
427 0.000047 
428 0.000042 
429 0.000038 
430 0.000034 
431 0.000030 
432 0.000027 
433 0.000024 
434 0.000022 
435 0.000019 
436 0.000017 
437 0.000015 
438 0.000014 
439 0.000012 
440 0.000011 
441 0.215985 
442 0.575038 
443 1.020698 
444 1.509831 
445 2.010085 
446 2.497764 
447 2.956070 
448 3.373657 
449 3.743446 
450 4.061653 
451 4.327006 
452 4.540099 
453 4.702889 
454 4.818283 
455 4.889816 
456 4.921397 
457 4.917118 
458 4.881102 
459 4.817394 
460 4.729880 
461 4.622234 
462 4.497875 
463 4.359954 
464 4.211337 
465 4.054610 
466 3.892079 
467 3.725784 
468 3.557515 
469 3.388823 
470 3.221038 
471 3.055294 
472 2.892538 
473 2.733553 
474 2.578974 
475 2.429303 
476 2.284929 
477 2.146134 
478 2.013115 
479 1.885989 
480 1.764809 
481 1.649570 
482 1.540222 
483 1.436673 
484 1.338801 
485 1.246456 
486 1.159469 
487 1.077654 
488 1.000814 
489 0.928743 
490 0.861231 
491 0.798065 
492 0.739032 
493 0.683921 
494 0.632522 
495 0.584632 
496 0.540052 
497 0.498589 
498 0.460057 
499 0.424277 
500 0.391078 
501 0.360296 
502 0.331775 
503 0.305367 
504 0.280930 
505 0.258332 
506 0.237447 
507 0.218156 
508 0.200347 
509 0.183916 
510 0.168763 
511 0.154797 
512 0.141931 
513 0.130084 
514 0.119181 
515 0.109151 
516 0.099928 
517 0.091451 
518 0.083663 
519 0.076512 
520 0.069947 
521 0.063923 
522 0.058398 
523 0.053333 
524 0.048691 
525 0.044438 
526 0.040543 
527 0.036978 
528 0.033716 
529 0.030731 
530 0.028002 
531 0.025508 
532 0.023228 
533 0.021146 
534 0.019244 
535 0.017508 
536 0.015925 
537 0.014480 
538 0.013162 
539 0.011961 
540 0.010866 
541 0.009869 
542 0.008961 
543 0.008134 
544 0.007381 
545 0.006696 
546 0.006073 
547 0.005507 
548 0.004992 
549 0.004524 
550 0.004099 
551 0.003713 
552 0.003362 
553 0.003044 
554 0.002755 
555 0.002493 
556 0.002255 
557 0.002040 
558 0.001844 
559 0.001667 
560 0.001507 
561 0.001362 
562 0.001230 
563 0.001111 
564 0.001003 
565 0.000906 
566 0.000818 
567 0.000738 
568 0.000666 
569 0.000601 
570 0.000542 
571 0.000488 
572 0.000440 
573 0.000397 
574 0.000358 
575 0.000322 
576 0.000290 
577 0.000262 
578 0.000236 
579 0.000212 
580 0.000191 
581 0.000172 
582 0.000155 
583 0.000139 
584 0.000125 
585 0.000113 
586 0.000101 
587 0.000091 
588 0.024381 
589 0.086320 
590 0.191392 
591 0.339602 
592 0.527307 
593 0.748608 
594 0.996383 
595 1.263036 
596 1.541038 
597 1.823289 
598 2.103353 
599 2.375594 
600 2.635240 
601 2.878390 
602 3.101988 
603 3.303767 
604 3.482181 
605 3.636327 
606 3.765858 
607 3.870908 
608 3.952008 
609 4.010013 
610 4.046036 
611 4.061383 
612 4.057504 
613 4.035939 
614 3.998283 
615 3.946146 
616 3.881132 
617 3.804805 
618 3.718680 
619 3.624203 
620 3.522742 
621 3.415580 
622 3.303907 
623 3.188822 
624 3.071329 
625 2.952338 
626 2.832669 
627 2.713055 
628 2.594142 
629 2.476498 
630 2.360619 
631 2.246926 
632 2.135779 
633 2.027478 
634 1.922267 
635 1.820343 
636 1.721856 
637 1.626917 
638 1.535603 
639 1.447956 
640 1.363992 
641 1.283702 
642 1.207058 
643 1.134012 
644 1.064499 
645 0.998445 
646 0.935762 
647 0.876356 
648 0.820124 
649 0.766958 
650 0.716748 
651 0.669379 
652 0.624737 
653 0.582704 
654 0.543166 
655 0.506008 
656 0.471117 
657 0.438381 
658 0.407692 
659 0.378945 
660 0.352036 
661 0.326867 
662 0.303341 
663 0.281367 
664 0.260854 
665 0.241719 
666 0.223881 
667 0.207261 
668 0.191785 
669 0.177384 
670 0.163990 
671 0.151539 
672 0.139973 
673 0.129233 
674 0.119266 
675 0.110020 
676 0.101449 
677 0.093507 
678 0.086152 
679 0.079343 
680 0.073042 
681 0.067216 
682 0.061829 
683 0.056853 
684 0.052256 
685 0.048013 
686 0.044098 
687 0.040487 
688 0.037158 
689 0.034090 
690 0.031264 
691 0.028662 
692 0.026267 
693 0.024064 
694 0.022038 
695 0.020175 
696 0.018464 
697 0.016892 
698 0.015448 
699 0.014124 
700 0.012908 
701 0.011794 
702 0.010772 
703 0.009835 
704 0.008977 
705 0.008192 
706 0.007473 
707 0.006815 
708 0.006213 
709 0.005662 
710 0.005159 
711 0.004699 
712 0.004279 
713 0.003895 
714 0.003545 
715 0.003225 
716 0.002933 
717 0.002667 
718 0.002425 
719 0.002204 
720 0.002002 
721 0.001819 
722 0.001652 
723 0.001500 
724 0.001361 
725 0.001236 
726 0.001121 
727 0.001017 
728 0.000922 
729 0.000836 
730 0.000758 
731 0.000687 
732 0.000622 
733 0.000564 
734 0.000511 
735 0.003200 
736 0.012564 
737 0.032712 
738 0.067289 
739 0.119117 
740 0.190032 
741 0.280858 
742 0.391466 
743 0.520888 
744 0.667464 
745 0.828992 
746 1.002885 
747 1.186306 
748 1.376303 
749 1.569911 
750 1.764250 
751 1.956593 
752 2.144421 
753 2.325467 
754 2.497737 
755 2.659528 
756 2.809429 
757 2.946318 
758 3.069350 
759 3.177941 
760 3.271751 
761 3.350658 
762 3.414738 
763 3.464239 
764 3.499560 
765 3.521223 
766 3.529853 
767 3.526160 
768 3.510915 
769 3.484935 
770 3.449067 
771 3.404172 
772 3.351115 
773 3.290753 
774 3.223928 
775 3.151453 
776 3.074116 
777 2.992666 
778 2.907814 
779 2.820228 
780 2.730535 
781 2.639315 
782 2.547103 
783 2.454391 
784 2.361624 
785 2.269206 
786 2.177499 
787 2.086827 
788 1.997473 
789 1.909687 
790 1.823684 
791 1.739647 
792 1.657732 
793 1.578066 
794 1.500751 
795 1.425869 
796 1.353478 
797 1.283620 
798 1.216317 
799 1.151581 
800 1.089405 
801 1.029774 
802 0.972660 
803 0.918029 
804 0.865838 
805 0.816034 
806 0.768564 
807 0.723367 
808 0.680379 
809 0.639532 
810 0.600758 
811 0.563986 
812 0.529143 
813 0.496158 
814 0.464956 
815 0.435467 
816 0.407617 
817 0.381337 
818 0.356555 
819 0.333205 
820 0.311218 
821 0.290530 
822 0.271077 
823 0.252798 
824 0.235632 
825 0.219523 
826 0.204415 
827 0.190253 
828 0.176988 
829 0.164570 
830 0.152950 
831 0.142086 
832 0.131932 
833 0.122447 
834 0.113594 
835 0.105333 
836 0.097630 
837 0.090450 
838 0.083762 
839 0.077535 
840 0.071740 
841 0.066351 
842 0.061340 
843 0.056685 
844 0.052361 
845 0.048348 
846 0.044624 
847 0.041170 
848 0.037969 
849 0.035002 
850 0.032255 
851 0.029713 
852 0.027360 
853 0.025184 
854 0.023172 
855 0.021313 
856 0.019597 
857 0.018011 
858 0.016549 
859 0.015199 
860 0.013955 
861 0.012808 
862 0.011751 
863 0.010778 
864 0.009882 
865 0.009058 
866 0.008299 
867 0.007602 
868 0.006961 
869 0.006372 
870 0.005831 
871 0.005334 
872 0.004878 
873 0.004460 
874 0.004076 
875 0.003725 
876 0.003402 
877 0.003107 
878 0.002837 
879 0.002589 
880 0.002362 
881 0.002155 
882 0.002273 
883 0.003433 
884 0.006732 
885 0.013556 
886 0.025456 
887 0.044012 
888 0.070724 
889 0.106902 
890 0.153604 
891 0.211576 
892 0.281230 
893 0.362640 
894 0.455547 
895 0.559384 
896 0.673316 
897 0.796271 
898 0.926990 
899 1.064073 
900 1.206018 
901 1.351271 
902 1.498260 
903 1.645434 
904 1.791292 
905 1.934407 
906 2.073454 
907 2.207219 
908 2.334616 
909 2.454691 
910 2.566631 
911 2.669764 
912 2.763551 
913 2.847592 
914 2.921611 
915 2.985455 
916 3.039081 
917 3.082546 
918 3.116002 
919 3.139680 
920 3.153881 
921 3.158970 
922 3.155358 
923 3.143501 
924 3.123886 
925 3.097023 
926 3.063439 
927 3.023671 
928 2.978259 
929 2.927740 
930 2.872644 
931 2.813489 
932 2.750780 
933 2.685001 
934 2.616619 
935 2.546077 
936 2.473794 
937 2.400164 
938 2.325559 
939 2.250320 
940 2.174768 
941 2.099195 
942 2.023868 
943 1.949031 
944 1.874905 
945 1.801687 
946 1.729553 
947 1.658658 
948 1.589138 
949 1.521110 
950 1.454675 
951 1.389916 
952 1.326903 
953 1.265691 
954 1.206324 
955 1.148832 
956 1.093236 
957 1.039548 
958 0.987769 
959 0.937893 
960 0.889910 
961 0.843799 
962 0.799536 
963 0.757094 
964 0.716438 
965 0.677532 
966 0.640337 
967 0.604809 
968 0.570906 
969 0.538580 
970 0.507785 
971 0.478472 
972 0.450592 
973 0.424097 
974 0.398935 
975 0.375060 
976 0.352420 
977 0.330968 
978 0.310656 
979 0.291436 
980 0.273262 
981 0.256089 
982 0.239872 
983 0.224567 
984 0.210133 
985 0.196529 
986 0.183715 
987 0.171652 
988 0.160303 
989 0.149633 
990 0.139606 
991 0.130189 
992 0.121351 
993 0.113060 
994 0.105287 
995 0.098003 
996 0.091182 
997 0.084798 
998 0.078826 
999 0.073242 
1000 0.068023 
1001 0.063149 
1002 0.058599 
1003 0.054354 
1004 0.050395 
1005 0.046705 
1006 0.043267 
1007 0.040066 
1008 0.037086 
1009 0.034314 
1010 0.031737 
1011 0.029342 
1012 0.027116 
1013 0.025050 
1014 0.023132 
1015 0.021353 
1016 0.019704 
1017 0.018175 
1018 0.016758 
1019 0.015446 
1020 0.014232 
1021 0.013109 
1022 0.012070 
1023 0.011109 
1024 0.010221 
1025 0.009401 
1026 0.008644 
1027 0.007945 
1028 0.007301 
1029 0.006741 
1030 0.006373 
1031 0.006417 
1032 0.007223 
1033 0.009278 
1034 0.013191 
1035 0.019675 
1036 0.029509 
1037 0.043504 
1038 0.062467 
1039 0.087156 
1040 0.118257 
1041 0.156346 
1042 0.201869 
1043 0.255128 
1044 0.316267 
1045 0.385271 
1046 0.461966 
1047 0.546026 
1048 0.636986 
1049 0.734252 
1050 0.837124 
1051 0.944805 
1052 1.056431 
1053 1.171081 
1054 1.287805 
1055 1.405635 
1056 1.523605 
1057 1.640769 
1058 1.756212 
1059 1.869064 
1060 1.978508 
1061 2.083794 
1062 2.184238 
1063 2.279233 
1064 2.368248 
1065 2.450834 
1066 2.526618 
1067 2.595307 
1068 2.656685 
1069 2.710608 
1070 2.757001 
1071 2.795856 
1072 2.827222 
1073 2.851205 
1074 2.867960 
1075 2.877684 
1076 2.880615 
1077 2.877022 
1078 2.867203 
1079 2.851479 
1080 2.830187 
1081 2.803678 
1082 2.772314 
1083 2.736460 
1084 2.696485 
1085 2.652754 
1086 2.605629 
1087 2.555468 
1088 2.502616 
1089 2.447411 
1090 2.390176 
1091 2.331224 
1092 2.270849 
1093 2.209335 
1094 2.146948 
1095 2.083937 
1096 2.020536 
1097 1.956964 
1098 1.893422 
1099 1.830096 
1100 1.767156 
1101 1.704759 
1102 1.643046 
1103 1.582143 
1104 1.522164 
1105 1.463210 
1106 1.405370 
1107 1.348722 
1108 1.293332 
1109 1.239257 
1110 1.186543 
1111 1.135231 
1112 1.085348 
1113 1.036920 
1114 0.989960 
1115 0.944480 
1116 0.900482 
1117 0.857965 
1118 0.816923 
1119 0.777345 
1120 0.739217 
1121 0.702521 
1122 0.667237 
1123 0.633339 
1124 0.600804 
1125 0.569602 
1126 0.539704 
1127 0.511079 
1128 0.483695 
1129 0.457519 
1130 0.432515 
1131 0.408651 
1132 0.385890 
1133 0.364198 
1134 0.343539 
1135 0.323877 
1136 0.305178 
1137 0.287407 
1138 0.270528 
1139 0.254508 
1140 0.239313 
1141 0.224910 
1142 0.211267 
1143 0.198351 
1144 0.186131 
1145 0.174578 
1146 0.163661 
1147 0.153352 
1148 0.143622 
1149 0.134445 
1150 0.125794 
1151 0.117645 
1152 0.109971 
1153 0.102750 
1154 0.095959 
1155 0.089576 
1156 0.083579 
1157 0.077949 
1158 0.072665 
1159 0.067710 
1160 0.063064 
1161 0.058712 
1162 0.054637 
1163 0.050822 
1164 0.047254 
1165 0.043918 
1166 0.040800 
1167 0.037888 
1168 0.035169 
1169 0.032632 
1170 0.030266 
1171 0.028060 
1172 0.026005 
1173 0.024091 
1174 0.022309 
1175 0.020651 
1176 0.019112 
1177 0.017702 
1178 0.016452 
1179 0.015431 
1180 0.014752 
1181 0.014587 
1182 0.015168 
1183 0.016788 
1184 0.019801 
1185 0.024610 
1186 0.031660 
1187 0.041425 
1188 0.054389 
1189 0.071034 
1190 0.091820 
1191 0.117173 
1192 0.147470 
1193 0.183023 
1194 0.224072 
1195 0.270779 
1196 0.323218 
1197 0.381372 
1198 0.445137 
1199 0.514323 
1200 0.588653 
1201 0.667773 
1202 0.751259 
1203 0.838624 
1204 0.929329 
1205 1.022789 
1206 1.118389 
1207 1.215490 
1208 1.313438 
1209 1.411578 
1210 1.509261 
1211 1.605852 
1212 1.700736 
1213 1.793328 
1214 1.883079 
1215 1.969477 
1216 2.052055 
1217 2.130391 
1218 2.204112 
1219 2.272895 
1220 2.336469 
1221 2.394609 
1222 2.447144 
1223 2.493950 
1224 2.534946 
1225 2.570100 
1226 2.599417 
1227 2.622943 
1228 2.640760 
1229 2.652980 
1230 2.659745 
1231 2.661224 
1232 2.657608 
1233 2.649105 
1234 2.635943 
1235 2.618359 
1236 2.596604 
1237 2.570935 
1238 2.541613 
1239 2.508904 
1240 2.473074 
1241 2.434386 
1242 2.393103 
1243 2.349482 
1244 2.303773 
1245 2.256221 
1246 2.207063 
1247 2.156526 
1248 2.104828 
1249 2.052177 
1250 1.998771 
1251 1.944797 
1252 1.890431 
1253 1.835839 
1254 1.781176 
1255 1.726584 
1256 1.672198 
1257 1.618140 
1258 1.564523 
1259 1.511451 
1260 1.459016 
1261 1.407305 
1262 1.356391 
1263 1.306344 
1264 1.257224 
1265 1.209081 
1266 1.161963 
1267 1.115908 
1268 1.070949 
1269 1.027113 
1270 0.984420 
1271 0.942889 
1272 0.902530 
1273 0.863352 
1274 0.825358 
1275 0.788549 
1276 0.752921 
1277 0.718468 
1278 0.685181 
1279 0.653049 
1280 0.622059 
1281 0.592194 
1282 0.563438 
1283 0.535771 
1284 0.509173 
1285 0.483623 
1286 0.459097 
1287 0.435573 
1288 0.413027 
1289 0.391432 
1290 0.370765 
1291 0.350999 
1292 0.332108 
1293 0.314067 
1294 0.296847 
1295 0.280425 
1296 0.264772 
1297 0.249863 
1298 0.235672 
1299 0.222173 
1300 0.209341 
1301 0.197150 
1302 0.185576 
1303 0.174595 
1304 0.164183 
1305 0.154315 
1306 0.144971 
1307 0.136126 
1308 0.127760 
1309 0.119850 
1310 0.112378 
1311 0.105322 
1312 0.098663 
1313 0.092382 
1314 0.086462 
1315 0.080884 
1316 0.075632 
1317 0.070689 
1318 0.066040 
1319 0.061669 
1320 0.057563 
1321 0.053706 
1322 0.050086 
1323 0.046691 
1324 0.043510 
1325 0.040538 
1326 0.037777 
1327 0.035244 
1328 0.032969 
1329 0.031010 
1330 0.029446 
1331 0.028392 
1332 0.027991 
1333 0.028424 
1334 0.029903 
1335 0.032672 
1336 0.037002 
1337 0.043186 
1338 0.051532 
1339 0.062358 
1340 0.075979 
1341 0.092704 
1342 0.112826 
1343 0.136611 
1344 0.164295 
1345 0.196075 
1346 0.232103 
1347 0.272484 
1348 0.317267 
1349 0.366450 
1350 0.419973 
1351 0.477721 
1352 0.539525 
1353 0.605165 
1354 0.674371 
1355 0.746828 
1356 0.822183 
1357 0.900047 
1358 0.980003 
1359 1.061611 
1360 1.144414 
1361 1.227943 
1362 1.311726 
1363 1.395290 
1364 1.478168 
1365 1.559907 
1366 1.640066 
1367 1.718226 
1368 1.793991 
1369 1.866991 
1370 1.936886 
1371 2.003367 
1372 2.066158 
1373 2.125015 
1374 2.179731 
1375 2.230132 
1376 2.276078 
1377 2.317463 
1378 2.354212 
1379 2.386285 
1380 2.413668 
1381 2.436378 
1382 2.454455 
1383 2.467967 
1384 2.477002 
1385 2.481669 
1386 2.482095 
1387 2.478422 
1388 2.470806 
1389 2.459417 
1390 2.444431 
1391 2.426035 
1392 2.404420 
1393 2.379782 
1394 2.352321 
1395 2.322236 
1396 2.289726 
1397 2.254991 
1398 2.218227 
1399 2.179626 
1400 2.139377 
1401 2.097663 
1402 2.054661 
1403 2.010544 
1404 1.965475 
1405 1.919613 
1406 1.873107 
1407 1.826102 
1408 1.778731 
1409 1.731124 
1410 1.683399 
1411 1.635669 
1412 1.588040 
1413 1.540608 
1414 1.493465 
1415 1.446693 
1416 1.400369 
1417 1.354564 
1418 1.309340 
1419 1.264757 
1420 1.220865 
1421 1.177711 
1422 1.135337 
1423 1.093780 
1424 1.053070 
1425 1.013235 
1426 0.974299 
1427 0.936280 
1428 0.899196 
1429 0.863057 
1430 0.827874 
1431 0.793652 
1432 0.760396 
1433 0.728107 
1434 0.696782 
1435 0.666420 
1436 0.637014 
1437 0.608558 
1438 0.581042 
1439 0.554457 
1440 0.528791 
1441 0.504032 
1442 0.480164 
1443 0.457173 
1444 0.435044 
1445 0.413759 
1446 0.393301 
1447 0.373653 
1448 0.354794 
1449 0.336707 
1450 0.319373 
1451 0.302770 
1452 0.286880 
1453 0.271681 
1454 0.257155 
1455 0.243280 
1456 0.230036 
1457 0.217402 
1458 0.205358 
1459 0.193885 
1460 0.182962 
1461 0.172568 
1462 0.162686 
1463 0.153294 
1464 0.144375 
1465 0.135910 
1466 0.127880 
1467 0.120267 
1468 0.113054 
1469 0.106223 
1470 0.099759 
1471 0.093646 
1472 0.087868 
1473 0.082412 
1474 0.077269 
1475 0.072435 
1476 0.067909 
1477 0.063704 
1478 0.059840 
1479 0.056353 
1480 0.053296 
1481 0.050739 
1482 0.048770 
1483 0.047500 
1484 0.047060 
1485 0.047601 
1486 0.049293 
1487 0.052324 
1488 0.056894 
1489 0.063215 
1490 0.071506 
1491 0.081988 
1492 0.094878 
1493 0.110389 
1494 0.128720 
1495 0.150053 
1496 0.174550 
1497 0.202348 
1498 0.233555 
1499 0.268246 
1500 0.306464 
1501 0.348214 
1502 0.393466 
1503 0.442151 
1504 0.494164 
1505 0.549361 
1506 0.607567 
1507 0.668571 
1508 0.732133 
1509 0.797987 
1510 0.865839 
1511 0.935378 
1512 1.006274 
1513 1.078184 
1514 1.150758 
1515 1.223638 
1516 1.296466 
1517 1.368885 
1518 1.440544 
1519 1.511102 
1520 1.580228 
1521 1.647608 
1522 1.712941 
1523 1.775950 
1524 1.836375 
1525 1.893980 
1526 1.948553 
1527 1.999903 
1528 2.047868 
1529 2.092307 
1530 2.133107 
1531 2.170178 
1532 2.203452 
1533 2.232888 
1534 2.258466 
1535 2.280184 
1536 2.298065 
1537 2.312148 
1538 2.322490 
1539 2.329164 
1540 2.332256 
1541 2.331867 
1542 2.328110 
1543 2.321106 
1544 2.310985 
1545 2.297885 
1546 2.281951 
1547 2.263330 
1548 2.242175 
1549 2.218638 
1550 2.192876 
1551 2.165044 
1552 2.135296 
1553 2.103786 
1554 2.070665 
1555 2.036082 
1556 2.000180 
1557 1.963102 
1558 1.924983 
1559 1.885956 
1560 1.846147 
1561 1.805678 
1562 1.764666 
1563 1.723220 
1564 1.681447 
1565 1.639447 
1566 1.597312 
1567 1.555132 
1568 1.512990 
1569 1.470963 
1570 1.429124 
1571 1.387540 
1572 1.346273 
1573 1.305381 
1574 1.264917 
1575 1.224930 
1576 1.185463 
1577 1.146557 
1578 1.108248 
1579 1.070569 
1580 1.033549 
1581 0.997214 
1582 0.961586 
1583 0.926687 
1584 0.892532 
1585 0.859136 
1586 0.826513 
1587 0.794670 
1588 0.763616 
1589 0.733358 
1590 0.703897 
1591 0.675237 
1592 0.647379 
1593 0.620320 
1594 0.594059 
1595 0.568591 
1596 0.543911 
1597 0.520014 
1598 0.496892 
1599 0.474536 
1600 0.452937 
1601 0.432086 
1602 0.411970 
1603 0.392578 
1604 0.373899 
1605 0.355918 
1606 0.338622 
1607 0.321996 
1608 0.306027 
1609 0.290698 
1610 0.275995 
1611 0.261901 
1612 0.248401 
1613 0.235477 
1614 0.223114 
1615 0.211294 
1616 0.200001 
1617 0.189218 
1618 0.178929 
1619 0.169117 
1620 0.159765 
1621 0.150860 
1622 0.142385 
1623 0.134329 
1624 0.126682 
1625 0.119437 
1626 0.112593 
1627 0.106154 
1628 0.100131 
1629 0.094545 
1630 0.089425 
1631 0.084814 
1632 0.080766 
1633 0.077347 
1634 0.074638 
1635 0.072735 
1636 0.071744 
1637 0.071786 
1638 0.072993 
1639 0.075508 
1640 0.079481 
1641 0.085069 
1642 0.092430 
1643 0.101725 
1644 0.113112 
1645 0.126744 
1646 0.142764 
1647 0.161305 
1648 0.182485 
1649 0.206406 
1650 0.233150 
1651 0.262777 
1652 0.295324 
1653 0.330803 
1654 0.369202 
1655 0.410479 
1656 0.454569 
1657 0.501380 
1658 0.550791 
1659 0.602659 
1660 0.656819 
1661 0.713079 
1662 0.771232 
1663 0.831051 
1664 0.892292 
1665 0.954701 
1666 1.018012 
1667 1.081950 
1668 1.146237 
1669 1.210591 
1670 1.274732 
1671 1.338379 
1672 1.401260 
1673 1.463107 
1674 1.523664 
1675 1.582685 
1676 1.639936 
1677 1.695199 
1678 1.748270 
1679 1.798962 
1680 1.847108 
1681 1.892555 
1682 1.935172 
1683 1.974844 
1684 2.011477 
1685 2.044994 
1686 2.075338 
1687 2.102467 
1688 2.126359 
1689 2.147006 
1690 2.164418 
1691 2.178619 
1692 2.189646 
1693 2.197550 
1694 2.202392 
1695 2.204246 
1696 2.203194 
1697 2.199327 
1698 2.192744 
1699 2.183549 
1700 2.171853 
1701 2.157771 
1702 2.141422 
1703 2.122924 
1704 2.102403 
1705 2.079981 
1706 2.055781 
1707 2.029928 
1708 2.002544 
1709 1.973750 
1710 1.943664 
1711 1.912402 
1712 1.880079 
1713 1.846805 
1714 1.812685 
1715 1.777824 
1716 1.742319 
1717 1.706267 
1718 1.669758 
1719 1.632879 
1720 1.595712 
1721 1.558335 
1722 1.520824 
1723 1.483247 
1724 1.445670 
1725 1.408155 
1726 1.370759 
1727 1.333538 
1728 1.296541 
1729 1.259814 
1730 1.223402 
1731 1.187344 
1732 1.151677 
1733 1.116435 
1734 1.081649 
1735 1.047348 
1736 1.013558 
1737 0.980301 
1738 0.947600 
1739 0.915473 
1740 0.883937 
1741 0.853008 
1742 0.822699 
1743 0.793021 
1744 0.763985 
1745 0.735599 
1746 0.707871 
1747 0.680806 
1748 0.654409 
1749 0.628684 
1750 0.603633 
1751 0.579256 
1752 0.555556 
1753 0.532530 
1754 0.510176 
1755 0.488493 
1756 0.467476 
1757 0.447120 
1758 0.427421 
1759 0.408371 
1760 0.389964 
1761 0.372190 
1762 0.355042 
1763 0.338508 
1764 0.322579 
1765 0.307243 
1766 0.292488 
1767 0.278301 
1768 0.264669 
1769 0.251579 
1770 0.239019 
1771 0.226975 
1772 0.215435 
1773 0.204389 
1774 0.193829 
1775 0.183747 
1776 0.174139 
1777 0.165006 
1778 0.156353 
1779 0.148189 
1780 0.140532 
1781 0.133406 
1782 0.126841 
1783 0.120879 
1784 0.115570 
1785 0.110971 
1786 0.107152 
1787 0.104190 
1788 0.102172 
1789 0.101193 
1790 0.101356 
1791 0.102771 
1792 0.105552 
1793 0.109818 
1794 0.115687 
1795 0.123282 
1796 0.132719 
1797 0.144114 
1798 0.157575 
1799 0.173202 
1800 0.191087 
1801 0.211309 
1802 0.233932 
1803 0.259007 
1804 0.286568 
1805 0.316630 
1806 0.349192 
1807 0.384232 
1808 0.421707 
1809 0.461558 
1810 0.503703 
1811 0.548044 
1812 0.594460 
1813 0.642816 
1814 0.692960 
1815 0.744724 
1816 0.797926 
1817 0.852373 
1818 0.907859 
1819 0.964173 
1820 1.021095 
1821 1.078400 
1822 1.135862 
1823 1.193252 
1824 1.250343 
1825 1.306910 
1826 1.362734 
1827 1.417601 
1828 1.471303 
1829 1.523643 
1830 1.574435 
1831 1.623501 
1832 1.670678 
1833 1.715815 
1834 1.758775 
1835 1.799433 
1836 1.837681 
1837 1.873425 
1838 1.906586 
1839 1.937096 
1840 1.964907 
1841 1.989981 
1842 2.012295 
1843 2.031839 
1844 2.048615 
1845 2.062638 
1846 2.073933 
1847 2.082537 
1848 2.088496 
1849 2.091863 
1850 2.092702 
1851 2.091083 
1852 2.087082 
1853 2.080781 
1854 2.072267 
1855 2.061631 
1856 2.048967 
1857 2.034372 
1858 2.017945 
1859 1.999785 
1860 1.979994 
1861 1.958672 
1862 1.935920 
1863 1.911837 
1864 1.886522 
1865 1.860072 
1866 1.832581 
1867 1.804141 
1868 1.774844 
1869 1.744775 
1870 1.714020 
1871 1.682660 
1872 1.650773 
1873 1.618433 
1874 1.585712 
1875 1.552679 
1876 1.519398 
1877 1.485930 
1878 1.452334 
1879 1.418666 
1880 1.384975 
1881 1.351312 
1882 1.317721 
1883 1.284247 
1884 1.250927 
1885 1.217800 
1886 1.184900 
1887 1.152260 
1888 1.119909 
1889 1.087875 
1890 1.056183 
1891 1.024858 
1892 0.993921 
1893 0.963392 
1894 0.933290 
1895 0.903632 
1896 0.874435 
1897 0.845713 
1898 0.817479 
1899 0.789747 
1900 0.762528 
1901 0.735832 
1902 0.709672 
1903 0.684054 
1904 0.658990 
1905 0.634485 
1906 0.610549 
1907 0.587188 
1908 0.564408 
1909 0.542213 
1910 0.520609 
1911 0.499598 
1912 0.479182 
1913 0.459362 
1914 0.440135 
1915 0.421499 
1916 0.403446 
1917 0.385971 
1918 0.369066 
1919 0.352723 
1920 0.336935 
1921 0.321693 
1922 0.306992 
1923 0.292822 
1924 0.279180 
1925 0.266059 
1926 0.253457 
1927 0.241373 
1928 0.229810 
1929 0.218772 
1930 0.208269 
1931 0.198316 
1932 0.188931 
1933 0.180139 
1934 0.171970 
1935 0.164463 
1936 0.157659 
1937 0.151611 
1938 0.146375 
1939 0.142015 
1940 0.138602 
1941 0.136211 
1942 0.134924 
1943 0.134827 
1944 0.136009 
1945 0.138562 
1946 0.142578 
1947 0.148152 
1948 0.155374 
1949 0.164333 
1950 0.175115 
1951 0.187799 
1952 0.202456 
1953 0.219151 
1954 0.237937 
1955 0.258858 
1956 0.281945 
1957 0.307215 
1958 0.334674 
1959 0.364311 
1960 0.396102 
1961 0.430006 
1962 0.465969 
1963 0.503921 
1964 0.543777 
1965 0.585437 
1966 0.628788 
1967 0.673705 
1968 0.720049 
1969 0.767672 
1970 0.816415 
1971 0.866111 
1972 0.916585 
1973 0.967656 
1974 1.019141 
1975 1.070851 
1976 1.122598 
1977 1.174191 
1978 1.225444 
1979 1.276170 
1980 1.326189 
1981 1.375324 
1982 1.423405 
1983 1.470271 
1984 1.515767 
1985 1.559747 
1986 1.602077 
1987 1.642631 
1988 1.681296 
1989 1.717969 
1990 1.752559 
1991 1.784985 
1992 1.815182 
1993 1.843092 
1994 1.868672 
1995 1.891888 
1996 1.912719 
1997 1.931153 
1998 1.947189 
1999 1.960836 
