0 0.000000 
1 0.000000 
2 0.000000 
3 0.000000 
4 0.000000 
5 0.000000 
6 0.000000 
7 0.000000 
8 0.000000 
9 0.000000 
10 0.000000 
11 0.000000 
12 0.000000 
13 0.000000 
14 0.000000 
15 0.000000 
16 0.000000 
17 0.000000 
18 0.000000 
19 0.000000 
20 0.000000 
21 0.000000 
22 0.000000 
23 0.000000 
24 0.000000 
25 0.000000 
26 0.000000 
27 0.000000 
28 0.000000 
29 0.000000 
30 0.000000 
31 0.000000 
32 0.000000 
33 0.000000 
34 0.000000 
35 0.000000 
36 0.000000 
37 0.000000 
38 0.000000 
39 0.000000 
40 0.000000 
41 0.000000 
42 0.000000 
43 0.000000 
44 0.000000 
45 0.000000 
46 0.000000 
47 0.000000 
48 0.000000 
49 0.000000 
50 0.000000 
51 0.000000 
52 0.000000 
53 0.000000 
54 0.000000 
55 0.000000 
56 0.000000 
57 0.000000 
58 0.000000 
59 0.000000 
60 0.000000 
61 0.000000 
62 0.000000 
63 0.000000 
64 0.000000 
65 0.000000 
66 0.000000 
67 0.000000 
68 0.000000 
69 0.000000 
70 0.000000 
71 0.000000 
72 0.000000 
73 0.000000 
74 0.000000 
75 0.000000 
76 0.000000 
77 0.000000 
78 0.000000 
79 0.000000 
80 0.000000 
81 0.000000 
82 0.000000 
83 0.000000 
84 0.000000 
85 0.000000 
86 0.000000 
87 0.000000 
88 0.000000 
89 0.000000 
90 0.000000 
91 14.667362 
92 12.441270 
93 10.553021 
94 8.951344 
95 7.592750 
96 6.440348 
97 5.462846 
98 4.633701 
99 3.930397 
100 3.333836 
101 2.827819 
102 2.398603 
103 2.034532 
104 1.725719 
105 1.463778 
106 1.241595 
107 1.053136 
108 0.893281 
109 0.757690 
110 0.642680 
111 0.545127 
112 0.462381 
113 0.392195 
114 0.332662 
115 0.282167 
116 0.239335 
117 0.203006 
118 0.172191 
119 0.146053 
120 0.123883 
121 0.105078 
122 0.089128 
123 0.075599 
124 0.064124 
125 0.054390 
126 0.046134 
127 0.039131 
128 0.033192 
129 0.028153 
130 0.023880 
131 0.020255 
132 0.017181 
133 0.014573 
134 0.012361 
135 0.010485 
136 0.008893 
137 0.007544 
138 0.006399 
139 0.005427 
140 0.004604 
141 0.003905 
142 0.003312 
143 0.002810 
144 0.002383 
145 0.002021 
146 0.001715 
147 0.001454 
148 0.001234 
149 0.001046 
150 0.000888 
151 0.000753 
152 0.000639 
153 0.000542 
154 0.000460 
155 0.000390 
156 0.000331 
157 0.000280 
158 0.000238 
159 0.000202 
160 0.000171 
161 0.000145 
162 0.000123 
163 0.000104 
164 0.000089 
165 0.000075 
166 0.000064 
167 0.000054 
168 0.000046 
169 0.000039 
170 0.000033 
171 0.000028 
172 0.000024 
173 0.000020 
174 0.000017 
175 0.000014 
176 0.000012 
177 0.000010 
178 0.000009 
179 0.000008 
180 0.000006 
181 0.000005 
182 2.226097 
183 3.776502 
184 4.805033 
185 5.434379 
186 5.762012 
187 5.865014 
188 5.804018 
189 5.626432 
190 5.369047 
191 5.060177 
192 4.721378 
193 4.368849 
194 4.014563 
195 3.667173 
196 3.332748 
197 3.015355 
198 2.717528 
199 2.440639 
200 2.185195 
201 1.951064 
202 1.737662 
203 1.544090 
204 1.369245 
205 1.211902 
206 1.070777 
207 0.944571 
208 0.832007 
209 0.731851 
210 0.642930 
211 0.564142 
212 0.494458 
213 0.432931 
214 0.378689 
215 0.330940 
216 0.288960 
217 0.252100 
218 0.219772 
219 0.191450 
220 0.166662 
221 0.144989 
222 0.126055 
223 0.109528 
224 0.095115 
225 0.082553 
226 0.071614 
227 0.062093 
228 0.053813 
229 0.046616 
230 0.040364 
231 0.034936 
232 0.030226 
233 0.026141 
234 0.022600 
235 0.019531 
236 0.016874 
237 0.014573 
238 0.012582 
239 0.010859 
240 0.009370 
241 0.008083 
242 0.006970 
243 0.006009 
244 0.005180 
245 0.004463 
246 0.003845 
247 0.003312 
248 0.002852 
249 0.002455 
250 0.002113 
251 0.001818 
252 0.001564 
253 0.001346 
254 0.001157 
255 0.000995 
256 0.000856 
257 0.000735 
258 0.000632 
259 0.000543 
260 0.000467 
261 0.000401 
262 0.000344 
263 0.000296 
264 0.000254 
265 0.000218 
266 0.000187 
267 0.000160 
268 0.000138 
269 0.000118 
270 0.000101 
271 0.000087 
272 0.000075 
273 0.337907 
274 0.859773 
275 1.458542 
276 2.061961 
277 2.623535 
278 3.115520 
279 3.523586 
280 3.842773 
281 4.074456 
282 4.224099 
283 4.299610 
284 4.310154 
285 4.265325 
286 4.174571 
287 4.046829 
288 3.890299 
289 3.712319 
290 3.519323 
291 3.316844 
292 3.109558 
293 2.901339 
294 2.695340 
295 2.494066 
296 2.299458 
297 2.112965 
298 1.935620 
299 1.768107 
300 1.610816 
301 1.463901 
302 1.327326 
303 1.200903 
304 1.084330 
305 0.977218 
306 0.879116 
307 0.789533 
308 0.707952 
309 0.633848 
310 0.566693 
311 0.505969 
312 0.451172 
313 0.401820 
314 0.357450 
315 0.317628 
316 0.281944 
317 0.250016 
318 0.221490 
319 0.196037 
320 0.173355 
321 0.153168 
322 0.135221 
323 0.119283 
324 0.105145 
325 0.092615 
326 0.081522 
327 0.071709 
328 0.063036 
329 0.055378 
330 0.048621 
331 0.042663 
332 0.037414 
333 0.032794 
334 0.028728 
335 0.025154 
336 0.022014 
337 0.019256 
338 0.016836 
339 0.014714 
340 0.012853 
341 0.011223 
342 0.009796 
343 0.008547 
344 0.007454 
345 0.006498 
346 0.005663 
347 0.004934 
348 0.004297 
349 0.003740 
350 0.003255 
351 0.002832 
352 0.002463 
353 0.002142 
354 0.001861 
355 0.001617 
356 0.001405 
357 0.001220 
358 0.001059 
359 0.000920 
360 0.000798 
361 0.000692 
362 0.000600 
363 0.000521 
364 0.051722 
365 0.174352 
366 0.369242 
367 0.626135 
368 0.929271 
369 1.261073 
370 1.604455 
371 1.944170 
372 2.267496 
373 2.564468 
374 2.827834 
375 3.052834 
376 3.236884 
377 3.379230 
378 3.480586 
379 3.542802 
380 3.568562 
381 3.561119 
382 3.524073 
383 3.461187 
384 3.376239 
385 3.272916 
386 3.154723 
387 3.024928 
388 2.886525 
389 2.742208 
390 2.594367 
391 2.445088 
392 2.296166 
393 2.149115 
394 2.005193 
395 1.865420 
396 1.730603 
397 1.601357 
398 1.478130 
399 1.361223 
400 1.250812 
401 1.146967 
402 1.049666 
403 0.958816 
404 0.874265 
405 0.795813 
406 0.723224 
407 0.656238 
408 0.594573 
409 0.537938 
410 0.486037 
411 0.438571 
412 0.395246 
413 0.355774 
414 0.319874 
415 0.287278 
416 0.257728 
417 0.230980 
418 0.206803 
419 0.184979 
420 0.165306 
421 0.147594 
422 0.131666 
423 0.117359 
424 0.104523 
425 0.093018 
426 0.082717 
427 0.073503 
428 0.065269 
429 0.057918 
430 0.051361 
431 0.045516 
432 0.040311 
433 0.035680 
434 0.031562 
435 0.027903 
436 0.024654 
437 0.021772 
438 0.019217 
439 0.016952 
440 0.014947 
441 0.013173 
442 0.011604 
443 0.010216 
444 0.008991 
445 0.007909 
446 0.006954 
447 0.006112 
448 0.005370 
449 0.004716 
450 0.004140 
451 0.003633 
452 0.003186 
453 0.002794 
454 0.002449 
455 0.009926 
456 0.034878 
457 0.085620 
458 0.167646 
459 0.283229 
460 0.431625 
461 0.609615 
462 0.812151 
463 1.033021 
464 1.265445 
465 1.502569 
466 1.737857 
467 1.965373 
468 2.179968 
469 2.377380 
470 2.554278 
471 2.708241 
472 2.837710 
473 2.941909 
474 3.020750 
475 3.074733 
476 3.104842 
477 3.112441 
478 3.099187 
479 3.066936 
480 3.017675 
481 2.953449 
482 2.876312 
483 2.788276 
484 2.691281 
485 2.587160 
486 2.477626 
487 2.364251 
488 2.248464 
489 2.131546 
490 2.014627 
491 1.898694 
492 1.784593 
493 1.673041 
494 1.564629 
495 1.459838 
496 1.359044 
497 1.262529 
498 1.170496 
499 1.083072 
500 1.000321 
501 0.922252 
502 0.848828 
503 0.779973 
504 0.715578 
505 0.655509 
506 0.599609 
507 0.547710 
508 0.499629 
509 0.455176 
510 0.414159 
511 0.376382 
512 0.341651 
513 0.309774 
514 0.280565 
515 0.253841 
516 0.229428 
517 0.207157 
518 0.186869 
519 0.168411 
520 0.151638 
521 0.136417 
522 0.122619 
523 0.110125 
524 0.098826 
525 0.088616 
526 0.079401 
527 0.071091 
528 0.063606 
529 0.056869 
530 0.050810 
531 0.045367 
532 0.040481 
533 0.036099 
534 0.032171 
535 0.028653 
536 0.025505 
537 0.022690 
538 0.020174 
539 0.017927 
540 0.015922 
541 0.014134 
542 0.012541 
543 0.011121 
544 0.009858 
545 0.008733 
546 0.008914 
547 0.012854 
548 0.023897 
549 0.045711 
550 0.081754 
551 0.134848 
552 0.206895 
553 0.298746 
554 0.410177 
555 0.539971 
556 0.686054 
557 0.845678 
558 1.015607 
559 1.192319 
560 1.372175 
561 1.551585 
562 1.727137 
563 1.895699 
564 2.054496 
565 2.201161 
566 2.333764 
567 2.450813 
568 2.551254 
569 2.634441 
570 2.700108 
571 2.748334 
572 2.779493 
573 2.794215 
574 2.793341 
575 2.777876 
576 2.748955 
577 2.707797 
578 2.655676 
579 2.593890 
580 2.523733 
581 2.446477 
582 2.363348 
583 2.275515 
584 2.184080 
585 2.090066 
586 1.994414 
587 1.897978 
588 1.801529 
589 1.705748 
590 1.611234 
591 1.518504 
592 1.427997 
593 1.340082 
594 1.255060 
595 1.173167 
596 1.094586 
597 1.019447 
598 0.947836 
599 0.879795 
600 0.815335 
601 0.754434 
602 0.697042 
603 0.643090 
604 0.592490 
605 0.545137 
606 0.500915 
607 0.459701 
608 0.421362 
609 0.385764 
610 0.352768 
611 0.322235 
612 0.294027 
613 0.268006 
614 0.244040 
615 0.221996 
616 0.201749 
617 0.183177 
618 0.166163 
619 0.150595 
620 0.136368 
621 0.123382 
622 0.111540 
623 0.100755 
624 0.090941 
625 0.082021 
626 0.073921 
627 0.066573 
628 0.059913 
629 0.053882 
630 0.048425 
631 0.043492 
632 0.039037 
633 0.035016 
634 0.031390 
635 0.028122 
636 0.025180 
637 0.022712 
638 0.021216 
639 0.021623 
640 0.025278 
641 0.033848 
642 0.049174 
643 0.073108 
644 0.107348 
645 0.153302 
646 0.211979 
647 0.283921 
648 0.369169 
649 0.467269 
650 0.577300 
651 0.697929 
652 0.827481 
653 0.964015 
654 1.105412 
655 1.249453 
656 1.393895 
657 1.536543 
658 1.675309 
659 1.808262 
660 1.933665 
661 2.050004 
662 2.156009 
663 2.250657 
664 2.333176 
665 2.403040 
666 2.459955 
667 2.503844 
668 2.534825 
669 2.553194 
670 2.559397 
671 2.554010 
672 2.537714 
673 2.511273 
674 2.475513 
675 2.431301 
676 2.379528 
677 2.321093 
678 2.256888 
679 2.187787 
680 2.114634 
681 2.038237 
682 1.959358 
683 1.878712 
684 1.796961 
685 1.714711 
686 1.632513 
687 1.550863 
688 1.470199 
689 1.390907 
690 1.313322 
691 1.237728 
692 1.164364 
693 1.093422 
694 1.025059 
695 0.959392 
696 0.896504 
697 0.836449 
698 0.779254 
699 0.724922 
700 0.673433 
701 0.624751 
702 0.578825 
703 0.535588 
704 0.494965 
705 0.456871 
706 0.421214 
707 0.387896 
708 0.356817 
709 0.327874 
710 0.300962 
711 0.275975 
712 0.252811 
713 0.231366 
714 0.211539 
715 0.193232 
716 0.176351 
717 0.160803 
718 0.146500 
719 0.133357 
720 0.121294 
721 0.110234 
722 0.100104 
723 0.090836 
724 0.082364 
725 0.074628 
726 0.067570 
727 0.061137 
728 0.055305 
729 0.050132 
730 0.045805 
731 0.042690 
732 0.041348 
733 0.042536 
734 0.047175 
735 0.056306 
736 0.071024 
737 0.092414 
738 0.121474 
739 0.159061 
740 0.205831 
741 0.262201 
742 0.328322 
743 0.404070 
744 0.489043 
745 0.582580 
746 0.683783 
747 0.791549 
748 0.904610 
749 1.021574 
750 1.140967 
751 1.261275 
752 1.380983 
753 1.498613 
754 1.612759 
755 1.722107 
756 1.825465 
757 1.921778 
758 2.010136 
759 2.089788 
760 2.160141 
761 2.220760 
762 2.271362 
763 2.311812 
764 2.342110 
765 2.362383 
766 2.372869 
767 2.373905 
768 2.365914 
769 2.349391 
770 2.324887 
771 2.292997 
772 2.254351 
773 2.209596 
774 2.159392 
775 2.104398 
776 2.045265 
777 1.982629 
778 1.917105 
779 1.849280 
780 1.779713 
781 1.708927 
782 1.637409 
783 1.565608 
784 1.493936 
785 1.422765 
786 1.352427 
787 1.283218 
788 1.215398 
789 1.149189 
790 1.084782 
791 1.022335 
792 0.961977 
793 0.903809 
794 0.847907 
795 0.794324 
796 0.743093 
797 0.694225 
798 0.647718 
799 0.603553 
800 0.561699 
801 0.522114 
802 0.484745 
803 0.449533 
804 0.416411 
805 0.385308 
806 0.356148 
807 0.328853 
808 0.303341 
809 0.279531 
810 0.257341 
811 0.236689 
812 0.217493 
813 0.199674 
814 0.183153 
815 0.167854 
816 0.153703 
817 0.140630 
818 0.128564 
819 0.117445 
820 0.107229 
821 0.097907 
822 0.089527 
823 0.082215 
824 0.076193 
825 0.071789 
826 0.069439 
827 0.069680 
828 0.073129 
829 0.080465 
830 0.092391 
831 0.109605 
832 0.132760 
833 0.162435 
834 0.199102 
835 0.243099 
836 0.294614 
837 0.353670 
838 0.420117 
839 0.493640 
840 0.573755 
841 0.659833 
842 0.751106 
843 0.846696 
844 0.945632 
845 1.046879 
846 1.149357 
847 1.251970 
848 1.353630 
849 1.453273 
850 1.549885 
851 1.642514 
852 1.730287 
853 1.812421 
854 1.888230 
855 1.957135 
856 2.018660 
857 2.072440 
858 2.118217 
859 2.155834 
860 2.185236 
861 2.206456 
862 2.219616 
863 2.224913 
864 2.222614 
865 2.213043 
866 2.196577 
867 2.173635 
868 2.144667 
869 2.110149 
870 2.070574 
871 2.026445 
872 1.978268 
873 1.926547 
874 1.871776 
875 1.814437 
876 1.754997 
877 1.693900 
878 1.631570 
879 1.568404 
880 1.504774 
881 1.441025 
882 1.377471 
883 1.314400 
884 1.252072 
885 1.190718 
886 1.130542 
887 1.071722 
888 1.014413 
889 0.958742 
890 0.904817 
891 0.852724 
892 0.802529 
893 0.754281 
894 0.708012 
895 0.663739 
896 0.621465 
897 0.581183 
898 0.542872 
899 0.506505 
900 0.472044 
901 0.439447 
902 0.408663 
903 0.379640 
904 0.352318 
905 0.326636 
906 0.302531 
907 0.279937 
908 0.258790 
909 0.239021 
910 0.220566 
911 0.203362 
912 0.187355 
913 0.172506 
914 0.158802 
915 0.146263 
916 0.134960 
917 0.125016 
918 0.116618 
919 0.110017 
920 0.105532 
921 0.103537 
922 0.104457 
923 0.108751 
924 0.116897 
925 0.129370 
926 0.146627 
927 0.169083 
928 0.197092 
929 0.230934 
930 0.270798 
931 0.316770 
932 0.368828 
933 0.426838 
934 0.490551 
935 0.559610 
936 0.633555 
937 0.711830 
938 0.793801 
939 0.878761 
940 0.965951 
941 1.054572 
942 1.143803 
943 1.232816 
944 1.320786 
945 1.406912 
946 1.490427 
947 1.570607 
948 1.646782 
949 1.718346 
950 1.784759 
951 1.845557 
952 1.900350 
953 1.948826 
954 1.990749 
955 2.025963 
956 2.054380 
957 2.075986 
958 2.090831 
959 2.099027 
960 2.100740 
961 2.096187 
962 2.085627 
963 2.069357 
964 2.047705 
965 2.021026 
966 1.989692 
967 1.954090 
968 1.914617 
969 1.871674 
970 1.825659 
971 1.776968 
972 1.725989 
973 1.673100 
974 1.618663 
975 1.563025 
976 1.506518 
977 1.449451 
978 1.392117 
979 1.334784 
980 1.277701 
981 1.221095 
982 1.165173 
983 1.110119 
984 1.056097 
985 1.003250 
986 0.951704 
987 0.901564 
988 0.852920 
989 0.805845 
990 0.760395 
991 0.716613 
992 0.674529 
993 0.634160 
994 0.595515 
995 0.558588 
996 0.523370 
997 0.489839 
998 0.457969 
999 0.427728 
1000 0.399077 
1001 0.371975 
1002 0.346376 
1003 0.322234 
1004 0.299503 
1005 0.278144 
1006 0.258124 
1007 0.239428 
1008 0.222061 
1009 0.206055 
1010 0.191478 
1011 0.178433 
1012 0.167065 
1013 0.157563 
1014 0.150154 
1015 0.145106 
1016 0.142717 
1017 0.143309 
1018 0.147219 
1019 0.154786 
1020 0.166340 
1021 0.182190 
1022 0.202611 
1023 0.227832 
1024 0.258029 
1025 0.293312 
1026 0.333721 
1027 0.379219 
1028 0.429691 
1029 0.484944 
1030 0.544705 
1031 0.608630 
1032 0.676303 
1033 0.747249 
1034 0.820938 
1035 0.896796 
1036 0.974213 
1037 1.052557 
1038 1.131182 
1039 1.209436 
1040 1.286677 
1041 1.362276 
1042 1.435631 
1043 1.506171 
1044 1.573363 
1045 1.636723 
1046 1.695812 
1047 1.750248 
1048 1.799703 
1049 1.843907 
1050 1.882647 
1051 1.915769 
1052 1.943174 
1053 1.964817 
1054 1.980708 
1055 1.990901 
1056 1.995498 
1057 1.994643 
1058 1.988513 
1059 1.977323 
1060 1.961313 
1061 1.940749 
1062 1.915914 
1063 1.887111 
1064 1.854650 
1065 1.818852 
1066 1.780042 
1067 1.738543 
1068 1.694679 
1069 1.648768 
1070 1.601122 
1071 1.552040 
1072 1.501814 
1073 1.450721 
1074 1.399024 
1075 1.346971 
1076 1.294796 
1077 1.242714 
1078 1.190924 
1079 1.139610 
1080 1.088938 
1081 1.039057 
1082 0.990100 
1083 0.942186 
1084 0.895416 
1085 0.849878 
1086 0.805648 
1087 0.762785 
1088 0.721339 
1089 0.681346 
1090 0.642835 
1091 0.605821 
1092 0.570312 
1093 0.536308 
1094 0.503802 
1095 0.472781 
1096 0.443228 
1097 0.415123 
1098 0.388447 
1099 0.363185 
1100 0.339330 
1101 0.316884 
1102 0.295865 
1103 0.276313 
1104 0.258286 
1105 0.241872 
1106 0.227183 
1107 0.214362 
1108 0.203577 
1109 0.195022 
1110 0.188915 
1111 0.185487 
1112 0.184985 
1113 0.187658 
1114 0.193753 
1115 0.203505 
1116 0.217132 
1117 0.234822 
1118 0.256732 
1119 0.282976 
1120 0.313622 
1121 0.348687 
1122 0.388131 
1123 0.431859 
1124 0.479718 
1125 0.531498 
1126 0.586932 
1127 0.645703 
1128 0.707445 
1129 0.771750 
1130 0.838173 
1131 0.906239 
1132 0.975450 
1133 1.045291 
1134 1.115239 
1135 1.184771 
1136 1.253367 
1137 1.320522 
1138 1.385748 
1139 1.448582 
1140 1.508590 
1141 1.565372 
1142 1.618565 
1143 1.667845 
1144 1.712933 
1145 1.753590 
1146 1.789626 
1147 1.820891 
1148 1.847283 
1149 1.868740 
1150 1.885243 
1151 1.896813 
1152 1.903506 
1153 1.905415 
1154 1.902664 
1155 1.895403 
1156 1.883811 
1157 1.868088 
1158 1.848453 
1159 1.825139 
1160 1.798395 
1161 1.768477 
1162 1.735648 
1163 1.700178 
1164 1.662334 
1165 1.622385 
1166 1.580597 
1167 1.537229 
1168 1.492536 
1169 1.446763 
1170 1.400146 
1171 1.352911 
1172 1.305271 
1173 1.257429 
1174 1.209573 
1175 1.161879 
1176 1.114511 
1177 1.067616 
1178 1.021332 
1179 0.975781 
1180 0.931072 
1181 0.887303 
1182 0.844558 
1183 0.802912 
1184 0.762425 
1185 0.723150 
1186 0.685129 
1187 0.648393 
1188 0.612968 
1189 0.578873 
1190 0.546119 
1191 0.514717 
1192 0.484676 
1193 0.456006 
1194 0.428721 
1195 0.402843 
1196 0.378402 
1197 0.355443 
1198 0.334024 
1199 0.314220 
1200 0.296125 
1201 0.279850 
1202 0.265525 
1203 0.253299 
1204 0.243335 
1205 0.235808 
1206 0.230903 
1207 0.228811 
1208 0.229721 
1209 0.233818 
1210 0.241276 
1211 0.252252 
1212 0.266884 
1213 0.285281 
1214 0.307522 
1215 0.333650 
1216 0.363671 
1217 0.397549 
1218 0.435204 
1219 0.476515 
1220 0.521316 
1221 0.569399 
1222 0.620515 
1223 0.674378 
1224 0.730666 
1225 0.789029 
1226 0.849087 
1227 0.910442 
1228 0.972678 
1229 1.035370 
1230 1.098084 
1231 1.160388 
1232 1.221856 
1233 1.282069 
1234 1.340624 
1235 1.397136 
1236 1.451243 
1237 1.502609 
1238 1.550926 
1239 1.595916 
1240 1.637337 
1241 1.674977 
1242 1.708661 
1243 1.738251 
1244 1.763641 
1245 1.784762 
1246 1.801576 
1247 1.814081 
1248 1.822302 
1249 1.826297 
1250 1.826148 
1251 1.821964 
1252 1.813875 
1253 1.802031 
1254 1.786601 
1255 1.767769 
1256 1.745732 
1257 1.720696 
1258 1.692876 
1259 1.662494 
1260 1.629774 
1261 1.594943 
1262 1.558226 
1263 1.519849 
1264 1.480032 
1265 1.438992 
1266 1.396938 
1267 1.354075 
1268 1.310596 
1269 1.266688 
1270 1.222528 
1271 1.178281 
1272 1.134104 
1273 1.090141 
1274 1.046528 
1275 1.003387 
1276 0.960831 
1277 0.918962 
1278 0.877871 
1279 0.837640 
1280 0.798339 
1281 0.760032 
1282 0.722774 
1283 0.686612 
1284 0.651587 
1285 0.617739 
1286 0.585102 
1287 0.553710 
1288 0.523600 
1289 0.494811 
1290 0.467387 
1291 0.441381 
1292 0.416853 
1293 0.393876 
1294 0.372532 
1295 0.352916 
1296 0.335136 
1297 0.319312 
1298 0.305573 
1299 0.294057 
1300 0.284912 
1301 0.278287 
1302 0.274333 
1303 0.273200 
1304 0.275031 
1305 0.279959 
1306 0.288104 
1307 0.299569 
1308 0.314435 
1309 0.332760 
1310 0.354572 
1311 0.379874 
1312 0.408632 
1313 0.440784 
1314 0.476230 
1315 0.514840 
1316 0.556448 
1317 0.600856 
1318 0.647837 
1319 0.697134 
1320 0.748464 
1321 0.801523 
1322 0.855985 
1323 0.911512 
1324 0.967750 
1325 1.024342 
1326 1.080921 
1327 1.137127 
1328 1.192599 
1329 1.246986 
1330 1.299947 
1331 1.351158 
1332 1.400311 
1333 1.447117 
1334 1.491311 
1335 1.532652 
1336 1.570926 
1337 1.605944 
1338 1.637547 
1339 1.665603 
1340 1.690009 
1341 1.710690 
1342 1.727599 
1343 1.740715 
1344 1.750045 
1345 1.755619 
1346 1.757491 
1347 1.755735 
1348 1.750447 
1349 1.741741 
1350 1.729746 
1351 1.714605 
1352 1.696476 
1353 1.675526 
1354 1.651929 
1355 1.625870 
1356 1.597535 
1357 1.567116 
1358 1.534806 
1359 1.500797 
1360 1.465283 
1361 1.428453 
1362 1.390494 
1363 1.351587 
1364 1.311909 
1365 1.271629 
1366 1.230911 
1367 1.189910 
1368 1.148774 
1369 1.107641 
1370 1.066641 
1371 1.025897 
1372 0.985520 
1373 0.945615 
1374 0.906276 
1375 0.867591 
1376 0.829639 
1377 0.792494 
1378 0.756222 
1379 0.720886 
1380 0.686545 
1381 0.653255 
1382 0.621072 
1383 0.590053 
1384 0.560256 
1385 0.531744 
1386 0.504585 
1387 0.478851 
1388 0.454623 
1389 0.431989 
1390 0.411045 
1391 0.391892 
1392 0.374643 
1393 0.359413 
1394 0.346323 
1395 0.335499 
1396 0.327066 
1397 0.321149 
1398 0.317871 
1399 0.317347 
1400 0.319683 
1401 0.324975 
1402 0.333303 
1403 0.344732 
1404 0.359306 
1405 0.377047 
1406 0.397956 
1407 0.422005 
1408 0.449145 
1409 0.479295 
1410 0.512352 
1411 0.548182 
1412 0.586627 
1413 0.627504 
1414 0.670604 
1415 0.715699 
1416 0.762539 
1417 0.810858 
1418 0.860375 
1419 0.910796 
1420 0.961819 
1421 1.013137 
1422 1.064439 
1423 1.115416 
1424 1.165760 
1425 1.215171 
1426 1.263358 
1427 1.310041 
1428 1.354954 
1429 1.397848 
1430 1.438491 
1431 1.476671 
1432 1.512195 
1433 1.544896 
1434 1.574626 
1435 1.601262 
1436 1.624703 
1437 1.644873 
1438 1.661717 
1439 1.675204 
1440 1.685326 
1441 1.692093 
1442 1.695537 
1443 1.695710 
1444 1.692679 
1445 1.686528 
1446 1.677358 
1447 1.665280 
1448 1.650419 
1449 1.632910 
1450 1.612897 
1451 1.590530 
1452 1.565967 
1453 1.539369 
1454 1.510900 
1455 1.480726 
1456 1.449016 
1457 1.415934 
1458 1.381646 
1459 1.346314 
1460 1.310097 
1461 1.273149 
1462 1.235620 
1463 1.197653 
1464 1.159388 
1465 1.120955 
1466 1.082480 
1467 1.044080 
1468 1.005868 
1469 0.967947 
1470 0.930416 
1471 0.893368 
1472 0.856889 
1473 0.821062 
1474 0.785965 
1475 0.751672 
1476 0.718258 
1477 0.685795 
1478 0.654355 
1479 0.624012 
1480 0.594841 
1481 0.566921 
1482 0.540335 
1483 0.515168 
1484 0.491512 
1485 0.469462 
1486 0.449118 
1487 0.430583 
1488 0.413966 
1489 0.399374 
1490 0.386919 
1491 0.376710 
1492 0.368854 
1493 0.363455 
1494 0.360610 
1495 0.360409 
1496 0.362931 
1497 0.368244 
1498 0.376400 
1499 0.387437 
1500 0.401375 
1501 0.418214 
1502 0.437936 
1503 0.460499 
1504 0.485842 
1505 0.513880 
1506 0.544507 
1507 0.577595 
1508 0.612994 
1509 0.650537 
1510 0.690035 
1511 0.731282 
1512 0.774058 
1513 0.818129 
1514 0.863248 
1515 0.909161 
1516 0.955604 
1517 1.002313 
1518 1.049017 
1519 1.095450 
1520 1.141346 
1521 1.186444 
1522 1.230493 
1523 1.273248 
1524 1.314477 
1525 1.353961 
1526 1.391496 
1527 1.426892 
1528 1.459979 
1529 1.490601 
1530 1.518625 
1531 1.543933 
1532 1.566429 
1533 1.586037 
1534 1.602697 
1535 1.616372 
1536 1.627041 
1537 1.634702 
1538 1.639371 
1539 1.641079 
1540 1.639873 
1541 1.635816 
1542 1.628983 
1543 1.619461 
1544 1.607349 
1545 1.592756 
1546 1.575799 
1547 1.556602 
1548 1.535298 
1549 1.512021 
1550 1.486912 
1551 1.460114 
1552 1.431772 
1553 1.402031 
1554 1.371037 
1555 1.338933 
1556 1.305863 
1557 1.271967 
1558 1.237380 
1559 1.202237 
1560 1.166667 
1561 1.130793 
1562 1.094735 
1563 1.058609 
1564 1.022523 
1565 0.986584 
1566 0.950891 
1567 0.915542 
1568 0.880630 
1569 0.846244 
1570 0.812471 
1571 0.779398 
1572 0.747108 
1573 0.715685 
1574 0.685215 
1575 0.655781 
1576 0.627471 
1577 0.600373 
1578 0.574577 
1579 0.550178 
1580 0.527271 
1581 0.505952 
1582 0.486323 
1583 0.468482 
1584 0.452532 
1585 0.438573 
1586 0.426703 
1587 0.417019 
1588 0.409612 
1589 0.404568 
1590 0.401964 
1591 0.401872 
1592 0.404350 
1593 0.409445 
1594 0.417191 
1595 0.427608 
1596 0.440699 
1597 0.456451 
1598 0.474835 
1599 0.495802 
1600 0.519284 
1601 0.545197 
1602 0.573438 
1603 0.603886 
1604 0.636401 
1605 0.670829 
1606 0.707001 
1607 0.744733 
1608 0.783826 
1609 0.824076 
1610 0.865263 
1611 0.907166 
1612 0.949553 
1613 0.992192 
1614 1.034848 
1615 1.077287 
1616 1.119277 
1617 1.160591 
1618 1.201005 
1619 1.240307 
1620 1.278292 
1621 1.314764 
1622 1.349542 
1623 1.382456 
1624 1.413352 
1625 1.442087 
1626 1.468539 
1627 1.492597 
1628 1.514169 
1629 1.533178 
1630 1.549565 
1631 1.563286 
1632 1.574312 
1633 1.582632 
1634 1.588249 
1635 1.591180 
1636 1.591456 
1637 1.589120 
1638 1.584230 
1639 1.576852 
1640 1.567064 
1641 1.554954 
1642 1.540616 
1643 1.524153 
1644 1.505675 
1645 1.485296 
1646 1.463136 
1647 1.439316 
1648 1.413963 
1649 1.387204 
1650 1.359166 
1651 1.329978 
1652 1.299768 
1653 1.268663 
1654 1.236788 
1655 1.204265 
1656 1.171216 
1657 1.137759 
1658 1.104006 
1659 1.070072 
1660 1.036062 
1661 1.002084 
1662 0.968239 
1663 0.934627 
1664 0.901346 
1665 0.868490 
1666 0.836153 
1667 0.804429 
1668 0.773408 
1669 0.743183 
1670 0.713846 
1671 0.685487 
1672 0.658201 
1673 0.632081 
1674 0.607221 
1675 0.583717 
1676 0.561666 
1677 0.541163 
1678 0.522306 
1679 0.505189 
1680 0.489907 
1681 0.476551 
1682 0.465210 
1683 0.455967 
1684 0.448902 
1685 0.444086 
1686 0.441582 
1687 0.441445 
1688 0.443721 
1689 0.448442 
1690 0.455628 
1691 0.465288 
1692 0.477415 
1693 0.491988 
1694 0.508970 
1695 0.528311 
1696 0.549941 
1697 0.573779 
1698 0.599726 
1699 0.627669 
1700 0.657480 
1701 0.689018 
1702 0.722129 
1703 0.756648 
1704 0.792400 
1705 0.829200 
1706 0.866855 
1707 0.905168 
1708 0.943935 
1709 0.982952 
1710 1.022011 
1711 1.060905 
1712 1.099431 
1713 1.137387 
1714 1.174576 
1715 1.210808 
1716 1.245902 
1717 1.279683 
1718 1.311988 
1719 1.342663 
1720 1.371568 
1721 1.398574 
1722 1.423565 
1723 1.446439 
1724 1.467106 
1725 1.485492 
1726 1.501537 
1727 1.515193 
1728 1.526427 
1729 1.535220 
1730 1.541564 
1731 1.545467 
1732 1.546945 
1733 1.546029 
1734 1.542760 
1735 1.537188 
1736 1.529374 
1737 1.519387 
1738 1.507304 
1739 1.493209 
1740 1.477193 
1741 1.459352 
1742 1.439786 
1743 1.418602 
1744 1.395908 
1745 1.371814 
1746 1.346433 
1747 1.319880 
1748 1.292270 
1749 1.263718 
1750 1.234338 
1751 1.204245 
1752 1.173552 
1753 1.142370 
1754 1.110809 
1755 1.078979 
1756 1.046985 
1757 1.014933 
1758 0.982925 
1759 0.951064 
1760 0.919449 
1761 0.888178 
1762 0.857350 
1763 0.827062 
1764 0.797409 
1765 0.768486 
1766 0.740391 
1767 0.713217 
1768 0.687061 
1769 0.662017 
1770 0.638182 
1771 0.615649 
1772 0.594513 
1773 0.574867 
1774 0.556804 
1775 0.540413 
1776 0.525782 
1777 0.512993 
1778 0.502127 
1779 0.493257 
1780 0.486451 
1781 0.481770 
1782 0.479266 
1783 0.478984 
1784 0.480957 
1785 0.485208 
1786 0.491750 
1787 0.500583 
1788 0.511693 
1789 0.525056 
1790 0.540632 
1791 0.558369 
1792 0.578201 
1793 0.600049 
1794 0.623821 
1795 0.649411 
1796 0.676703 
1797 0.705569 
1798 0.735868 
1799 0.767453 
1800 0.800165 
1801 0.833841 
1802 0.868307 
1803 0.903389 
1804 0.938906 
1805 0.974675 
1806 1.010513 
1807 1.046235 
1808 1.081661 
1809 1.116611 
1810 1.150909 
1811 1.184387 
1812 1.216881 
1813 1.248233 
1814 1.278297 
1815 1.306934 
1816 1.334015 
1817 1.359421 
1818 1.383045 
1819 1.404790 
1820 1.424572 
1821 1.442318 
1822 1.457968 
1823 1.471473 
1824 1.482796 
1825 1.491912 
1826 1.498807 
1827 1.503478 
1828 1.505933 
1829 1.506191 
1830 1.504279 
1831 1.500235 
1832 1.494105 
1833 1.485943 
1834 1.475810 
1835 1.463774 
1836 1.449911 
1837 1.434301 
1838 1.417028 
1839 1.398183 
1840 1.377859 
1841 1.356153 
1842 1.333164 
1843 1.308995 
1844 1.283749 
1845 1.257531 
1846 1.230447 
1847 1.202604 
1848 1.174107 
1849 1.145063 
1850 1.115579 
1851 1.085760 
1852 1.055710 
1853 1.025535 
1854 0.995336 
1855 0.965217 
1856 0.935277 
1857 0.905618 
1858 0.876338 
1859 0.847535 
1860 0.819308 
1861 0.791752 
1862 0.764965 
1863 0.739041 
1864 0.714076 
1865 0.690165 
1866 0.667400 
1867 0.645875 
1868 0.625681 
1869 0.606906 
1870 0.589639 
1871 0.573962 
1872 0.559958 
1873 0.547701 
1874 0.537264 
1875 0.528713 
1876 0.522107 
1877 0.517497 
1878 0.514929 
1879 0.514438 
1880 0.516050 
1881 0.519783 
1882 0.525641 
1883 0.533622 
1884 0.543708 
1885 0.555871 
1886 0.570074 
1887 0.586263 
1888 0.604378 
1889 0.624342 
1890 0.646071 
1891 0.669467 
1892 0.694424 
1893 0.720825 
1894 0.748543 
1895 0.777445 
1896 0.807389 
1897 0.838226 
1898 0.869804 
1899 0.901964 
1900 0.934546 
1901 0.967386 
1902 1.000320 
1903 1.033183 
1904 1.065815 
1905 1.098053 
1906 1.129740 
1907 1.160725 
1908 1.190859 
1909 1.220002 
1910 1.248019 
1911 1.274784 
1912 1.300179 
1913 1.324094 
1914 1.346429 
1915 1.367094 
1916 1.386010 
1917 1.403105 
1918 1.418320 
1919 1.431606 
1920 1.442923 
1921 1.452242 
1922 1.459544 
1923 1.464819 
1924 1.468068 
1925 1.469298 
1926 1.468528 
1927 1.465784 
1928 1.461099 
1929 1.454514 
1930 1.446078 
1931 1.435844 
1932 1.423874 
1933 1.410234 
1934 1.394995 
1935 1.378233 
1936 1.360029 
1937 1.340466 
1938 1.319634 
1939 1.297623 
1940 1.274526 
1941 1.250441 
1942 1.225464 
1943 1.199697 
1944 1.173240 
1945 1.146197 
1946 1.118669 
1947 1.090760 
1948 1.062574 
1949 1.034214 
1950 1.005781 
1951 0.977378 
1952 0.949104 
1953 0.921059 
1954 0.893342 
1955 0.866048 
1956 0.839275 
1957 0.813118 
1958 0.787670 
1959 0.763027 
1960 0.739280 
1961 0.716524 
1962 0.694847 
1963 0.674340 
1964 0.655091 
1965 0.637184 
1966 0.620701 
1967 0.605720 
1968 0.592317 
1969 0.580562 
1970 0.570518 
1971 0.562247 
1972 0.555799 
1973 0.551220 
1974 0.548550 
1975 0.547817 
1976 0.549042 
1977 0.552238 
1978 0.557408 
1979 0.564543 
1980 0.573627 
1981 0.584630 
1982 0.597516 
1983 0.612235 
1984 0.628728 
1985 0.646926 
1986 0.666749 
1987 0.688109 
1988 0.710908 
1989 0.735040 
1990 0.760390 
1991 0.786837 
1992 0.814255 
1993 0.842508 
1994 0.871459 
1995 0.900967 
1996 0.930886 
1997 0.961070 
1998 0.991372 
1999 1.021644 
