0 0.000000 
1 0.000000 
2 0.000000 
3 0.000000 
4 0.000000 
5 0.000000 
6 0.000000 
7 0.000000 
8 0.000000 
9 0.000000 
10 0.000000 
11 0.000000 
12 0.000000 
13 0.000000 
14 0.000000 
15 0.000000 
16 0.000000 
17 0.000000 
18 0.000000 
19 0.000000 
20 0.000000 
21 0.000000 
22 0.000000 
23 0.000000 
24 0.000000 
25 0.000000 
26 0.000000 
27 0.000000 
28 0.000000 
29 0.000000 
30 0.000000 
31 0.000000 
32 0.000000 
33 0.000000 
34 0.000000 
35 0.000000 
36 0.000000 
37 0.000000 
38 0.000000 
39 0.000000 
40 0.000000 
41 0.000000 
42 0.000000 
43 0.000000 
44 0.000000 
45 0.000000 
46 0.000000 
47 0.000000 
48 0.000000 
49 0.000000 
50 0.000000 
51 0.000000 
52 0.000000 
53 0.000000 
54 0.000000 
55 0.000000 
56 0.000000 
57 0.000000 
58 0.000000 
59 0.000000 
60 0.000000 
61 0.000000 
62 0.000000 
63 0.000000 
64 0.000000 
65 0.000000 
66 0.000000 
67 0.000000 
68 0.000000 
69 0.000000 
70 0.000000 
71 0.000000 
72 0.000000 
73 0.000000 
74 0.000000 
75 0.000000 
76 0.000000 
77 0.000000 
78 0.000000 
79 0.000000 
80 0.000000 
81 0.000000 
82 0.000000 
83 0.000000 
84 0.000000 
85 0.000000 
86 0.000000 
87 0.000000 
88 0.000000 
89 0.000000 
90 0.000000 
91 0.086817 
92 0.166218 
93 0.238837 
94 0.305253 
95 0.365996 
96 0.421551 
97 0.472361 
98 0.518830 
99 0.561331 
100 0.600201 
101 0.635751 
102 0.668264 
103 0.698001 
104 0.725197 
105 0.750070 
106 0.772819 
107 0.793625 
108 0.812653 
109 0.830057 
110 0.845973 
111 0.860531 
112 0.873844 
113 0.886021 
114 0.897157 
115 0.907343 
116 0.916658 
117 0.925178 
118 0.932969 
119 0.940096 
120 0.946613 
121 0.952574 
122 0.958026 
123 0.963012 
124 0.967572 
125 0.971743 
126 0.975558 
127 0.979046 
128 0.982237 
129 0.985155 
130 0.987824 
131 0.990265 
132 0.992497 
133 0.994539 
134 0.996406 
135 0.998114 
136 0.999676 
137 1.001105 
138 1.002411 
139 1.003606 
140 1.004699 
141 1.005698 
142 1.006613 
143 1.007449 
144 1.008213 
145 1.008913 
146 1.009552 
147 1.010137 
148 1.010137 
149 1.010137 
150 1.010137 
151 1.010137 
152 1.010137 
153 1.010137 
154 1.010137 
155 1.010137 
156 1.010137 
157 1.010137 
158 1.010137 
159 1.010137 
160 1.010137 
161 1.010137 
162 1.010137 
163 1.010137 
164 1.010137 
165 1.010137 
166 1.010137 
167 1.010137 
168 1.010137 
169 1.010137 
170 1.010137 
171 1.010137 
172 1.010137 
173 1.010137 
174 1.010137 
175 1.010137 
176 1.010137 
177 1.010137 
178 1.010137 
179 1.010137 
180 1.010137 
181 1.010137 
182 1.010137 
183 1.010137 
184 1.010137 
185 1.010137 
186 1.010137 
187 1.010137 
188 1.010137 
189 1.010137 
190 1.010137 
191 1.010137 
192 1.010137 
193 1.010137 
194 1.010137 
195 1.010137 
196 1.010137 
197 1.010137 
198 1.010137 
199 1.010137 
200 1.010137 
201 1.010137 
202 1.010137 
203 1.010137 
204 1.010137 
205 1.010137 
206 1.010137 
207 1.010137 
208 1.010137 
209 1.010137 
210 1.010137 
211 1.010137 
212 1.010137 
213 1.010137 
214 1.010137 
215 1.010137 
216 1.010137 
217 1.010137 
218 1.010137 
219 1.010137 
220 1.010137 
221 1.010137 
222 1.010137 
223 1.010137 
224 1.010137 
225 1.010137 
226 1.010137 
227 1.010137 
228 1.010137 
229 1.010137 
230 1.010137 
231 1.010137 
232 1.010137 
233 1.010137 
234 1.010137 
235 1.010137 
236 1.010137 
237 1.010137 
238 1.010137 
239 1.010137 
240 1.010137 
241 1.010137 
242 1.010137 
243 1.010137 
244 1.010137 
245 1.010137 
246 1.010137 
247 1.010137 
248 1.010137 
249 1.010137 
250 1.010137 
251 1.010137 
252 1.010137 
253 1.010137 
254 1.010137 
255 1.010137 
256 1.010137 
257 1.010137 
258 1.010137 
259 1.010137 
260 1.010137 
261 1.010137 
262 1.010137 
263 1.010137 
264 1.010137 
265 1.010137 
266 1.010137 
267 1.010137 
268 1.010137 
269 1.010137 
270 1.010137 
271 1.010137 
272 1.010137 
273 1.010137 
274 1.010137 
275 1.010137 
276 1.010137 
277 1.010137 
278 1.010137 
279 1.010137 
280 1.010137 
281 1.010137 
282 1.010137 
283 1.010137 
284 1.010137 
285 1.010137 
286 1.010137 
287 1.010137 
288 1.010137 
289 1.010137 
290 1.010137 
291 1.010137 
292 1.010137 
293 1.010137 
294 1.010137 
295 1.010137 
296 1.010137 
297 1.010137 
298 1.010137 
299 1.010137 
300 1.010137 
301 1.010137 
302 1.010137 
303 1.010137 
304 1.010137 
305 1.010137 
306 1.010137 
307 1.010137 
308 1.010137 
309 1.010137 
310 1.010137 
311 1.010137 
312 1.010137 
313 1.010137 
314 1.010137 
315 1.010137 
316 1.010137 
317 1.010137 
318 1.010137 
319 1.010137 
320 1.010137 
321 1.010137 
322 1.010137 
323 1.010137 
324 1.010137 
325 1.010137 
326 1.010137 
327 1.010137 
328 1.010137 
329 1.010137 
330 1.010137 
331 1.010137 
332 1.010137 
333 1.010137 
334 1.010137 
335 1.010137 
336 1.010137 
337 1.010137 
338 1.010137 
339 1.010137 
340 1.010137 
341 1.010137 
342 1.010137 
343 1.010137 
344 1.010137 
345 1.010137 
346 1.010137 
347 1.010137 
348 1.010137 
349 1.010137 
350 1.010137 
351 1.010137 
352 1.010137 
353 1.010137 
354 1.010137 
355 1.010137 
356 1.010137 
357 1.010137 
358 1.010137 
359 1.010137 
360 1.010137 
361 1.010137 
362 1.010137 
363 1.010137 
364 1.010137 
365 1.010137 
366 1.010137 
367 1.010137 
368 1.010137 
369 1.010137 
370 1.010137 
371 1.010137 
372 1.010137 
373 1.010137 
374 1.010137 
375 1.010137 
376 1.010137 
377 1.010137 
378 1.010137 
379 1.010137 
380 1.010137 
381 1.010137 
382 1.010137 
383 1.010137 
384 1.010137 
385 1.010137 
386 1.010137 
387 1.010137 
388 1.010137 
389 1.010137 
390 1.010137 
391 1.010137 
392 1.010137 
393 1.010137 
394 1.010137 
395 1.010137 
396 1.010137 
397 1.010137 
398 1.010137 
399 1.010137 
400 1.010137 
401 1.010137 
402 1.010137 
403 1.010137 
404 1.010137 
405 1.010137 
406 1.010137 
407 1.010137 
408 1.010137 
409 1.010137 
410 1.010137 
411 1.010137 
412 1.010137 
413 1.010137 
414 1.010137 
415 1.010137 
416 1.010137 
417 1.010137 
418 1.010137 
419 1.010137 
420 1.010137 
421 1.010137 
422 1.010137 
423 1.010137 
424 1.010137 
425 1.010137 
426 1.010137 
427 1.010137 
428 1.010137 
429 1.010137 
430 1.010137 
431 1.010137 
432 1.010137 
433 1.010137 
434 1.010137 
435 1.010137 
436 1.010137 
437 1.010137 
438 1.010137 
439 1.010137 
440 1.010137 
441 1.010137 
442 1.010137 
443 1.010137 
444 1.010137 
445 1.010137 
446 1.010137 
447 1.010137 
448 1.010137 
449 1.010137 
450 1.010137 
451 1.010137 
452 1.010137 
453 1.010137 
454 1.010137 
455 1.010137 
456 1.010137 
457 1.010137 
458 1.010137 
459 1.010137 
460 1.010137 
461 1.010137 
462 1.010137 
463 1.010137 
464 1.010137 
465 1.010137 
466 1.010137 
467 1.010137 
468 1.010137 
469 1.010137 
470 1.010137 
471 1.010137 
472 1.010137 
473 1.010137 
474 1.010137 
475 1.010137 
476 1.010137 
477 1.010137 
478 1.010137 
479 1.010137 
480 1.010137 
481 1.010137 
482 1.010137 
483 1.010137 
484 1.010137 
485 1.010137 
486 1.010137 
487 1.010137 
488 1.010137 
489 1.010137 
490 1.010137 
491 1.010137 
492 1.010137 
493 1.010137 
494 1.010137 
495 1.010137 
496 1.010137 
497 1.010137 
498 1.010137 
499 1.010137 
500 1.010137 
501 1.010137 
502 1.010137 
503 1.010137 
504 1.010137 
505 1.010137 
506 1.010137 
507 1.010137 
508 1.010137 
509 1.010137 
510 1.010137 
511 1.010137 
512 1.010137 
513 1.010137 
514 1.010137 
515 1.010137 
516 1.010137 
517 1.010137 
518 1.010137 
519 1.010137 
520 1.010137 
521 1.010137 
522 1.010137 
523 1.010137 
524 1.010137 
525 1.010137 
526 1.010137 
527 1.010137 
528 1.010137 
529 1.010137 
530 1.010137 
531 1.010137 
532 1.010137 
533 1.010137 
534 1.010137 
535 1.010137 
536 1.010137 
537 1.010137 
538 1.010137 
539 1.010137 
540 1.010137 
541 1.010137 
542 1.010137 
543 1.010137 
544 1.010137 
545 1.010137 
546 1.010137 
547 1.010137 
548 1.010137 
549 1.010137 
550 1.010137 
551 1.010137 
552 1.010137 
553 1.010137 
554 1.010137 
555 1.010137 
556 1.010137 
557 1.010137 
558 1.010137 
559 1.010137 
560 1.010137 
561 1.010137 
562 1.010137 
563 1.010137 
564 1.010137 
565 1.010137 
566 1.010137 
567 1.010137 
568 1.010137 
569 1.010137 
570 1.010137 
571 1.010137 
572 1.010137 
573 1.010137 
574 1.010137 
575 1.010137 
576 1.010137 
577 1.010137 
578 1.010137 
579 1.010137 
580 1.010137 
581 1.010137 
582 1.010137 
583 1.010137 
584 1.010137 
585 1.010137 
586 1.010137 
587 1.010137 
588 1.010137 
589 1.010137 
590 1.010137 
591 1.010137 
592 1.010137 
593 1.010137 
594 1.010137 
595 1.010137 
596 1.010137 
597 1.010137 
598 1.010137 
599 1.010137 
600 1.010137 
601 1.010137 
602 1.010137 
603 1.010137 
604 1.010137 
605 1.010137 
606 1.010137 
607 1.010137 
608 1.010137 
609 1.010137 
610 1.010137 
611 1.010137 
612 1.010137 
613 1.010137 
614 1.010137 
615 1.010137 
616 1.010137 
617 1.010137 
618 1.010137 
619 1.010137 
620 1.010137 
621 1.010137 
622 1.010137 
623 1.010137 
624 1.010137 
625 1.010137 
626 1.010137 
627 1.010137 
628 1.010137 
629 1.010137 
630 1.010137 
631 1.010137 
632 1.010137 
633 1.010137 
634 1.010137 
635 1.010137 
636 1.010137 
637 1.010137 
638 1.010137 
639 1.010137 
640 1.010137 
641 1.010137 
642 1.010137 
643 1.010137 
644 1.010137 
645 1.010137 
646 1.010137 
647 1.010137 
648 1.010137 
649 1.010137 
650 1.010137 
651 1.010137 
652 1.010137 
653 1.010137 
654 1.010137 
655 1.010137 
656 1.010137 
657 1.010137 
658 1.010137 
659 1.010137 
660 1.010137 
661 1.010137 
662 1.010137 
663 1.010137 
664 1.010137 
665 1.010137 
666 1.010137 
667 1.010137 
668 1.010137 
669 1.010137 
670 1.010137 
671 1.010137 
672 1.010137 
673 1.010137 
674 1.010137 
675 1.010137 
676 1.010137 
677 1.010137 
678 1.010137 
679 1.010137 
680 1.010137 
681 1.010137 
682 1.010137 
683 1.010137 
684 1.010137 
685 1.010137 
686 1.010137 
687 1.010137 
688 1.010137 
689 1.010137 
690 1.010137 
691 1.010137 
692 1.010137 
693 1.010137 
694 1.010137 
695 1.010137 
696 1.010137 
697 1.010137 
698 1.010137 
699 1.010137 
700 1.010137 
701 1.010137 
702 1.010137 
703 1.010137 
704 1.010137 
705 1.010137 
706 1.010137 
707 1.010137 
708 1.010137 
709 1.010137 
710 1.010137 
711 1.010137 
712 1.010137 
713 1.010137 
714 1.010137 
715 1.010137 
716 1.010137 
717 1.010137 
718 1.010137 
719 1.010137 
720 1.010137 
721 1.010137 
722 1.010137 
723 1.010137 
724 1.010137 
725 1.010137 
726 1.010137 
727 1.010137 
728 1.010137 
729 1.010137 
730 1.010137 
731 1.010137 
732 1.010137 
733 1.010137 
734 1.010137 
735 1.010137 
736 1.010137 
737 1.010137 
738 1.010137 
739 1.010137 
740 1.010137 
741 1.010137 
742 1.010137 
743 1.010137 
744 1.010137 
745 1.010137 
746 1.010137 
747 1.010137 
748 1.010137 
749 1.010137 
750 1.010137 
751 1.010137 
752 1.010137 
753 1.010137 
754 1.010137 
755 1.010137 
756 1.010137 
757 1.010137 
758 1.010137 
759 1.010137 
760 1.010137 
761 1.010137 
762 1.010137 
763 1.010137 
764 1.010137 
765 1.010137 
766 1.010137 
767 1.010137 
768 1.010137 
769 1.010137 
770 1.010137 
771 1.010137 
772 1.010137 
773 1.010137 
774 1.010137 
775 1.010137 
776 1.010137 
777 1.010137 
778 1.010137 
779 1.010137 
780 1.010137 
781 1.010137 
782 1.010137 
783 1.010137 
784 1.010137 
785 1.010137 
786 1.010137 
787 1.010137 
788 1.010137 
789 1.010137 
790 1.010137 
791 1.010137 
792 1.010137 
793 1.010137 
794 1.010137 
795 1.010137 
796 1.010137 
797 1.010137 
798 1.010137 
799 1.010137 
800 1.010137 
801 1.010137 
802 1.010137 
803 1.010137 
804 1.010137 
805 1.010137 
806 1.010137 
807 1.010137 
808 1.010137 
809 1.010137 
810 1.010137 
811 1.010137 
812 1.010137 
813 1.010137 
814 1.010137 
815 1.010137 
816 1.010137 
817 1.010137 
818 1.010137 
819 1.010137 
820 1.010137 
821 1.010137 
822 1.010137 
823 1.010137 
824 1.010137 
825 1.010137 
826 1.010137 
827 1.010137 
828 1.010137 
829 1.010137 
830 1.010137 
831 1.010137 
832 1.010137 
833 1.010137 
834 1.010137 
835 1.010137 
836 1.010137 
837 1.010137 
838 1.010137 
839 1.010137 
840 1.010137 
841 1.010137 
842 1.010137 
843 1.010137 
844 1.010137 
845 1.010137 
846 1.010137 
847 1.010137 
848 1.010137 
849 1.010137 
850 1.010137 
851 1.010137 
852 1.010137 
853 1.010137 
854 1.010137 
855 1.010137 
856 1.010137 
857 1.010137 
858 1.010137 
859 1.010137 
860 1.010137 
861 1.010137 
862 1.010137 
863 1.010137 
864 1.010137 
865 1.010137 
866 1.010137 
867 1.010137 
868 1.010137 
869 1.010137 
870 1.010137 
871 1.010137 
872 1.010137 
873 1.010137 
874 1.010137 
875 1.010137 
876 1.010137 
877 1.010137 
878 1.010137 
879 1.010137 
880 1.010137 
881 1.010137 
882 1.010137 
883 1.010137 
884 1.010137 
885 1.010137 
886 1.010137 
887 1.010137 
888 1.010137 
889 1.010137 
890 1.010137 
891 1.010137 
892 1.010137 
893 1.010137 
894 1.010137 
895 1.010137 
896 1.010137 
897 1.010137 
898 1.010137 
899 1.010137 
900 1.010137 
901 1.010137 
902 1.010137 
903 1.010137 
904 1.010137 
905 1.010137 
906 1.010137 
907 1.010137 
908 1.010137 
909 1.010137 
910 1.010137 
911 1.010137 
912 1.010137 
913 1.010137 
914 1.010137 
915 1.010137 
916 1.010137 
917 1.010137 
918 1.010137 
919 1.010137 
920 1.010137 
921 1.010137 
922 1.010137 
923 1.010137 
924 1.010137 
925 1.010137 
926 1.010137 
927 1.010137 
928 1.010137 
929 1.010137 
930 1.010137 
931 1.010137 
932 1.010137 
933 1.010137 
934 1.010137 
935 1.010137 
936 1.010137 
937 1.010137 
938 1.010137 
939 1.010137 
940 1.010137 
941 1.010137 
942 1.010137 
943 1.010137 
944 1.010137 
945 1.010137 
946 1.010137 
947 1.010137 
948 1.010137 
949 1.010137 
950 1.010137 
951 1.010137 
952 1.010137 
953 1.010137 
954 1.010137 
955 1.010137 
956 1.010137 
957 1.010137 
958 1.010137 
959 1.010137 
960 1.010137 
961 1.010137 
962 1.010137 
963 1.010137 
964 1.010137 
965 1.010137 
966 1.010137 
967 1.010137 
968 1.010137 
969 1.010137 
970 1.010137 
971 1.010137 
972 1.010137 
973 1.010137 
974 1.010137 
975 1.010137 
976 1.010137 
977 1.010137 
978 1.010137 
979 1.010137 
980 1.010137 
981 1.010137 
982 1.010137 
983 1.010137 
984 1.010137 
985 1.010137 
986 1.010137 
987 1.010137 
988 1.010137 
989 1.010137 
990 1.010137 
991 1.010137 
992 1.010137 
993 1.010137 
994 1.010137 
995 1.010137 
996 1.010137 
997 1.010137 
998 1.010137 
999 1.010137 
1000 1.010137 
1001 1.010137 
1002 1.010137 
1003 1.010137 
1004 1.010137 
1005 1.010137 
1006 1.010137 
1007 1.010137 
1008 1.010137 
1009 1.010137 
1010 1.010137 
1011 1.010137 
1012 1.010137 
1013 1.010137 
1014 1.010137 
1015 1.010137 
1016 1.010137 
1017 1.010137 
1018 1.010137 
1019 1.010137 
1020 1.010137 
1021 1.010137 
1022 1.010137 
1023 1.010137 
1024 1.010137 
1025 1.010137 
1026 1.010137 
1027 1.010137 
1028 1.010137 
1029 1.010137 
1030 1.010137 
1031 1.010137 
1032 1.010137 
1033 1.010137 
1034 1.010137 
1035 1.010137 
1036 1.010137 
1037 1.010137 
1038 1.010137 
1039 1.010137 
1040 1.010137 
1041 1.010137 
1042 1.010137 
1043 1.010137 
1044 1.010137 
1045 1.010137 
1046 1.010137 
1047 1.010137 
1048 1.010137 
1049 1.010137 
1050 1.010137 
1051 1.010137 
1052 1.010137 
1053 1.010137 
1054 1.010137 
1055 1.010137 
1056 1.010137 
1057 1.010137 
1058 1.010137 
1059 1.010137 
1060 1.010137 
1061 1.010137 
1062 1.010137 
1063 1.010137 
1064 1.010137 
1065 1.010137 
1066 1.010137 
1067 1.010137 
1068 1.010137 
1069 1.010137 
1070 1.010137 
1071 1.010137 
1072 1.010137 
1073 1.010137 
1074 1.010137 
1075 1.010137 
1076 1.010137 
1077 1.010137 
1078 1.010137 
1079 1.010137 
1080 1.010137 
1081 1.010137 
1082 1.010137 
1083 1.010137 
1084 1.010137 
1085 1.010137 
1086 1.010137 
1087 1.010137 
1088 1.010137 
1089 1.010137 
1090 1.010137 
1091 1.010137 
1092 1.010137 
1093 1.010137 
1094 1.010137 
1095 1.010137 
1096 1.010137 
1097 1.010137 
1098 1.010137 
1099 1.010137 
1100 1.010137 
1101 1.010137 
1102 1.010137 
1103 1.010137 
1104 1.010137 
1105 1.010137 
1106 1.010137 
1107 1.010137 
1108 1.010137 
1109 1.010137 
1110 1.010137 
1111 1.010137 
1112 1.010137 
1113 1.010137 
1114 1.010137 
1115 1.010137 
1116 1.010137 
1117 1.010137 
1118 1.010137 
1119 1.010137 
1120 1.010137 
1121 1.010137 
1122 1.010137 
1123 1.010137 
1124 1.010137 
1125 1.010137 
1126 1.010137 
1127 1.010137 
1128 1.010137 
1129 1.010137 
1130 1.010137 
1131 1.010137 
1132 1.010137 
1133 1.010137 
1134 1.010137 
1135 1.010137 
1136 1.010137 
1137 1.010137 
1138 1.010137 
1139 1.010137 
1140 1.010137 
1141 1.010137 
1142 1.010137 
1143 1.010137 
1144 1.010137 
1145 1.010137 
1146 1.010137 
1147 1.010137 
1148 1.010137 
1149 1.010137 
1150 1.010137 
1151 1.010137 
1152 1.010137 
1153 1.010137 
1154 1.010137 
1155 1.010137 
1156 1.010137 
1157 1.010137 
1158 1.010137 
1159 1.010137 
1160 1.010137 
1161 1.010137 
1162 1.010137 
1163 1.010137 
1164 1.010137 
1165 1.010137 
1166 1.010137 
1167 1.010137 
1168 1.010137 
1169 1.010137 
1170 1.010137 
1171 1.010137 
1172 1.010137 
1173 1.010137 
1174 1.010137 
1175 1.010137 
1176 1.010137 
1177 1.010137 
1178 1.010137 
1179 1.010137 
1180 1.010137 
1181 1.010137 
1182 1.010137 
1183 1.010137 
1184 1.010137 
1185 1.010137 
1186 1.010137 
1187 1.010137 
1188 1.010137 
1189 1.010137 
1190 1.010137 
1191 1.010137 
1192 1.010137 
1193 1.010137 
1194 1.010137 
1195 1.010137 
1196 1.010137 
1197 1.010137 
1198 1.010137 
1199 1.010137 
1200 1.010137 
1201 1.010137 
1202 1.010137 
1203 1.010137 
1204 1.010137 
1205 1.010137 
1206 1.010137 
1207 1.010137 
1208 1.010137 
1209 1.010137 
1210 1.010137 
1211 1.010137 
1212 1.010137 
1213 1.010137 
1214 1.010137 
1215 1.010137 
1216 1.010137 
1217 1.010137 
1218 1.010137 
1219 1.010137 
1220 1.010137 
1221 1.010137 
1222 1.010137 
1223 1.010137 
1224 1.010137 
1225 1.010137 
1226 1.010137 
1227 1.010137 
1228 1.010137 
1229 1.010137 
1230 1.010137 
1231 1.010137 
1232 1.010137 
1233 1.010137 
1234 1.010137 
1235 1.010137 
1236 1.010137 
1237 1.010137 
1238 1.010137 
1239 1.010137 
1240 1.010137 
1241 1.010137 
1242 1.010137 
1243 1.010137 
1244 1.010137 
1245 1.010137 
1246 1.010137 
1247 1.010137 
1248 1.010137 
1249 1.010137 
1250 1.010137 
1251 1.010137 
1252 1.010137 
1253 1.010137 
1254 1.010137 
1255 1.010137 
1256 1.010137 
1257 1.010137 
1258 1.010137 
1259 1.010137 
1260 1.010137 
1261 1.010137 
1262 1.010137 
1263 1.010137 
1264 1.010137 
1265 1.010137 
1266 1.010137 
1267 1.010137 
1268 1.010137 
1269 1.010137 
1270 1.010137 
1271 1.010137 
1272 1.010137 
1273 1.010137 
1274 1.010137 
1275 1.010137 
1276 1.010137 
1277 1.010137 
1278 1.010137 
1279 1.010137 
1280 1.010137 
1281 1.010137 
1282 1.010137 
1283 1.010137 
1284 1.010137 
1285 1.010137 
1286 1.010137 
1287 1.010137 
1288 1.010137 
1289 1.010137 
1290 1.010137 
1291 1.010137 
1292 1.010137 
1293 1.010137 
1294 1.010137 
1295 1.010137 
1296 1.010137 
1297 1.010137 
1298 1.010137 
1299 1.010137 
1300 1.010137 
1301 1.010137 
1302 1.010137 
1303 1.010137 
1304 1.010137 
1305 1.010137 
1306 1.010137 
1307 1.010137 
1308 1.010137 
1309 1.010137 
1310 1.010137 
1311 1.010137 
1312 1.010137 
1313 1.010137 
1314 1.010137 
1315 1.010137 
1316 1.010137 
1317 1.010137 
1318 1.010137 
1319 1.010137 
1320 1.010137 
1321 1.010137 
1322 1.010137 
1323 1.010137 
1324 1.010137 
1325 1.010137 
1326 1.010137 
1327 1.010137 
1328 1.010137 
1329 1.010137 
1330 1.010137 
1331 1.010137 
1332 1.010137 
1333 1.010137 
1334 1.010137 
1335 1.010137 
1336 1.010137 
1337 1.010137 
1338 1.010137 
1339 1.010137 
1340 1.010137 
1341 1.010137 
1342 1.010137 
1343 1.010137 
1344 1.010137 
1345 1.010137 
1346 1.010137 
1347 1.010137 
1348 1.010137 
1349 1.010137 
1350 1.010137 
1351 1.010137 
1352 1.010137 
1353 1.010137 
1354 1.010137 
1355 1.010137 
1356 1.010137 
1357 1.010137 
1358 1.010137 
1359 1.010137 
1360 1.010137 
1361 1.010137 
1362 1.010137 
1363 1.010137 
1364 1.010137 
1365 1.010137 
1366 1.010137 
1367 1.010137 
1368 1.010137 
1369 1.010137 
1370 1.010137 
1371 1.010137 
1372 1.010137 
1373 1.010137 
1374 1.010137 
1375 1.010137 
1376 1.010137 
1377 1.010137 
1378 1.010137 
1379 1.010137 
1380 1.010137 
1381 1.010137 
1382 1.010137 
1383 1.010137 
1384 1.010137 
1385 1.010137 
1386 1.010137 
1387 1.010137 
1388 1.010137 
1389 1.010137 
1390 1.010137 
1391 1.010137 
1392 1.010137 
1393 1.010137 
1394 1.010137 
1395 1.010137 
1396 1.010137 
1397 1.010137 
1398 1.010137 
1399 1.010137 
1400 1.010137 
1401 1.010137 
1402 1.010137 
1403 1.010137 
1404 1.010137 
1405 1.010137 
1406 1.010137 
1407 1.010137 
1408 1.010137 
1409 1.010137 
1410 1.010137 
1411 1.010137 
1412 1.010137 
1413 1.010137 
1414 1.010137 
1415 1.010137 
1416 1.010137 
1417 1.010137 
1418 1.010137 
1419 1.010137 
1420 1.010137 
1421 1.010137 
1422 1.010137 
1423 1.010137 
1424 1.010137 
1425 1.010137 
1426 1.010137 
1427 1.010137 
1428 1.010137 
1429 1.010137 
1430 1.010137 
1431 1.010137 
1432 1.010137 
1433 1.010137 
1434 1.010137 
1435 1.010137 
1436 1.010137 
1437 1.010137 
1438 1.010137 
1439 1.010137 
1440 1.010137 
1441 1.010137 
1442 1.010137 
1443 1.010137 
1444 1.010137 
1445 1.010137 
1446 1.010137 
1447 1.010137 
1448 1.010137 
1449 1.010137 
1450 1.010137 
1451 1.010137 
1452 1.010137 
1453 1.010137 
1454 1.010137 
1455 1.010137 
1456 1.010137 
1457 1.010137 
1458 1.010137 
1459 1.010137 
1460 1.010137 
1461 1.010137 
1462 1.010137 
1463 1.010137 
1464 1.010137 
1465 1.010137 
1466 1.010137 
1467 1.010137 
1468 1.010137 
1469 1.010137 
1470 1.010137 
1471 1.010137 
1472 1.010137 
1473 1.010137 
1474 1.010137 
1475 1.010137 
1476 1.010137 
1477 1.010137 
1478 1.010137 
1479 1.010137 
1480 1.010137 
1481 1.010137 
1482 1.010137 
1483 1.010137 
1484 1.010137 
1485 1.010137 
1486 1.010137 
1487 1.010137 
1488 1.010137 
1489 1.010137 
1490 1.010137 
1491 1.010137 
1492 1.010137 
1493 1.010137 
1494 1.010137 
1495 1.010137 
1496 1.010137 
1497 1.010137 
1498 1.010137 
1499 1.010137 
1500 1.010137 
1501 1.010137 
1502 1.010137 
1503 1.010137 
1504 1.010137 
1505 1.010137 
1506 1.010137 
1507 1.010137 
1508 1.010137 
1509 1.010137 
1510 1.010137 
1511 1.010137 
1512 1.010137 
1513 1.010137 
1514 1.010137 
1515 1.010137 
1516 1.010137 
1517 1.010137 
1518 1.010137 
1519 1.010137 
1520 1.010137 
1521 1.010137 
1522 1.010137 
1523 1.010137 
1524 1.010137 
1525 1.010137 
1526 1.010137 
1527 1.010137 
1528 1.010137 
1529 1.010137 
1530 1.010137 
1531 1.010137 
1532 1.010137 
1533 1.010137 
1534 1.010137 
1535 1.010137 
1536 1.010137 
1537 1.010137 
1538 1.010137 
1539 1.010137 
1540 1.010137 
1541 1.010137 
1542 1.010137 
1543 1.010137 
1544 1.010137 
1545 1.010137 
1546 1.010137 
1547 1.010137 
1548 1.010137 
1549 1.010137 
1550 1.010137 
1551 1.010137 
1552 1.010137 
1553 1.010137 
1554 1.010137 
1555 1.010137 
1556 1.010137 
1557 1.010137 
1558 1.010137 
1559 1.010137 
1560 1.010137 
1561 1.010137 
1562 1.010137 
1563 1.010137 
1564 1.010137 
1565 1.010137 
1566 1.010137 
1567 1.010137 
1568 1.010137 
1569 1.010137 
1570 1.010137 
1571 1.010137 
1572 1.010137 
1573 1.010137 
1574 1.010137 
1575 1.010137 
1576 1.010137 
1577 1.010137 
1578 1.010137 
1579 1.010137 
1580 1.010137 
1581 1.010137 
1582 1.010137 
1583 1.010137 
1584 1.010137 
1585 1.010137 
1586 1.010137 
1587 1.010137 
1588 1.010137 
1589 1.010137 
1590 1.010137 
1591 1.010137 
1592 1.010137 
1593 1.010137 
1594 1.010137 
1595 1.010137 
1596 1.010137 
1597 1.010137 
1598 1.010137 
1599 1.010137 
1600 1.010137 
1601 1.010137 
1602 1.010137 
1603 1.010137 
1604 1.010137 
1605 1.010137 
1606 1.010137 
1607 1.010137 
1608 1.010137 
1609 1.010137 
1610 1.010137 
1611 1.010137 
1612 1.010137 
1613 1.010137 
1614 1.010137 
1615 1.010137 
1616 1.010137 
1617 1.010137 
1618 1.010137 
1619 1.010137 
1620 1.010137 
1621 1.010137 
1622 1.010137 
1623 1.010137 
1624 1.010137 
1625 1.010137 
1626 1.010137 
1627 1.010137 
1628 1.010137 
1629 1.010137 
1630 1.010137 
1631 1.010137 
1632 1.010137 
1633 1.010137 
1634 1.010137 
1635 1.010137 
1636 1.010137 
1637 1.010137 
1638 1.010137 
1639 1.010137 
1640 1.010137 
1641 1.010137 
1642 1.010137 
1643 1.010137 
1644 1.010137 
1645 1.010137 
1646 1.010137 
1647 1.010137 
1648 1.010137 
1649 1.010137 
1650 1.010137 
1651 1.010137 
1652 1.010137 
1653 1.010137 
1654 1.010137 
1655 1.010137 
1656 1.010137 
1657 1.010137 
1658 1.010137 
1659 1.010137 
1660 1.010137 
1661 1.010137 
1662 1.010137 
1663 1.010137 
1664 1.010137 
1665 1.010137 
1666 1.010137 
1667 1.010137 
1668 1.010137 
1669 1.010137 
1670 1.010137 
1671 1.010137 
1672 1.010137 
1673 1.010137 
1674 1.010137 
1675 1.010137 
1676 1.010137 
1677 1.010137 
1678 1.010137 
1679 1.010137 
1680 1.010137 
1681 1.010137 
1682 1.010137 
1683 1.010137 
1684 1.010137 
1685 1.010137 
1686 1.010137 
1687 1.010137 
1688 1.010137 
1689 1.010137 
1690 1.010137 
1691 1.010137 
1692 1.010137 
1693 1.010137 
1694 1.010137 
1695 1.010137 
1696 1.010137 
1697 1.010137 
1698 1.010137 
1699 1.010137 
1700 1.010137 
1701 1.010137 
1702 1.010137 
1703 1.010137 
1704 1.010137 
1705 1.010137 
1706 1.010137 
1707 1.010137 
1708 1.010137 
1709 1.010137 
1710 1.010137 
1711 1.010137 
1712 1.010137 
1713 1.010137 
1714 1.010137 
1715 1.010137 
1716 1.010137 
1717 1.010137 
1718 1.010137 
1719 1.010137 
1720 1.010137 
1721 1.010137 
1722 1.010137 
1723 1.010137 
1724 1.010137 
1725 1.010137 
1726 1.010137 
1727 1.010137 
1728 1.010137 
1729 1.010137 
1730 1.010137 
1731 1.010137 
1732 1.010137 
1733 1.010137 
1734 1.010137 
1735 1.010137 
1736 1.010137 
1737 1.010137 
1738 1.010137 
1739 1.010137 
1740 1.010137 
1741 1.010137 
1742 1.010137 
1743 1.010137 
1744 1.010137 
1745 1.010137 
1746 1.010137 
1747 1.010137 
1748 1.010137 
1749 1.010137 
1750 1.010137 
1751 1.010137 
1752 1.010137 
1753 1.010137 
1754 1.010137 
1755 1.010137 
1756 1.010137 
1757 1.010137 
1758 1.010137 
1759 1.010137 
1760 1.010137 
1761 1.010137 
1762 1.010137 
1763 1.010137 
1764 1.010137 
1765 1.010137 
1766 1.010137 
1767 1.010137 
1768 1.010137 
1769 1.010137 
1770 1.010137 
1771 1.010137 
1772 1.010137 
1773 1.010137 
1774 1.010137 
1775 1.010137 
1776 1.010137 
1777 1.010137 
1778 1.010137 
1779 1.010137 
1780 1.010137 
1781 1.010137 
1782 1.010137 
1783 1.010137 
1784 1.010137 
1785 1.010137 
1786 1.010137 
1787 1.010137 
1788 1.010137 
1789 1.010137 
1790 1.010137 
1791 1.010137 
1792 1.010137 
1793 1.010137 
1794 1.010137 
1795 1.010137 
1796 1.010137 
1797 1.010137 
1798 1.010137 
1799 1.010137 
1800 1.010137 
1801 1.010137 
1802 1.010137 
1803 1.010137 
1804 1.010137 
1805 1.010137 
1806 1.010137 
1807 1.010137 
1808 1.010137 
1809 1.010137 
1810 1.010137 
1811 1.010137 
1812 1.010137 
1813 1.010137 
1814 1.010137 
1815 1.010137 
1816 1.010137 
1817 1.010137 
1818 1.010137 
1819 1.010137 
1820 1.010137 
1821 1.010137 
1822 1.010137 
1823 1.010137 
1824 1.010137 
1825 1.010137 
1826 1.010137 
1827 1.010137 
1828 1.010137 
1829 1.010137 
1830 1.010137 
1831 1.010137 
1832 1.010137 
1833 1.010137 
1834 1.010137 
1835 1.010137 
1836 1.010137 
1837 1.010137 
1838 1.010137 
1839 1.010137 
1840 1.010137 
1841 1.010137 
1842 1.010137 
1843 1.010137 
1844 1.010137 
1845 1.010137 
1846 1.010137 
1847 1.010137 
1848 1.010137 
1849 1.010137 
1850 1.010137 
1851 1.010137 
1852 1.010137 
1853 1.010137 
1854 1.010137 
1855 1.010137 
1856 1.010137 
1857 1.010137 
1858 1.010137 
1859 1.010137 
1860 1.010137 
1861 1.010137 
1862 1.010137 
1863 1.010137 
1864 1.010137 
1865 1.010137 
1866 1.010137 
1867 1.010137 
1868 1.010137 
1869 1.010137 
1870 1.010137 
1871 1.010137 
1872 1.010137 
1873 1.010137 
1874 1.010137 
1875 1.010137 
1876 1.010137 
1877 1.010137 
1878 1.010137 
1879 1.010137 
1880 1.010137 
1881 1.010137 
1882 1.010137 
1883 1.010137 
1884 1.010137 
1885 1.010137 
1886 1.010137 
1887 1.010137 
1888 1.010137 
1889 1.010137 
1890 1.010137 
1891 1.010137 
1892 1.010137 
1893 1.010137 
1894 1.010137 
1895 1.010137 
1896 1.010137 
1897 1.010137 
1898 1.010137 
1899 1.010137 
1900 1.010137 
1901 1.010137 
1902 1.010137 
1903 1.010137 
1904 1.010137 
1905 1.010137 
1906 1.010137 
1907 1.010137 
1908 1.010137 
1909 1.010137 
1910 1.010137 
1911 1.010137 
1912 1.010137 
1913 1.010137 
1914 1.010137 
1915 1.010137 
1916 1.010137 
1917 1.010137 
1918 1.010137 
1919 1.010137 
1920 1.010137 
1921 1.010137 
1922 1.010137 
1923 1.010137 
1924 1.010137 
1925 1.010137 
1926 1.010137 
1927 1.010137 
1928 1.010137 
1929 1.010137 
1930 1.010137 
1931 1.010137 
1932 1.010137 
1933 1.010137 
1934 1.010137 
1935 1.010137 
1936 1.010137 
1937 1.010137 
1938 1.010137 
1939 1.010137 
1940 1.010137 
1941 1.010137 
1942 1.010137 
1943 1.010137 
1944 1.010137 
1945 1.010137 
1946 1.010137 
1947 1.010137 
1948 1.010137 
1949 1.010137 
1950 1.010137 
1951 1.010137 
1952 1.010137 
1953 1.010137 
1954 1.010137 
1955 1.010137 
1956 1.010137 
1957 1.010137 
1958 1.010137 
1959 1.010137 
1960 1.010137 
1961 1.010137 
1962 1.010137 
1963 1.010137 
1964 1.010137 
1965 1.010137 
1966 1.010137 
1967 1.010137 
1968 1.010137 
1969 1.010137 
1970 1.010137 
1971 1.010137 
1972 1.010137 
1973 1.010137 
1974 1.010137 
1975 1.010137 
1976 1.010137 
1977 1.010137 
1978 1.010137 
1979 1.010137 
1980 1.010137 
1981 1.010137 
1982 1.010137 
1983 1.010137 
1984 1.010137 
1985 1.010137 
1986 1.010137 
1987 1.010137 
1988 1.010137 
1989 1.010137 
1990 1.010137 
1991 1.010137 
1992 1.010137 
1993 1.010137 
1994 1.010137 
1995 1.010137 
1996 1.010137 
1997 1.010137 
1998 1.010137 
1999 1.010137 
