0 0.000000 
1 0.000000 
2 0.000000 
3 0.000000 
4 0.000000 
5 0.000000 
6 0.000000 
7 0.000000 
8 0.000000 
9 0.000000 
10 0.000000 
11 0.000000 
12 0.000000 
13 0.000000 
14 0.000000 
15 0.000000 
16 0.000000 
17 0.000000 
18 0.000000 
19 0.000000 
20 0.000000 
21 0.000000 
22 0.000000 
23 0.000000 
24 0.000000 
25 0.000000 
26 0.000000 
27 0.000000 
28 0.000000 
29 0.000000 
30 0.000000 
31 0.000000 
32 0.000000 
33 0.000000 
34 0.000000 
35 0.000000 
36 0.000000 
37 0.000000 
38 0.000000 
39 0.000000 
40 0.000000 
41 0.000000 
42 0.000000 
43 0.000000 
44 0.000000 
45 0.000000 
46 0.000000 
47 0.000000 
48 0.000000 
49 0.000000 
50 0.000000 
51 0.000000 
52 0.000000 
53 0.000000 
54 0.000000 
55 0.000000 
56 0.000000 
57 0.000000 
58 0.000000 
59 0.000000 
60 0.000000 
61 0.000000 
62 0.000000 
63 0.000000 
64 0.000000 
65 0.000000 
66 0.000000 
67 0.000000 
68 0.000000 
69 0.000000 
70 0.000000 
71 0.000000 
72 0.000000 
73 0.000000 
74 0.000000 
75 0.000000 
76 0.000000 
77 0.000000 
78 0.000000 
79 0.000000 
80 0.000000 
81 0.000000 
82 0.000000 
83 0.000000 
84 0.000000 
85 0.000000 
86 0.000000 
87 0.000000 
88 0.000000 
89 0.000000 
90 0.000000 
91 0.000000 
92 0.000000 
93 0.000000 
94 0.000000 
95 0.000000 
96 0.000000 
97 0.000000 
98 0.000000 
99 0.000000 
100 0.000000 
101 0.000000 
102 0.000000 
103 0.000000 
104 0.000000 
105 0.000000 
106 0.000000 
107 0.000000 
108 0.000000 
109 0.000000 
110 0.000000 
111 0.000000 
112 0.000000 
113 0.000000 
114 0.000000 
115 0.000000 
116 0.000000 
117 0.000000 
118 0.000000 
119 0.000000 
120 0.000000 
121 0.000000 
122 0.000000 
123 0.000000 
124 0.000000 
125 0.000000 
126 0.000000 
127 0.000000 
128 0.000000 
129 0.000000 
130 0.000000 
131 0.000000 
132 0.000000 
133 0.000000 
134 0.000000 
135 0.000000 
136 0.000000 
137 0.000000 
138 0.000000 
139 0.000000 
140 0.000000 
141 0.000000 
142 0.000000 
143 0.000000 
144 0.000000 
145 0.000000 
146 0.000000 
147 8.738833 
148 8.276395 
149 7.838429 
150 7.423641 
151 7.030804 
152 6.658756 
153 6.306398 
154 5.972687 
155 5.656637 
156 5.357313 
157 5.073830 
158 4.805350 
159 4.551078 
160 4.310263 
161 4.082193 
162 3.866192 
163 3.661623 
164 3.467880 
165 3.284390 
166 3.110611 
167 2.946029 
168 2.790156 
169 2.642533 
170 2.502721 
171 2.370309 
172 2.244903 
173 2.126135 
174 2.013651 
175 1.907119 
176 1.806225 
177 1.710670 
178 1.620172 
179 1.534462 
180 1.453288 
181 1.376409 
182 1.303598 
183 1.234640 
184 1.169330 
185 1.107476 
186 1.048895 
187 0.993413 
188 0.940867 
189 0.891101 
190 0.843967 
191 0.799328 
192 0.757050 
193 0.717009 
194 0.679086 
195 0.643170 
196 0.609153 
197 0.576936 
198 0.546424 
199 0.517525 
200 0.490155 
201 0.464233 
202 0.439682 
203 0.416430 
204 0.394408 
205 0.373550 
206 0.353796 
207 0.335086 
208 0.317366 
209 0.300583 
210 0.284688 
211 0.269634 
212 0.255376 
213 0.241871 
214 0.229081 
215 0.216968 
216 0.205495 
217 0.194628 
218 0.184337 
219 0.174589 
220 0.165357 
221 0.156613 
222 0.148332 
223 0.140488 
224 0.133060 
225 0.126024 
226 0.119360 
227 0.113048 
228 0.107070 
229 0.101409 
230 0.096046 
231 0.090968 
232 0.086157 
233 0.081601 
234 0.077286 
235 0.073199 
236 0.069329 
237 0.065662 
238 0.062190 
239 0.058901 
240 0.055787 
241 0.052836 
242 0.050042 
243 0.047396 
244 0.044889 
245 0.042515 
246 0.040267 
247 0.038137 
248 0.036120 
249 0.034210 
250 0.032401 
251 0.030687 
252 0.029064 
253 0.027527 
254 0.026071 
255 0.024692 
256 0.023386 
257 0.022149 
258 0.020978 
259 0.019868 
260 0.018817 
261 0.017822 
262 0.016879 
263 0.015986 
264 0.015140 
265 0.014339 
266 0.013581 
267 0.012862 
268 0.012182 
269 0.011538 
270 0.010927 
271 0.010349 
272 0.009802 
273 0.009283 
274 0.008792 
275 0.008327 
276 0.007886 
277 0.007469 
278 0.007074 
279 0.006699 
280 0.006345 
281 0.006009 
282 0.005691 
283 0.005390 
284 0.005105 
285 0.004835 
286 0.004579 
287 0.004337 
288 0.004107 
289 0.003890 
290 0.003684 
291 0.003489 
292 0.003304 
293 0.003129 
294 0.465402 
295 0.878738 
296 1.247023 
297 1.573866 
298 1.862622 
299 2.116407 
300 2.338113 
301 2.530425 
302 2.695833 
303 2.836647 
304 2.955005 
305 3.052890 
306 3.132139 
307 3.194449 
308 3.241391 
309 3.274419 
310 3.294873 
311 3.303991 
312 3.302917 
313 3.292705 
314 3.274323 
315 3.248667 
316 3.216557 
317 3.178749 
318 3.135936 
319 3.088753 
320 3.037784 
321 2.983561 
322 2.926571 
323 2.867260 
324 2.806033 
325 2.743259 
326 2.679273 
327 2.614379 
328 2.548854 
329 2.482944 
330 2.416875 
331 2.350848 
332 2.285044 
333 2.219624 
334 2.154732 
335 2.090495 
336 2.027025 
337 1.964422 
338 1.902771 
339 1.842146 
340 1.782612 
341 1.724223 
342 1.667025 
343 1.611055 
344 1.556343 
345 1.502912 
346 1.450781 
347 1.399961 
348 1.350459 
349 1.302278 
350 1.255418 
351 1.209872 
352 1.165633 
353 1.122691 
354 1.081031 
355 1.040638 
356 1.001495 
357 0.963583 
358 0.926880 
359 0.891365 
360 0.857015 
361 0.823806 
362 0.791713 
363 0.760711 
364 0.730775 
365 0.701878 
366 0.673994 
367 0.647097 
368 0.621160 
369 0.596157 
370 0.572062 
371 0.548849 
372 0.526491 
373 0.504964 
374 0.484241 
375 0.464298 
376 0.445111 
377 0.426654 
378 0.408905 
379 0.391841 
380 0.375437 
381 0.359673 
382 0.344527 
383 0.329977 
384 0.316002 
385 0.302583 
386 0.289699 
387 0.277332 
388 0.265463 
389 0.254073 
390 0.243146 
391 0.232664 
392 0.222610 
393 0.212970 
394 0.203726 
395 0.194864 
396 0.186370 
397 0.178229 
398 0.170428 
399 0.162954 
400 0.155794 
401 0.148935 
402 0.142365 
403 0.136074 
404 0.130050 
405 0.124283 
406 0.118762 
407 0.113477 
408 0.108419 
409 0.103578 
410 0.098946 
411 0.094515 
412 0.090275 
413 0.086219 
414 0.082340 
415 0.078629 
416 0.075081 
417 0.071688 
418 0.068444 
419 0.065343 
420 0.062378 
421 0.059543 
422 0.056834 
423 0.054245 
424 0.051771 
425 0.049407 
426 0.047148 
427 0.044990 
428 0.042928 
429 0.040958 
430 0.039076 
431 0.037279 
432 0.035563 
433 0.033924 
434 0.032358 
435 0.030864 
436 0.029436 
437 0.028074 
438 0.026773 
439 0.025531 
440 0.024346 
441 0.047687 
442 0.091667 
443 0.152811 
444 0.228016 
445 0.314523 
446 0.409884 
447 0.511931 
448 0.618756 
449 0.728681 
450 0.840241 
451 0.952160 
452 1.063336 
453 1.172821 
454 1.279809 
455 1.383618 
456 1.483679 
457 1.579526 
458 1.670781 
459 1.757149 
460 1.838403 
461 1.914382 
462 1.984980 
463 2.050141 
464 2.109851 
465 2.164132 
466 2.213042 
467 2.256665 
468 2.295107 
469 2.328498 
470 2.356981 
471 2.380715 
472 2.399869 
473 2.414623 
474 2.425160 
475 2.431672 
476 2.434350 
477 2.433389 
478 2.428985 
479 2.421332 
480 2.410621 
481 2.397044 
482 2.380785 
483 2.362029 
484 2.340953 
485 2.317731 
486 2.292530 
487 2.265514 
488 2.236838 
489 2.206655 
490 2.175108 
491 2.142336 
492 2.108473 
493 2.073645 
494 2.037972 
495 2.001569 
496 1.964545 
497 1.927002 
498 1.889037 
499 1.850742 
500 1.812202 
501 1.773500 
502 1.734710 
503 1.695902 
504 1.657144 
505 1.618497 
506 1.580017 
507 1.541757 
508 1.503766 
509 1.466088 
510 1.428765 
511 1.391835 
512 1.355331 
513 1.319285 
514 1.283723 
515 1.248673 
516 1.214155 
517 1.180190 
518 1.146794 
519 1.113984 
520 1.081771 
521 1.050168 
522 1.019181 
523 0.988820 
524 0.959090 
525 0.929994 
526 0.901535 
527 0.873714 
528 0.846532 
529 0.819987 
530 0.794076 
531 0.768798 
532 0.744147 
533 0.720119 
534 0.696708 
535 0.673907 
536 0.651711 
537 0.630110 
538 0.609098 
539 0.588665 
540 0.568804 
541 0.549503 
542 0.530755 
543 0.512550 
544 0.494876 
545 0.477725 
546 0.461085 
547 0.444946 
548 0.429299 
549 0.414131 
550 0.399432 
551 0.385192 
552 0.371400 
553 0.358045 
554 0.345117 
555 0.332605 
556 0.320498 
557 0.308786 
558 0.297459 
559 0.286507 
560 0.275919 
561 0.265686 
562 0.255798 
563 0.246244 
564 0.237016 
565 0.228105 
566 0.219500 
567 0.211193 
568 0.203176 
569 0.195439 
570 0.187974 
571 0.180773 
572 0.173828 
573 0.167130 
574 0.160672 
575 0.154446 
576 0.148446 
577 0.142662 
578 0.137090 
579 0.131721 
580 0.126550 
581 0.121569 
582 0.116772 
583 0.112153 
584 0.107707 
585 0.103426 
586 0.099307 
587 0.095342 
588 0.092822 
589 0.092763 
590 0.095942 
591 0.102932 
592 0.114131 
593 0.129783 
594 0.150009 
595 0.174817 
596 0.204130 
597 0.237797 
598 0.275606 
599 0.317298 
600 0.362580 
601 0.411127 
602 0.462600 
603 0.516645 
604 0.572903 
605 0.631014 
606 0.690621 
607 0.751374 
608 0.812933 
609 0.874970 
610 0.937173 
611 0.999243 
612 1.060900 
613 1.121882 
614 1.181945 
615 1.240862 
616 1.298427 
617 1.354452 
618 1.408766 
619 1.461218 
620 1.511672 
621 1.560013 
622 1.606137 
623 1.649961 
624 1.691412 
625 1.730434 
626 1.766984 
627 1.801030 
628 1.832554 
629 1.861547 
630 1.888011 
631 1.911958 
632 1.933406 
633 1.952383 
634 1.968925 
635 1.983072 
636 1.994871 
637 2.004375 
638 2.011641 
639 2.016729 
640 2.019704 
641 2.020632 
642 2.019584 
643 2.016632 
644 2.011849 
645 2.005310 
646 1.997091 
647 1.987267 
648 1.975915 
649 1.963111 
650 1.948932 
651 1.933453 
652 1.916749 
653 1.898893 
654 1.879959 
655 1.860017 
656 1.839139 
657 1.817391 
658 1.794841 
659 1.771555 
660 1.747595 
661 1.723022 
662 1.697897 
663 1.672277 
664 1.646216 
665 1.619770 
666 1.592988 
667 1.565921 
668 1.538616 
669 1.511118 
670 1.483470 
671 1.455713 
672 1.427888 
673 1.400031 
674 1.372177 
675 1.344361 
676 1.316614 
677 1.288965 
678 1.261443 
679 1.234075 
680 1.206885 
681 1.179896 
682 1.153131 
683 1.126608 
684 1.100347 
685 1.074364 
686 1.048677 
687 1.023299 
688 0.998243 
689 0.973522 
690 0.949146 
691 0.925126 
692 0.901470 
693 0.878185 
694 0.855280 
695 0.832759 
696 0.810627 
697 0.788889 
698 0.767548 
699 0.746606 
700 0.726067 
701 0.705930 
702 0.686196 
703 0.666867 
704 0.647940 
705 0.629415 
706 0.611291 
707 0.593566 
708 0.576236 
709 0.559301 
710 0.542755 
711 0.526597 
712 0.510822 
713 0.495425 
714 0.480404 
715 0.465753 
716 0.451467 
717 0.437542 
718 0.423972 
719 0.410752 
720 0.397877 
721 0.385341 
722 0.373138 
723 0.361263 
724 0.349710 
725 0.338473 
726 0.327546 
727 0.316923 
728 0.306598 
729 0.296565 
730 0.286818 
731 0.277351 
732 0.268158 
733 0.259233 
734 0.250570 
735 0.242231 
736 0.234330 
737 0.227015 
738 0.220456 
739 0.214837 
740 0.210342 
741 0.207155 
742 0.205450 
743 0.205385 
744 0.207105 
745 0.210734 
746 0.216378 
747 0.224119 
748 0.234019 
749 0.246120 
750 0.260441 
751 0.276982 
752 0.295723 
753 0.316627 
754 0.339641 
755 0.364696 
756 0.391708 
757 0.420584 
758 0.451217 
759 0.483493 
760 0.517290 
761 0.552477 
762 0.588920 
763 0.626482 
764 0.665022 
765 0.704398 
766 0.744465 
767 0.785083 
768 0.826110 
769 0.867406 
770 0.908836 
771 0.950267 
772 0.991570 
773 1.032621 
774 1.073300 
775 1.113494 
776 1.153093 
777 1.191997 
778 1.230107 
779 1.267334 
780 1.303594 
781 1.338808 
782 1.372905 
783 1.405820 
784 1.437494 
785 1.467875 
786 1.496914 
787 1.524572 
788 1.550812 
789 1.575607 
790 1.598930 
791 1.620764 
792 1.641094 
793 1.659911 
794 1.677210 
795 1.692990 
796 1.707256 
797 1.720014 
798 1.731276 
799 1.741057 
800 1.749373 
801 1.756246 
802 1.761698 
803 1.765755 
804 1.768446 
805 1.769800 
806 1.769850 
807 1.768628 
808 1.766170 
809 1.762512 
810 1.757692 
811 1.751748 
812 1.744719 
813 1.736644 
814 1.727566 
815 1.717523 
816 1.706557 
817 1.694710 
818 1.682021 
819 1.668533 
820 1.654285 
821 1.639319 
822 1.623674 
823 1.607391 
824 1.590507 
825 1.573062 
826 1.555094 
827 1.536639 
828 1.517735 
829 1.498417 
830 1.478719 
831 1.458676 
832 1.438320 
833 1.417685 
834 1.396800 
835 1.375697 
836 1.354404 
837 1.332950 
838 1.311362 
839 1.289666 
840 1.267889 
841 1.246053 
842 1.224183 
843 1.202301 
844 1.180428 
845 1.158585 
846 1.136791 
847 1.115065 
848 1.093425 
849 1.071887 
850 1.050467 
851 1.029180 
852 1.008041 
853 0.987062 
854 0.966257 
855 0.945636 
856 0.925212 
857 0.904993 
858 0.884990 
859 0.865212 
860 0.845666 
861 0.826360 
862 0.807301 
863 0.788494 
864 0.769947 
865 0.751663 
866 0.733648 
867 0.715904 
868 0.698437 
869 0.681248 
870 0.664340 
871 0.647715 
872 0.631376 
873 0.615323 
874 0.599557 
875 0.584078 
876 0.568888 
877 0.553985 
878 0.539370 
879 0.525041 
880 0.510998 
881 0.497239 
882 0.483767 
883 0.470589 
884 0.457720 
885 0.445185 
886 0.433016 
887 0.421251 
888 0.409941 
889 0.399137 
890 0.388901 
891 0.379297 
892 0.370393 
893 0.362258 
894 0.354962 
895 0.348575 
896 0.343166 
897 0.338801 
898 0.335541 
899 0.333445 
900 0.332565 
901 0.332950 
902 0.334639 
903 0.337669 
904 0.342066 
905 0.347851 
906 0.355039 
907 0.363635 
908 0.373638 
909 0.385041 
910 0.397828 
911 0.411979 
912 0.427466 
913 0.444254 
914 0.462303 
915 0.481570 
916 0.502003 
917 0.523548 
918 0.546147 
919 0.569736 
920 0.594250 
921 0.619620 
922 0.645775 
923 0.672643 
924 0.700148 
925 0.728215 
926 0.756767 
927 0.785727 
928 0.815018 
929 0.844564 
930 0.874288 
931 0.904115 
932 0.933970 
933 0.963782 
934 0.993479 
935 1.022993 
936 1.052255 
937 1.081202 
938 1.109771 
939 1.137903 
940 1.165540 
941 1.192628 
942 1.219116 
943 1.244955 
944 1.270100 
945 1.294507 
946 1.318138 
947 1.340957 
948 1.362929 
949 1.384024 
950 1.404215 
951 1.423478 
952 1.441790 
953 1.459133 
954 1.475491 
955 1.490850 
956 1.505201 
957 1.518535 
958 1.530846 
959 1.542132 
960 1.552391 
961 1.561624 
962 1.569835 
963 1.577030 
964 1.583215 
965 1.588400 
966 1.592595 
967 1.595813 
968 1.598068 
969 1.599374 
970 1.599748 
971 1.599209 
972 1.597775 
973 1.595465 
974 1.592301 
975 1.588303 
976 1.583495 
977 1.577900 
978 1.571540 
979 1.564441 
980 1.556625 
981 1.548119 
982 1.538948 
983 1.529136 
984 1.518709 
985 1.507693 
986 1.496113 
987 1.483996 
988 1.471365 
989 1.458248 
990 1.444668 
991 1.430652 
992 1.416223 
993 1.401406 
994 1.386226 
995 1.370706 
996 1.354870 
997 1.338740 
998 1.322339 
999 1.305690 
1000 1.288814 
1001 1.271732 
1002 1.254465 
1003 1.237033 
1004 1.219456 
1005 1.201752 
1006 1.183940 
1007 1.166039 
1008 1.148065 
1009 1.130036 
1010 1.111967 
1011 1.093875 
1012 1.075774 
1013 1.057680 
1014 1.039605 
1015 1.021565 
1016 1.003570 
1017 0.985635 
1018 0.967770 
1019 0.949988 
1020 0.932298 
1021 0.914711 
1022 0.897236 
1023 0.879884 
1024 0.862662 
1025 0.845579 
1026 0.828642 
1027 0.811859 
1028 0.795237 
1029 0.778781 
1030 0.762500 
1031 0.746400 
1032 0.730489 
1033 0.714776 
1034 0.699272 
1035 0.683990 
1036 0.668945 
1037 0.654155 
1038 0.639639 
1039 0.625419 
1040 0.611522 
1041 0.597973 
1042 0.584803 
1043 0.572044 
1044 0.559728 
1045 0.547891 
1046 0.536568 
1047 0.525798 
1048 0.515617 
1049 0.506064 
1050 0.497176 
1051 0.488990 
1052 0.481542 
1053 0.474869 
1054 0.469003 
1055 0.463976 
1056 0.459818 
1057 0.456556 
1058 0.454215 
1059 0.452817 
1060 0.452381 
1061 0.452923 
1062 0.454455 
1063 0.456988 
1064 0.460527 
1065 0.465074 
1066 0.470629 
1067 0.477188 
1068 0.484742 
1069 0.493282 
1070 0.502791 
1071 0.513254 
1072 0.524648 
1073 0.536951 
1074 0.550137 
1075 0.564175 
1076 0.579035 
1077 0.594682 
1078 0.611080 
1079 0.628191 
1080 0.645975 
1081 0.664391 
1082 0.683394 
1083 0.702940 
1084 0.722985 
1085 0.743481 
1086 0.764381 
1087 0.785639 
1088 0.807205 
1089 0.829031 
1090 0.851070 
1091 0.873272 
1092 0.895591 
1093 0.917979 
1094 0.940389 
1095 0.962775 
1096 0.985091 
1097 1.007294 
1098 1.029340 
1099 1.051187 
1100 1.072793 
1101 1.094121 
1102 1.115130 
1103 1.135785 
1104 1.156051 
1105 1.175893 
1106 1.195279 
1107 1.214181 
1108 1.232568 
1109 1.250414 
1110 1.267693 
1111 1.284383 
1112 1.300461 
1113 1.315907 
1114 1.330703 
1115 1.344833 
1116 1.358281 
1117 1.371035 
1118 1.383082 
1119 1.394413 
1120 1.405020 
1121 1.414895 
1122 1.424034 
1123 1.432432 
1124 1.440088 
1125 1.447000 
1126 1.453168 
1127 1.458595 
1128 1.463282 
1129 1.467234 
1130 1.470457 
1131 1.472956 
1132 1.474739 
1133 1.475814 
1134 1.476190 
1135 1.475877 
1136 1.474886 
1137 1.473228 
1138 1.470917 
1139 1.467964 
1140 1.464384 
1141 1.460190 
1142 1.455398 
1143 1.450022 
1144 1.444077 
1145 1.437580 
1146 1.430547 
1147 1.422995 
1148 1.414939 
1149 1.406398 
1150 1.397387 
1151 1.387925 
1152 1.378029 
1153 1.367715 
1154 1.357002 
1155 1.345907 
1156 1.334446 
1157 1.322638 
1158 1.310500 
1159 1.298048 
1160 1.285300 
1161 1.272273 
1162 1.258982 
1163 1.245445 
1164 1.231677 
1165 1.217695 
1166 1.203513 
1167 1.189149 
1168 1.174616 
1169 1.159930 
1170 1.145105 
1171 1.130155 
1172 1.115094 
1173 1.099936 
1174 1.084695 
1175 1.069382 
1176 1.054011 
1177 1.038594 
1178 1.023142 
1179 1.007668 
1180 0.992183 
1181 0.976698 
1182 0.961226 
1183 0.945778 
1184 0.930367 
1185 0.915004 
1186 0.899703 
1187 0.884477 
1188 0.869342 
1189 0.854311 
1190 0.839402 
1191 0.824631 
1192 0.810016 
1193 0.795576 
1194 0.781330 
1195 0.767300 
1196 0.753508 
1197 0.739975 
1198 0.726726 
1199 0.713784 
1200 0.701173 
1201 0.688920 
1202 0.677049 
1203 0.665586 
1204 0.654556 
1205 0.643987 
1206 0.633902 
1207 0.624327 
1208 0.615288 
1209 0.606807 
1210 0.598909 
1211 0.591615 
1212 0.584948 
1213 0.578927 
1214 0.573571 
1215 0.568898 
1216 0.564924 
1217 0.561663 
1218 0.559127 
1219 0.557329 
1220 0.556277 
1221 0.555978 
1222 0.556437 
1223 0.557659 
1224 0.559644 
1225 0.562391 
1226 0.565899 
1227 0.570163 
1228 0.575176 
1229 0.580930 
1230 0.587413 
1231 0.594615 
1232 0.602521 
1233 0.611116 
1234 0.620381 
1235 0.630297 
1236 0.640844 
1237 0.652001 
1238 0.663742 
1239 0.676044 
1240 0.688880 
1241 0.702223 
1242 0.716046 
1243 0.730318 
1244 0.745010 
1245 0.760092 
1246 0.775532 
1247 0.791299 
1248 0.807360 
1249 0.823682 
1250 0.840234 
1251 0.856982 
1252 0.873893 
1253 0.890935 
1254 0.908074 
1255 0.925278 
1256 0.942515 
1257 0.959753 
1258 0.976960 
1259 0.994106 
1260 1.011161 
1261 1.028094 
1262 1.044876 
1263 1.061480 
1264 1.077878 
1265 1.094043 
1266 1.109950 
1267 1.125574 
1268 1.140890 
1269 1.155877 
1270 1.170512 
1271 1.184775 
1272 1.198645 
1273 1.212105 
1274 1.225137 
1275 1.237724 
1276 1.249850 
1277 1.261503 
1278 1.272668 
1279 1.283333 
1280 1.293488 
1281 1.303122 
1282 1.312227 
1283 1.320795 
1284 1.328819 
1285 1.336293 
1286 1.343214 
1287 1.349576 
1288 1.355378 
1289 1.360617 
1290 1.365292 
1291 1.369403 
1292 1.372952 
1293 1.375939 
1294 1.378368 
1295 1.380240 
1296 1.381560 
1297 1.382333 
1298 1.382564 
1299 1.382259 
1300 1.381424 
1301 1.380065 
1302 1.378192 
1303 1.375812 
1304 1.372933 
1305 1.369564 
1306 1.365716 
1307 1.361398 
1308 1.356619 
1309 1.351392 
1310 1.345725 
1311 1.339631 
1312 1.333122 
1313 1.326208 
1314 1.318901 
1315 1.311213 
1316 1.303157 
1317 1.294745 
1318 1.285988 
1319 1.276900 
1320 1.267493 
1321 1.257779 
1322 1.247772 
1323 1.237482 
1324 1.226924 
1325 1.216109 
1326 1.205049 
1327 1.193758 
1328 1.182248 
1329 1.170530 
1330 1.158617 
1331 1.146522 
1332 1.134256 
1333 1.121832 
1334 1.109262 
1335 1.096559 
1336 1.083735 
1337 1.070803 
1338 1.057776 
1339 1.044668 
1340 1.031491 
1341 1.018260 
1342 1.004989 
1343 0.991692 
1344 0.978385 
1345 0.965083 
1346 0.951802 
1347 0.938558 
1348 0.925369 
1349 0.912251 
1350 0.899222 
1351 0.886300 
1352 0.873504 
1353 0.860853 
1354 0.848366 
1355 0.836063 
1356 0.823963 
1357 0.812086 
1358 0.800453 
1359 0.789083 
1360 0.777997 
1361 0.767214 
1362 0.756756 
1363 0.746641 
1364 0.736889 
1365 0.727519 
1366 0.718550 
1367 0.710000 
1368 0.701887 
1369 0.694227 
1370 0.687038 
1371 0.680334 
1372 0.674130 
1373 0.668440 
1374 0.663276 
1375 0.658651 
1376 0.654575 
1377 0.651058 
1378 0.648109 
1379 0.645733 
1380 0.643938 
1381 0.642729 
1382 0.642108 
1383 0.642078 
1384 0.642641 
1385 0.643795 
1386 0.645540 
1387 0.647871 
1388 0.650786 
1389 0.654278 
1390 0.658342 
1391 0.662968 
1392 0.668148 
1393 0.673871 
1394 0.680127 
1395 0.686902 
1396 0.694183 
1397 0.701954 
1398 0.710202 
1399 0.718908 
1400 0.728056 
1401 0.737628 
1402 0.747603 
1403 0.757963 
1404 0.768688 
1405 0.779755 
1406 0.791145 
1407 0.802834 
1408 0.814800 
1409 0.827021 
1410 0.839474 
1411 0.852135 
1412 0.864980 
1413 0.877987 
1414 0.891131 
1415 0.904389 
1416 0.917737 
1417 0.931152 
1418 0.944609 
1419 0.958087 
1420 0.971562 
1421 0.985011 
1422 0.998412 
1423 1.011743 
1424 1.024983 
1425 1.038110 
1426 1.051104 
1427 1.063945 
1428 1.076613 
1429 1.089089 
1430 1.101355 
1431 1.113393 
1432 1.125186 
1433 1.136717 
1434 1.147972 
1435 1.158935 
1436 1.169591 
1437 1.179927 
1438 1.189930 
1439 1.199589 
1440 1.208891 
1441 1.217826 
1442 1.226384 
1443 1.234555 
1444 1.242333 
1445 1.249708 
1446 1.256674 
1447 1.263224 
1448 1.269354 
1449 1.275057 
1450 1.280331 
1451 1.285171 
1452 1.289575 
1453 1.293541 
1454 1.297066 
1455 1.300151 
1456 1.302795 
1457 1.304997 
1458 1.306760 
1459 1.308084 
1460 1.308972 
1461 1.309426 
1462 1.309448 
1463 1.309043 
1464 1.308213 
1465 1.306965 
1466 1.305301 
1467 1.303229 
1468 1.300752 
1469 1.297877 
1470 1.294611 
1471 1.290959 
1472 1.286929 
1473 1.282528 
1474 1.277764 
1475 1.272644 
1476 1.267176 
1477 1.261369 
1478 1.255230 
1479 1.248769 
1480 1.241993 
1481 1.234914 
1482 1.227538 
1483 1.219876 
1484 1.211937 
1485 1.203732 
1486 1.195269 
1487 1.186558 
1488 1.177611 
1489 1.168438 
1490 1.159049 
1491 1.149455 
1492 1.139668 
1493 1.129698 
1494 1.119557 
1495 1.109258 
1496 1.098813 
1497 1.088233 
1498 1.077532 
1499 1.066723 
1500 1.055820 
1501 1.044835 
1502 1.033783 
1503 1.022678 
1504 1.011535 
1505 1.000369 
1506 0.989194 
1507 0.978027 
1508 0.966882 
1509 0.955776 
1510 0.944725 
1511 0.933744 
1512 0.922851 
1513 0.912062 
1514 0.901394 
1515 0.890862 
1516 0.880484 
1517 0.870277 
1518 0.860257 
1519 0.850440 
1520 0.840844 
1521 0.831483 
1522 0.822374 
1523 0.813532 
1524 0.804974 
1525 0.796713 
1526 0.788765 
1527 0.781143 
1528 0.773862 
1529 0.766934 
1530 0.760371 
1531 0.754187 
1532 0.748391 
1533 0.742995 
1534 0.738008 
1535 0.733440 
1536 0.729300 
1537 0.725593 
1538 0.722329 
1539 0.719511 
1540 0.717146 
1541 0.715238 
1542 0.713790 
1543 0.712804 
1544 0.712282 
1545 0.712225 
1546 0.712632 
1547 0.713502 
1548 0.714833 
1549 0.716622 
1550 0.718865 
1551 0.721558 
1552 0.724694 
1553 0.728268 
1554 0.732272 
1555 0.736698 
1556 0.741537 
1557 0.746779 
1558 0.752414 
1559 0.758431 
1560 0.764819 
1561 0.771564 
1562 0.778654 
1563 0.786076 
1564 0.793814 
1565 0.801855 
1566 0.810184 
1567 0.818784 
1568 0.827641 
1569 0.836737 
1570 0.846057 
1571 0.855583 
1572 0.865299 
1573 0.875187 
1574 0.885229 
1575 0.895409 
1576 0.905708 
1577 0.916110 
1578 0.926595 
1579 0.937148 
1580 0.947750 
1581 0.958383 
1582 0.969031 
1583 0.979676 
1584 0.990302 
1585 1.000891 
1586 1.011428 
1587 1.021895 
1588 1.032278 
1589 1.042560 
1590 1.052727 
1591 1.062764 
1592 1.072656 
1593 1.082389 
1594 1.091950 
1595 1.101325 
1596 1.110502 
1597 1.119469 
1598 1.128214 
1599 1.136725 
1600 1.144993 
1601 1.153006 
1602 1.160755 
1603 1.168231 
1604 1.175425 
1605 1.182328 
1606 1.188934 
1607 1.195234 
1608 1.201223 
1609 1.206894 
1610 1.212241 
1611 1.217259 
1612 1.221943 
1613 1.226290 
1614 1.230295 
1615 1.233956 
1616 1.237270 
1617 1.240234 
1618 1.242846 
1619 1.245106 
1620 1.247012 
1621 1.248564 
1622 1.249763 
1623 1.250607 
1624 1.251099 
1625 1.251239 
1626 1.251030 
1627 1.250473 
1628 1.249570 
1629 1.248324 
1630 1.246739 
1631 1.244818 
1632 1.242564 
1633 1.239982 
1634 1.237076 
1635 1.233851 
1636 1.230312 
1637 1.226464 
1638 1.222312 
1639 1.217864 
1640 1.213125 
1641 1.208101 
1642 1.202799 
1643 1.197226 
1644 1.191390 
1645 1.185299 
1646 1.178959 
1647 1.172380 
1648 1.165570 
1649 1.158538 
1650 1.151292 
1651 1.143843 
1652 1.136199 
1653 1.128371 
1654 1.120368 
1655 1.112203 
1656 1.103884 
1657 1.095423 
1658 1.086832 
1659 1.078122 
1660 1.069305 
1661 1.060393 
1662 1.051398 
1663 1.042334 
1664 1.033211 
1665 1.024045 
1666 1.014847 
1667 1.005631 
1668 0.996410 
1669 0.987198 
1670 0.978009 
1671 0.968856 
1672 0.959754 
1673 0.950715 
1674 0.941754 
1675 0.932885 
1676 0.924122 
1677 0.915477 
1678 0.906966 
1679 0.898601 
1680 0.890395 
1681 0.882362 
1682 0.874515 
1683 0.866867 
1684 0.859429 
1685 0.852214 
1686 0.845234 
1687 0.838501 
1688 0.832025 
1689 0.825816 
1690 0.819886 
1691 0.814244 
1692 0.808899 
1693 0.803861 
1694 0.799136 
1695 0.794734 
1696 0.790660 
1697 0.786923 
1698 0.783527 
1699 0.780479 
1700 0.777782 
1701 0.775441 
1702 0.773459 
1703 0.771840 
1704 0.770585 
1705 0.769696 
1706 0.769173 
1707 0.769018 
1708 0.769228 
1709 0.769804 
1710 0.770743 
1711 0.772043 
1712 0.773700 
1713 0.775712 
1714 0.778073 
1715 0.780778 
1716 0.783822 
1717 0.787199 
1718 0.790902 
1719 0.794923 
1720 0.799255 
1721 0.803889 
1722 0.808817 
1723 0.814029 
1724 0.819514 
1725 0.825264 
1726 0.831268 
1727 0.837513 
1728 0.843990 
1729 0.850686 
1730 0.857589 
1731 0.864687 
1732 0.871968 
1733 0.879419 
1734 0.887027 
1735 0.894779 
1736 0.902662 
1737 0.910663 
1738 0.918768 
1739 0.926963 
1740 0.935237 
1741 0.943574 
1742 0.951962 
1743 0.960388 
1744 0.968838 
1745 0.977299 
1746 0.985758 
1747 0.994202 
1748 1.002619 
1749 1.010996 
1750 1.019321 
1751 1.027582 
1752 1.035767 
1753 1.043864 
1754 1.051862 
1755 1.059749 
1756 1.067516 
1757 1.075152 
1758 1.082645 
1759 1.089987 
1760 1.097168 
1761 1.104177 
1762 1.111008 
1763 1.117649 
1764 1.124094 
1765 1.130334 
1766 1.136361 
1767 1.142168 
1768 1.147748 
1769 1.153094 
1770 1.158199 
1771 1.163059 
1772 1.167666 
1773 1.172017 
1774 1.176106 
1775 1.179929 
1776 1.183482 
1777 1.186761 
1778 1.189763 
1779 1.192486 
1780 1.194925 
1781 1.197081 
1782 1.198950 
1783 1.200531 
1784 1.201823 
1785 1.202827 
1786 1.203540 
1787 1.203963 
1788 1.204098 
1789 1.203943 
1790 1.203501 
1791 1.202773 
1792 1.201760 
1793 1.200464 
1794 1.198889 
1795 1.197036 
1796 1.194909 
1797 1.192511 
1798 1.189845 
1799 1.186917 
1800 1.183729 
1801 1.180287 
1802 1.176595 
1803 1.172659 
1804 1.168485 
1805 1.164078 
1806 1.159444 
1807 1.154590 
1808 1.149522 
1809 1.144248 
1810 1.138776 
1811 1.133111 
1812 1.127264 
1813 1.121241 
1814 1.115051 
1815 1.108703 
1816 1.102206 
1817 1.095569 
1818 1.088802 
1819 1.081913 
1820 1.074914 
1821 1.067814 
1822 1.060623 
1823 1.053353 
1824 1.046013 
1825 1.038614 
1826 1.031167 
1827 1.023684 
1828 1.016175 
1829 1.008652 
1830 1.001126 
1831 0.993608 
1832 0.986110 
1833 0.978643 
1834 0.971219 
1835 0.963848 
1836 0.956543 
1837 0.949315 
1838 0.942174 
1839 0.935132 
1840 0.928201 
1841 0.921389 
1842 0.914709 
1843 0.908171 
1844 0.901785 
1845 0.895560 
1846 0.889508 
1847 0.883637 
1848 0.877956 
1849 0.872474 
1850 0.867201 
1851 0.862144 
1852 0.857310 
1853 0.852709 
1854 0.848345 
1855 0.844228 
1856 0.840362 
1857 0.836753 
1858 0.833408 
1859 0.830330 
1860 0.827525 
1861 0.824996 
1862 0.822747 
1863 0.820780 
1864 0.819100 
1865 0.817707 
1866 0.816603 
1867 0.815789 
1868 0.815266 
1869 0.815033 
1870 0.815091 
1871 0.815438 
1872 0.816073 
1873 0.816994 
1874 0.818197 
1875 0.819681 
1876 0.821442 
1877 0.823476 
1878 0.825779 
1879 0.828345 
1880 0.831169 
1881 0.834247 
1882 0.837571 
1883 0.841136 
1884 0.844934 
1885 0.848958 
1886 0.853201 
1887 0.857654 
1888 0.862310 
1889 0.867161 
1890 0.872197 
1891 0.877410 
1892 0.882790 
1893 0.888328 
1894 0.894015 
1895 0.899840 
1896 0.905795 
1897 0.911869 
1898 0.918053 
1899 0.924336 
1900 0.930709 
1901 0.937161 
1902 0.943683 
1903 0.950264 
1904 0.956894 
1905 0.963565 
1906 0.970265 
1907 0.976986 
1908 0.983717 
1909 0.990449 
1910 0.997173 
1911 1.003879 
1912 1.010557 
1913 1.017199 
1914 1.023796 
1915 1.030337 
1916 1.036813 
1917 1.043215 
1918 1.049533 
1919 1.055760 
1920 1.061885 
1921 1.067901 
1922 1.073798 
1923 1.079570 
1924 1.085208 
1925 1.090705 
1926 1.096052 
1927 1.101244 
1928 1.106273 
1929 1.111132 
1930 1.115816 
1931 1.120318 
1932 1.124633 
1933 1.128755 
1934 1.132680 
1935 1.136401 
1936 1.139915 
1937 1.143217 
1938 1.146304 
1939 1.149172 
1940 1.151817 
1941 1.154237 
1942 1.156429 
1943 1.158389 
1944 1.160117 
1945 1.161611 
1946 1.162868 
1947 1.163888 
1948 1.164670 
1949 1.165214 
1950 1.165518 
1951 1.165584 
1952 1.165411 
1953 1.165001 
1954 1.164354 
1955 1.163472 
1956 1.162356 
1957 1.161008 
1958 1.159430 
1959 1.157626 
1960 1.155597 
1961 1.153348 
1962 1.150880 
1963 1.148199 
1964 1.145308 
1965 1.142212 
1966 1.138915 
1967 1.135422 
1968 1.131738 
1969 1.127869 
1970 1.123821 
1971 1.119598 
1972 1.115209 
1973 1.110658 
1974 1.105954 
1975 1.101102 
1976 1.096110 
1977 1.090986 
1978 1.085737 
1979 1.080371 
1980 1.074896 
1981 1.069320 
1982 1.063651 
1983 1.057899 
1984 1.052071 
1985 1.046177 
1986 1.040225 
1987 1.034224 
1988 1.028185 
1989 1.022115 
1990 1.016024 
1991 1.009921 
1992 1.003816 
1993 0.997718 
1994 0.991637 
1995 0.985581 
1996 0.979561 
1997 0.973584 
1998 0.967662 
1999 0.961802 
