-43.000000 0.274000 50.715423 182.500000 143.559668 
-38.800000 0.274000 60.035851 164.750000 143.160812 
-34.600000 0.274000 63.731241 156.000000 142.613824 
-30.400000 0.274000 65.808315 151.250000 141.872604 
-26.200000 0.274000 67.320674 148.250000 140.839818 
-22.000000 0.274000 68.744924 145.500000 139.309511 
-17.800000 0.274000 70.399221 142.250000 136.956724 
-13.600000 0.274000 72.770201 136.750000 133.120273 
-9.400000 0.274000 76.536787 128.000000 126.973890 
-5.200000 0.274000 82.270651 125.000000 118.369944 
-1.000000 0.274000 89.186243 114.000000 109.366617 
3.200000 0.274000 95.087228 105.250000 102.764199 
7.400000 0.274000 98.984273 101.000000 98.921007 
11.600000 0.274000 101.407138 98.250000 96.754419 
15.800000 0.274000 102.986060 97.000000 95.447479 
20.000000 0.274000 104.075048 96.000000 94.600400 
24.200000 0.274000 104.946496 95.250000 93.956953 
28.400000 0.274000 105.648094 94.500000 93.466219 
32.600000 0.274000 106.007252 94.250000 93.219227 
36.800000 0.274000 106.508936 93.750000 92.893320 
