0.111577 0.111577 0.111577 
0.099142 0.099142 0.099142 
0.088093 0.088093 0.088093 
0.078276 0.078276 0.078276 
0.069552 0.069552 0.069552 
0.061801 0.061801 0.061801 
0.054914 0.054914 0.054914 
0.048794 0.048794 0.048794 
0.043356 0.043356 0.043356 
0.038524 0.038524 0.038524 
0.034231 0.034231 0.034231 
0.030416 0.030416 0.030416 
0.027027 0.027027 0.027027 
0.024015 0.024015 0.024015 
0.021338 0.021338 0.021338 
0.018960 0.018960 0.018960 
0.016847 0.016847 0.016847 
0.014970 0.014970 0.014970 
0.013301 0.013301 0.013301 
0.011819 0.011819 0.011819 
0.010502 0.010502 0.010502 
0.009332 0.009332 0.009332 
0.008292 0.008292 0.008292 
0.007368 0.007368 0.007368 
0.006546 0.006546 0.006546 
0.005817 0.005817 0.005817 
0.005169 0.005169 0.005169 
0.004593 0.004593 0.004593 
0.004081 0.004081 0.004081 
0.003626 0.003626 0.003626 
0.003222 0.003222 0.003222 
0.002863 0.002863 0.002863 
0.002544 0.002544 0.002544 
0.002260 0.002260 0.002260 
0.002008 0.002008 0.002008 
0.001785 0.001785 0.001785 
0.001586 0.001586 0.001586 
0.001409 0.001409 0.001409 
0.001252 0.001252 0.001252 
0.001112 0.001112 0.001112 
0.000988 0.000988 0.000988 
0.000878 0.000878 0.000878 
0.000780 0.000780 0.000780 
0.000693 0.000693 0.000693 
0.000616 0.000616 0.000616 
0.000548 0.000548 0.000548 
0.000486 0.000486 0.000486 
0.000432 0.000432 0.000432 
0.000384 0.000384 0.000384 
0.000341 0.000341 0.000341 
0.000303 0.000303 0.000303 
0.000269 0.000269 0.000269 
0.000239 0.000239 0.000239 
0.000213 0.000213 0.000213 
0.000189 0.000189 0.000189 
0.000168 0.000168 0.000168 
0.000149 0.000149 0.000149 
