0 0.000000 
1 0.000000 
2 0.000000 
3 0.000000 
4 0.000000 
5 0.000000 
6 0.000000 
7 0.000000 
8 0.000000 
9 0.000000 
10 0.000000 
11 0.000000 
12 0.000000 
13 0.000000 
14 0.000000 
15 0.000000 
16 0.000000 
17 0.000000 
18 0.000000 
19 0.000000 
20 0.000000 
21 0.000000 
22 0.000000 
23 0.000000 
24 0.000000 
25 0.000000 
26 0.000000 
27 0.000000 
28 0.000000 
29 0.000000 
30 0.000000 
31 0.000000 
32 0.000000 
33 0.000000 
34 0.000000 
35 0.000000 
36 0.000000 
37 0.000000 
38 0.000000 
39 0.000000 
40 0.000000 
41 0.000000 
42 0.000000 
43 0.000000 
44 0.000000 
45 0.000000 
46 0.000000 
47 0.000000 
48 0.000000 
49 0.000000 
50 0.000000 
51 0.000000 
52 0.000000 
53 0.000000 
54 0.000000 
55 0.000000 
56 0.000000 
57 0.000000 
58 0.000000 
59 0.000000 
60 0.000000 
61 0.000000 
62 0.000000 
63 0.000000 
64 0.000000 
65 0.000000 
66 0.000000 
67 0.000000 
68 0.000000 
69 0.000000 
70 0.000000 
71 0.000000 
72 0.000000 
73 0.000000 
74 0.000000 
75 0.000000 
76 0.000000 
77 0.000000 
78 0.000000 
79 0.000000 
80 0.000000 
81 0.000000 
82 0.000000 
83 0.000000 
84 0.000000 
85 0.000000 
86 0.000000 
87 0.000000 
88 0.000000 
89 0.000000 
90 0.000000 
91 0.423503 
92 0.787757 
93 1.099708 
94 1.365517 
95 1.590651 
96 1.779957 
97 1.937734 
98 2.067792 
99 2.173509 
100 2.257878 
101 2.323549 
102 2.372873 
103 2.407926 
104 2.430549 
105 2.442371 
106 2.444830 
107 2.439198 
108 2.426601 
109 2.408030 
110 2.384360 
111 2.356365 
112 2.324725 
113 2.290037 
114 2.252830 
115 2.213565 
116 2.172648 
117 2.130435 
118 2.087237 
119 2.043325 
120 1.998937 
121 1.954279 
122 1.909528 
123 1.864841 
124 1.820348 
125 1.776166 
126 1.732392 
127 1.689109 
128 1.646387 
129 1.604284 
130 1.562850 
131 1.522125 
132 1.482141 
133 1.442923 
134 1.404490 
135 1.366859 
136 1.330038 
137 1.294033 
138 1.258846 
139 1.224479 
140 1.190927 
141 1.158185 
142 1.126247 
143 1.095104 
144 1.064746 
145 1.035162 
146 1.006340 
147 0.978267 
148 0.950426 
149 0.923378 
150 0.897100 
151 0.871569 
152 0.846765 
153 0.822667 
154 0.799255 
155 0.776509 
156 0.754410 
157 0.732940 
158 0.712082 
159 0.691817 
160 0.672128 
161 0.653000 
162 0.634416 
163 0.616361 
164 0.598820 
165 0.581779 
166 0.565222 
167 0.549136 
168 0.533508 
169 0.518325 
170 0.503574 
171 0.489243 
172 0.475320 
173 0.461792 
174 0.448650 
175 0.435882 
176 0.423477 
177 0.411426 
178 0.399717 
179 0.388341 
180 0.377289 
181 0.366552 
182 0.357465 
183 0.350988 
184 0.347776 
185 0.348236 
186 0.352579 
187 0.360862 
188 0.373022 
189 0.388901 
190 0.408278 
191 0.430880 
192 0.456403 
193 0.484523 
194 0.514908 
195 0.547223 
196 0.581139 
197 0.616338 
198 0.652515 
199 0.689381 
200 0.726666 
201 0.764120 
202 0.801512 
203 0.838630 
204 0.875285 
205 0.911306 
206 0.946540 
207 0.980854 
208 1.014130 
209 1.046267 
210 1.077180 
211 1.106797 
212 1.135060 
213 1.161922 
214 1.187348 
215 1.211311 
216 1.233796 
217 1.254795 
218 1.274306 
219 1.292336 
220 1.308896 
221 1.324003 
222 1.337679 
223 1.349948 
224 1.360840 
225 1.370387 
226 1.378622 
227 1.385582 
228 1.391305 
229 1.395830 
230 1.399198 
231 1.401449 
232 1.402625 
233 1.402768 
234 1.401920 
235 1.400122 
236 1.397417 
237 1.393845 
238 1.389447 
239 1.384260 
240 1.378321 
241 1.371667 
242 1.364335 
243 1.356361 
244 1.347781 
245 1.338630 
246 1.328943 
247 1.318753 
248 1.308092 
249 1.296993 
250 1.285485 
251 1.273599 
252 1.261364 
253 1.248806 
254 1.235952 
255 1.222828 
256 1.209459 
257 1.195867 
258 1.182076 
259 1.168107 
260 1.153979 
261 1.139714 
262 1.125330 
263 1.110845 
264 1.096275 
265 1.081637 
266 1.066946 
267 1.052217 
268 1.037463 
269 1.022698 
270 1.007935 
271 0.993184 
272 0.978457 
273 0.963769 
274 0.949141 
275 0.934600 
276 0.920183 
277 0.905932 
278 0.891897 
279 0.878131 
280 0.864691 
281 0.851637 
282 0.839030 
283 0.826930 
284 0.815395 
285 0.804482 
286 0.794242 
287 0.784723 
288 0.775971 
289 0.768021 
290 0.760907 
291 0.754656 
292 0.749289 
293 0.744820 
294 0.741259 
295 0.738610 
296 0.736870 
297 0.736034 
298 0.736088 
299 0.737018 
300 0.738802 
301 0.741416 
302 0.744833 
303 0.749021 
304 0.753948 
305 0.759578 
306 0.765872 
307 0.772792 
308 0.780297 
309 0.788344 
310 0.796893 
311 0.805898 
312 0.815319 
313 0.825111 
314 0.835231 
315 0.845638 
316 0.856290 
317 0.867145 
318 0.878163 
319 0.889305 
320 0.900534 
321 0.911813 
322 0.923106 
323 0.934380 
324 0.945601 
325 0.956739 
326 0.967764 
327 0.978648 
328 0.989365 
329 0.999889 
330 1.010197 
331 1.020267 
332 1.030078 
333 1.039612 
334 1.048851 
335 1.057778 
336 1.066379 
337 1.074640 
338 1.082550 
339 1.090096 
340 1.097270 
341 1.104063 
342 1.110468 
343 1.116478 
344 1.122089 
345 1.127296 
346 1.132097 
347 1.136488 
348 1.140469 
349 1.144039 
350 1.147198 
351 1.149949 
352 1.152292 
353 1.154229 
354 1.155765 
355 1.156903 
356 1.157647 
357 1.158001 
358 1.157971 
359 1.157563 
360 1.156783 
361 1.155636 
362 1.154131 
363 1.152273 
364 1.150070 
365 1.147530 
366 1.144661 
367 1.141471 
368 1.137968 
369 1.134162 
370 1.130063 
371 1.125681 
372 1.121027 
373 1.116113 
374 1.110952 
375 1.105556 
376 1.099942 
377 1.094123 
378 1.088116 
379 1.081938 
380 1.075607 
381 1.069141 
382 1.062560 
383 1.055882 
384 1.049128 
385 1.042319 
386 1.035475 
387 1.028617 
388 1.021767 
389 1.014945 
390 1.008172 
391 1.001468 
392 0.994854 
393 0.988349 
394 0.981972 
395 0.975742 
396 0.969676 
397 0.963791 
398 0.958103 
399 0.952627 
400 0.947376 
401 0.942365 
402 0.937605 
403 0.933106 
404 0.928878 
405 0.924930 
406 0.921269 
407 0.917901 
408 0.914832 
409 0.912065 
410 0.909603 
411 0.907449 
412 0.905602 
413 0.904062 
414 0.902829 
415 0.901900 
416 0.901271 
417 0.900939 
418 0.900899 
419 0.901144 
420 0.901670 
421 0.902468 
422 0.903530 
423 0.904850 
424 0.906416 
425 0.908221 
426 0.910254 
427 0.912505 
428 0.914963 
429 0.917617 
430 0.920456 
431 0.923469 
432 0.926644 
433 0.929969 
434 0.933432 
435 0.937021 
436 0.940725 
437 0.944530 
438 0.948425 
439 0.952398 
440 0.956437 
441 0.960531 
442 0.964667 
443 0.968834 
444 0.973021 
445 0.977216 
446 0.981410 
447 0.985590 
448 0.989747 
449 0.993872 
450 0.997952 
451 1.001981 
452 1.005947 
453 1.009842 
454 1.013658 
455 1.017386 
456 1.021019 
457 1.024548 
458 1.027967 
459 1.031269 
460 1.034447 
461 1.037494 
462 1.040406 
463 1.043176 
464 1.045800 
465 1.048273 
466 1.050590 
467 1.052748 
468 1.054742 
469 1.056570 
470 1.058230 
471 1.059718 
472 1.061033 
473 1.062174 
474 1.063138 
475 1.063927 
476 1.064540 
477 1.064977 
478 1.065238 
479 1.065327 
480 1.065243 
481 1.064989 
482 1.064569 
483 1.063985 
484 1.063240 
485 1.062339 
486 1.061287 
487 1.060087 
488 1.058745 
489 1.057267 
490 1.055659 
491 1.053926 
492 1.052076 
493 1.050115 
494 1.048051 
495 1.045890 
496 1.043639 
497 1.041308 
498 1.038903 
499 1.036433 
500 1.033905 
501 1.031327 
502 1.028708 
503 1.026056 
504 1.023379 
505 1.020684 
506 1.017980 
507 1.015275 
508 1.012576 
509 1.009891 
510 1.007227 
511 1.004592 
512 1.001992 
513 0.999434 
514 0.996926 
515 0.994472 
516 0.992079 
517 0.989754 
518 0.987500 
519 0.985324 
520 0.983229 
521 0.981222 
522 0.979304 
523 0.977482 
524 0.975757 
525 0.974133 
526 0.972613 
527 0.971199 
528 0.969894 
529 0.968698 
530 0.967614 
531 0.966642 
532 0.965783 
533 0.965038 
534 0.964407 
535 0.963889 
536 0.963484 
537 0.963191 
538 0.963009 
539 0.962936 
540 0.962972 
541 0.963114 
542 0.963360 
543 0.963707 
544 0.964153 
545 0.964696 
546 0.965331 
547 0.966057 
548 0.966869 
549 0.967764 
550 0.968739 
551 0.969789 
552 0.970911 
553 0.972100 
554 0.973352 
555 0.974664 
556 0.976030 
557 0.977446 
558 0.978908 
559 0.980412 
560 0.981951 
561 0.983523 
562 0.985122 
563 0.986744 
564 0.988384 
565 0.990037 
566 0.991699 
567 0.993366 
568 0.995032 
569 0.996694 
570 0.998347 
571 0.999987 
572 1.001609 
573 1.003210 
574 1.004785 
575 1.006331 
576 1.007844 
577 1.009319 
578 1.010755 
579 1.012147 
580 1.013492 
581 1.014788 
582 1.016031 
583 1.017219 
584 1.018349 
585 1.019419 
586 1.020427 
587 1.021371 
588 1.022250 
589 1.023062 
590 1.023805 
591 1.024479 
592 1.025083 
593 1.025616 
594 1.026078 
595 1.026468 
596 1.026786 
597 1.027033 
598 1.027209 
599 1.027315 
600 1.027351 
601 1.027318 
602 1.027218 
603 1.027051 
604 1.026820 
605 1.026525 
606 1.026168 
607 1.025752 
608 1.025279 
609 1.024751 
610 1.024169 
611 1.023537 
612 1.022857 
613 1.022131 
614 1.021363 
615 1.020555 
616 1.019709 
617 1.018830 
618 1.017920 
619 1.016981 
620 1.016017 
621 1.015031 
622 1.014027 
623 1.013006 
624 1.011972 
625 1.010928 
626 1.009878 
627 1.008823 
628 1.007768 
629 1.006714 
630 1.005666 
631 1.004625 
632 1.003594 
633 1.002576 
634 1.001574 
635 1.000590 
636 0.999626 
637 0.998685 
638 0.997768 
639 0.996879 
640 0.996019 
641 0.995189 
642 0.994392 
643 0.993629 
644 0.992902 
645 0.992212 
646 0.991561 
647 0.990949 
648 0.990378 
649 0.989848 
650 0.989361 
651 0.988916 
652 0.988515 
653 0.988158 
654 0.987845 
655 0.987577 
656 0.987353 
657 0.987173 
658 0.987038 
659 0.986946 
660 0.986898 
661 0.986893 
662 0.986930 
663 0.987008 
664 0.987127 
665 0.987286 
666 0.987484 
667 0.987719 
668 0.987991 
669 0.988298 
670 0.988639 
671 0.989012 
672 0.989416 
673 0.989849 
674 0.990310 
675 0.990797 
676 0.991309 
677 0.991843 
678 0.992397 
679 0.992971 
680 0.993562 
681 0.994169 
682 0.994789 
683 0.995420 
684 0.996061 
685 0.996710 
686 0.997365 
687 0.998024 
688 0.998685 
689 0.999346 
690 1.000006 
691 1.000662 
692 1.001314 
693 1.001959 
694 1.002595 
695 1.003222 
696 1.003837 
697 1.004439 
698 1.005026 
699 1.005598 
700 1.006152 
701 1.006688 
702 1.007204 
703 1.007700 
704 1.008174 
705 1.008625 
706 1.009052 
707 1.009455 
708 1.009832 
709 1.010184 
710 1.010509 
711 1.010808 
712 1.011079 
713 1.011322 
714 1.011538 
715 1.011726 
716 1.011885 
717 1.012016 
718 1.012120 
719 1.012195 
720 1.012243 
721 1.012263 
722 1.012256 
723 1.012223 
724 1.012164 
725 1.012079 
726 1.011969 
727 1.011836 
728 1.011678 
729 1.011498 
730 1.011296 
731 1.011074 
732 1.010831 
733 1.010569 
734 1.010289 
735 1.009992 
736 1.009680 
737 1.009352 
738 1.009011 
739 1.008657 
740 1.008292 
741 1.007916 
742 1.007532 
743 1.007139 
744 1.006740 
745 1.006335 
746 1.005927 
747 1.005514 
748 1.005100 
749 1.004686 
750 1.004271 
751 1.003858 
752 1.003447 
753 1.003040 
754 1.002638 
755 1.002241 
756 1.001851 
757 1.001469 
758 1.001095 
759 1.000731 
760 1.000376 
761 1.000033 
762 0.999702 
763 0.999383 
764 0.999078 
765 0.998786 
766 0.998509 
767 0.998247 
768 0.998000 
769 0.997769 
770 0.997555 
771 0.997357 
772 0.997175 
773 0.997011 
774 0.996865 
775 0.996736 
776 0.996624 
777 0.996530 
778 0.996453 
779 0.996394 
780 0.996353 
781 0.996328 
782 0.996321 
783 0.996331 
784 0.996357 
785 0.996399 
786 0.996458 
787 0.996531 
788 0.996620 
789 0.996723 
790 0.996841 
791 0.996971 
792 0.997115 
793 0.997272 
794 0.997440 
795 0.997619 
796 0.997808 
797 0.998008 
798 0.998216 
799 0.998433 
800 0.998658 
801 0.998890 
802 0.999127 
803 0.999371 
804 0.999619 
805 0.999871 
806 1.000126 
807 1.000384 
808 1.000643 
809 1.000904 
810 1.001164 
811 1.001425 
812 1.001684 
813 1.001941 
814 1.002196 
815 1.002448 
816 1.002696 
817 1.002940 
818 1.003178 
819 1.003411 
820 1.003638 
821 1.003858 
822 1.004071 
823 1.004277 
824 1.004474 
825 1.004663 
826 1.004843 
827 1.005014 
828 1.005175 
829 1.005327 
830 1.005468 
831 1.005599 
832 1.005720 
833 1.005830 
834 1.005929 
835 1.006017 
836 1.006094 
837 1.006160 
838 1.006215 
839 1.006259 
840 1.006292 
841 1.006314 
842 1.006325 
843 1.006325 
844 1.006316 
845 1.006295 
846 1.006265 
847 1.006225 
848 1.006175 
849 1.006116 
850 1.006048 
851 1.005971 
852 1.005886 
853 1.005792 
854 1.005692 
855 1.005584 
856 1.005469 
857 1.005347 
858 1.005220 
859 1.005087 
860 1.004949 
861 1.004807 
862 1.004660 
863 1.004510 
864 1.004356 
865 1.004199 
866 1.004040 
867 1.003880 
868 1.003718 
869 1.003555 
870 1.003391 
871 1.003228 
872 1.003064 
873 1.002902 
874 1.002741 
875 1.002582 
876 1.002425 
877 1.002270 
878 1.002118 
879 1.001970 
880 1.001825 
881 1.001684 
882 1.001547 
883 1.001415 
884 1.001288 
885 1.001166 
886 1.001049 
887 1.000938 
888 1.000833 
889 1.000734 
890 1.000641 
891 1.000554 
892 1.000474 
893 1.000401 
894 1.000334 
895 1.000275 
896 1.000222 
897 1.000176 
898 1.000136 
899 1.000104 
900 1.000079 
901 1.000061 
902 1.000049 
903 1.000045 
904 1.000046 
905 1.000055 
906 1.000070 
907 1.000091 
908 1.000118 
909 1.000152 
910 1.000191 
911 1.000236 
912 1.000286 
913 1.000341 
914 1.000401 
915 1.000466 
916 1.000536 
917 1.000609 
918 1.000687 
919 1.000768 
920 1.000852 
921 1.000940 
922 1.001031 
923 1.001124 
924 1.001219 
925 1.001316 
926 1.001415 
927 1.001515 
928 1.001617 
929 1.001719 
930 1.001821 
931 1.001924 
932 1.002027 
933 1.002129 
934 1.002231 
935 1.002331 
936 1.002431 
937 1.002529 
938 1.002626 
939 1.002720 
940 1.002813 
941 1.002903 
942 1.002990 
943 1.003075 
944 1.003157 
945 1.003236 
946 1.003311 
947 1.003383 
948 1.003451 
949 1.003516 
950 1.003577 
951 1.003634 
952 1.003687 
953 1.003736 
954 1.003780 
955 1.003820 
956 1.003856 
957 1.003888 
958 1.003915 
959 1.003938 
960 1.003957 
961 1.003971 
962 1.003981 
963 1.003987 
964 1.003988 
965 1.003986 
966 1.003979 
967 1.003968 
968 1.003954 
969 1.003935 
970 1.003913 
971 1.003887 
972 1.003858 
973 1.003825 
974 1.003789 
975 1.003750 
976 1.003709 
977 1.003664 
978 1.003617 
979 1.003568 
980 1.003516 
981 1.003462 
982 1.003406 
983 1.003349 
984 1.003290 
985 1.003230 
986 1.003168 
987 1.003106 
988 1.003043 
989 1.002979 
990 1.002915 
991 1.002850 
992 1.002786 
993 1.002722 
994 1.002657 
995 1.002594 
996 1.002531 
997 1.002469 
998 1.002407 
999 1.002347 
1000 1.002288 
1001 1.002231 
1002 1.002175 
1003 1.002120 
1004 1.002068 
1005 1.002017 
1006 1.001968 
1007 1.001922 
1008 1.001877 
1009 1.001835 
1010 1.001795 
1011 1.001758 
1012 1.001723 
1013 1.001691 
1014 1.001661 
1015 1.001634 
1016 1.001610 
1017 1.001588 
1018 1.001569 
1019 1.001553 
1020 1.001539 
1021 1.001529 
1022 1.001521 
1023 1.001515 
1024 1.001513 
1025 1.001513 
1026 1.001515 
1027 1.001520 
1028 1.001528 
1029 1.001538 
1030 1.001551 
1031 1.001565 
1032 1.001582 
1033 1.001601 
1034 1.001623 
1035 1.001646 
1036 1.001671 
1037 1.001698 
1038 1.001726 
1039 1.001756 
1040 1.001788 
1041 1.001821 
1042 1.001855 
1043 1.001891 
1044 1.001927 
1045 1.001964 
1046 1.002002 
1047 1.002041 
1048 1.002081 
1049 1.002120 
1050 1.002160 
1051 1.002201 
1052 1.002241 
1053 1.002282 
1054 1.002322 
1055 1.002362 
1056 1.002402 
1057 1.002442 
1058 1.002480 
1059 1.002519 
1060 1.002556 
1061 1.002593 
1062 1.002629 
1063 1.002664 
1064 1.002697 
1065 1.002730 
1066 1.002761 
1067 1.002791 
1068 1.002820 
1069 1.002848 
1070 1.002874 
1071 1.002898 
1072 1.002921 
1073 1.002942 
1074 1.002962 
1075 1.002980 
1076 1.002996 
1077 1.003011 
1078 1.003024 
1079 1.003035 
1080 1.003045 
1081 1.003053 
1082 1.003059 
1083 1.003063 
1084 1.003066 
1085 1.003067 
1086 1.003066 
1087 1.003064 
1088 1.003061 
1089 1.003055 
1090 1.003048 
1091 1.003040 
1092 1.003030 
1093 1.003019 
1094 1.003007 
1095 1.002993 
1096 1.002978 
1097 1.002962 
1098 1.002944 
1099 1.002926 
1100 1.002907 
1101 1.002887 
1102 1.002866 
1103 1.002844 
1104 1.002822 
1105 1.002799 
1106 1.002775 
1107 1.002751 
1108 1.002726 
1109 1.002702 
1110 1.002676 
1111 1.002651 
1112 1.002626 
1113 1.002600 
1114 1.002575 
1115 1.002550 
1116 1.002524 
1117 1.002500 
1118 1.002475 
1119 1.002451 
1120 1.002427 
1121 1.002403 
1122 1.002381 
1123 1.002358 
1124 1.002337 
1125 1.002316 
1126 1.002295 
1127 1.002276 
1128 1.002257 
1129 1.002240 
1130 1.002223 
1131 1.002207 
1132 1.002192 
1133 1.002178 
1134 1.002165 
1135 1.002153 
1136 1.002142 
1137 1.002132 
1138 1.002123 
1139 1.002115 
1140 1.002108 
1141 1.002103 
1142 1.002098 
1143 1.002095 
1144 1.002092 
1145 1.002091 
1146 1.002091 
1147 1.002092 
1148 1.002093 
1149 1.002096 
1150 1.002100 
1151 1.002104 
1152 1.002110 
1153 1.002116 
1154 1.002124 
1155 1.002132 
1156 1.002141 
1157 1.002150 
1158 1.002161 
1159 1.002172 
1160 1.002184 
1161 1.002196 
1162 1.002209 
1163 1.002222 
1164 1.002236 
1165 1.002250 
1166 1.002265 
1167 1.002280 
1168 1.002295 
1169 1.002310 
1170 1.002326 
1171 1.002342 
1172 1.002358 
1173 1.002374 
1174 1.002390 
1175 1.002406 
1176 1.002421 
1177 1.002437 
1178 1.002453 
1179 1.002468 
1180 1.002483 
1181 1.002498 
1182 1.002513 
1183 1.002527 
1184 1.002541 
1185 1.002554 
1186 1.002567 
1187 1.002580 
1188 1.002592 
1189 1.002603 
1190 1.002614 
1191 1.002625 
1192 1.002635 
1193 1.002644 
1194 1.002652 
1195 1.002660 
1196 1.002668 
1197 1.002674 
1198 1.002680 
1199 1.002686 
1200 1.002690 
1201 1.002694 
1202 1.002698 
1203 1.002700 
1204 1.002702 
1205 1.002703 
1206 1.002704 
1207 1.002704 
1208 1.002703 
1209 1.002702 
1210 1.002700 
1211 1.002698 
1212 1.002694 
1213 1.002691 
1214 1.002686 
1215 1.002682 
1216 1.002676 
1217 1.002671 
1218 1.002664 
1219 1.002658 
1220 1.002651 
1221 1.002643 
1222 1.002635 
1223 1.002627 
1224 1.002618 
1225 1.002610 
1226 1.002601 
1227 1.002591 
1228 1.002582 
1229 1.002572 
1230 1.002563 
1231 1.002553 
1232 1.002543 
1233 1.002533 
1234 1.002523 
1235 1.002513 
1236 1.002503 
1237 1.002493 
1238 1.002483 
1239 1.002473 
1240 1.002463 
1241 1.002454 
1242 1.002445 
1243 1.002435 
1244 1.002427 
1245 1.002418 
1246 1.002410 
1247 1.002401 
1248 1.002394 
1249 1.002386 
1250 1.002379 
1251 1.002372 
1252 1.002366 
1253 1.002360 
1254 1.002354 
1255 1.002349 
1256 1.002344 
1257 1.002340 
1258 1.002336 
1259 1.002332 
1260 1.002329 
1261 1.002326 
1262 1.002324 
1263 1.002322 
1264 1.002320 
1265 1.002319 
1266 1.002319 
1267 1.002318 
1268 1.002319 
1269 1.002319 
1270 1.002320 
1271 1.002321 
1272 1.002323 
1273 1.002325 
1274 1.002328 
1275 1.002331 
1276 1.002334 
1277 1.002337 
1278 1.002341 
1279 1.002345 
1280 1.002349 
1281 1.002354 
1282 1.002359 
1283 1.002364 
1284 1.002369 
1285 1.002374 
1286 1.002380 
1287 1.002386 
1288 1.002392 
1289 1.002398 
1290 1.002404 
1291 1.002410 
1292 1.002416 
1293 1.002423 
1294 1.002429 
1295 1.002435 
1296 1.002442 
1297 1.002448 
1298 1.002454 
1299 1.002460 
1300 1.002466 
1301 1.002472 
1302 1.002478 
1303 1.002484 
1304 1.002490 
1305 1.002495 
1306 1.002501 
1307 1.002506 
1308 1.002511 
1309 1.002516 
1310 1.002521 
1311 1.002525 
1312 1.002529 
1313 1.002533 
1314 1.002537 
1315 1.002540 
1316 1.002543 
1317 1.002546 
1318 1.002549 
1319 1.002552 
1320 1.002554 
1321 1.002556 
1322 1.002557 
1323 1.002559 
1324 1.002560 
1325 1.002561 
1326 1.002561 
1327 1.002562 
1328 1.002562 
1329 1.002561 
1330 1.002561 
1331 1.002560 
1332 1.002559 
1333 1.002558 
1334 1.002557 
1335 1.002555 
1336 1.002553 
1337 1.002551 
1338 1.002549 
1339 1.002546 
1340 1.002544 
1341 1.002541 
1342 1.002538 
1343 1.002535 
1344 1.002532 
1345 1.002528 
1346 1.002525 
1347 1.002521 
1348 1.002517 
1349 1.002514 
1350 1.002510 
1351 1.002506 
1352 1.002502 
1353 1.002498 
1354 1.002494 
1355 1.002490 
1356 1.002486 
1357 1.002482 
1358 1.002478 
1359 1.002474 
1360 1.002470 
1361 1.002466 
1362 1.002462 
1363 1.002459 
1364 1.002455 
1365 1.002451 
1366 1.002448 
1367 1.002444 
1368 1.002441 
1369 1.002438 
1370 1.002435 
1371 1.002432 
1372 1.002429 
1373 1.002427 
1374 1.002424 
1375 1.002422 
1376 1.002420 
1377 1.002418 
1378 1.002416 
1379 1.002414 
1380 1.002413 
1381 1.002412 
1382 1.002411 
1383 1.002410 
1384 1.002409 
1385 1.002408 
1386 1.002408 
1387 1.002407 
1388 1.002407 
1389 1.002407 
1390 1.002408 
1391 1.002408 
1392 1.002408 
1393 1.002409 
1394 1.002410 
1395 1.002411 
1396 1.002412 
1397 1.002413 
1398 1.002415 
1399 1.002416 
1400 1.002418 
1401 1.002420 
1402 1.002421 
1403 1.002423 
1404 1.002425 
1405 1.002428 
1406 1.002430 
1407 1.002432 
1408 1.002434 
1409 1.002437 
1410 1.002439 
1411 1.002442 
1412 1.002444 
1413 1.002447 
1414 1.002449 
1415 1.002452 
1416 1.002455 
1417 1.002457 
1418 1.002460 
1419 1.002462 
1420 1.002465 
1421 1.002467 
1422 1.002470 
1423 1.002472 
1424 1.002475 
1425 1.002477 
1426 1.002479 
1427 1.002482 
1428 1.002484 
1429 1.002486 
1430 1.002488 
1431 1.002490 
1432 1.002492 
1433 1.002493 
1434 1.002495 
1435 1.002497 
1436 1.002498 
1437 1.002499 
1438 1.002501 
1439 1.002502 
1440 1.002503 
1441 1.002504 
1442 1.002504 
1443 1.002505 
1444 1.002506 
1445 1.002506 
1446 1.002506 
1447 1.002507 
1448 1.002507 
1449 1.002507 
1450 1.002507 
1451 1.002506 
1452 1.002506 
1453 1.002506 
1454 1.002505 
1455 1.002505 
1456 1.002504 
1457 1.002503 
1458 1.002502 
1459 1.002501 
1460 1.002500 
1461 1.002499 
1462 1.002498 
1463 1.002497 
1464 1.002495 
1465 1.002494 
1466 1.002492 
1467 1.002491 
1468 1.002489 
1469 1.002488 
1470 1.002486 
1471 1.002484 
1472 1.002483 
1473 1.002481 
1474 1.002479 
1475 1.002478 
1476 1.002476 
1477 1.002474 
1478 1.002472 
1479 1.002471 
1480 1.002469 
1481 1.002467 
1482 1.002465 
1483 1.002464 
1484 1.002462 
1485 1.002461 
1486 1.002459 
1487 1.002458 
1488 1.002456 
1489 1.002455 
1490 1.002453 
1491 1.002452 
1492 1.002451 
1493 1.002449 
1494 1.002448 
1495 1.002447 
1496 1.002446 
1497 1.002445 
1498 1.002444 
1499 1.002444 
1500 1.002443 
1501 1.002442 
1502 1.002442 
1503 1.002441 
1504 1.002441 
1505 1.002441 
1506 1.002440 
1507 1.002440 
1508 1.002440 
1509 1.002440 
1510 1.002440 
1511 1.002440 
1512 1.002440 
1513 1.002441 
1514 1.002441 
1515 1.002442 
1516 1.002442 
1517 1.002443 
1518 1.002443 
1519 1.002444 
1520 1.002445 
1521 1.002446 
1522 1.002446 
1523 1.002447 
1524 1.002448 
1525 1.002449 
1526 1.002450 
1527 1.002451 
1528 1.002452 
1529 1.002454 
1530 1.002455 
1531 1.002456 
1532 1.002457 
1533 1.002459 
1534 1.002460 
1535 1.002461 
1536 1.002462 
1537 1.002464 
1538 1.002465 
1539 1.002466 
1540 1.002467 
1541 1.002469 
1542 1.002470 
1543 1.002471 
1544 1.002472 
1545 1.002474 
1546 1.002475 
1547 1.002476 
1548 1.002477 
1549 1.002478 
1550 1.002479 
1551 1.002480 
1552 1.002481 
1553 1.002482 
1554 1.002483 
1555 1.002484 
1556 1.002484 
1557 1.002485 
1558 1.002486 
1559 1.002486 
1560 1.002487 
1561 1.002487 
1562 1.002488 
1563 1.002488 
1564 1.002488 
1565 1.002488 
1566 1.002489 
1567 1.002489 
1568 1.002489 
1569 1.002489 
1570 1.002489 
1571 1.002489 
1572 1.002488 
1573 1.002488 
1574 1.002488 
1575 1.002487 
1576 1.002487 
1577 1.002487 
1578 1.002486 
1579 1.002485 
1580 1.002485 
1581 1.002484 
1582 1.002483 
1583 1.002483 
1584 1.002482 
1585 1.002481 
1586 1.002480 
1587 1.002479 
1588 1.002478 
1589 1.002477 
1590 1.002476 
1591 1.002475 
1592 1.002474 
1593 1.002473 
1594 1.002472 
1595 1.002471 
1596 1.002470 
1597 1.002469 
1598 1.002468 
1599 1.002467 
1600 1.002465 
1601 1.002464 
1602 1.002463 
1603 1.002462 
1604 1.002461 
1605 1.002460 
1606 1.002459 
1607 1.002458 
1608 1.002457 
1609 1.002456 
1610 1.002455 
1611 1.002455 
1612 1.002454 
1613 1.002453 
1614 1.002452 
1615 1.002452 
1616 1.002451 
1617 1.002450 
1618 1.002450 
1619 1.002449 
1620 1.002449 
1621 1.002448 
1622 1.002448 
1623 1.002448 
1624 1.002448 
1625 1.002447 
1626 1.002447 
1627 1.002447 
1628 1.002447 
1629 1.002447 
1630 1.002447 
1631 1.002448 
1632 1.002448 
1633 1.002448 
1634 1.002448 
1635 1.002449 
1636 1.002449 
1637 1.002450 
1638 1.002450 
1639 1.002451 
1640 1.002452 
1641 1.002452 
1642 1.002453 
1643 1.002454 
1644 1.002455 
1645 1.002456 
1646 1.002456 
1647 1.002457 
1648 1.002458 
1649 1.002459 
1650 1.002460 
1651 1.002462 
1652 1.002463 
1653 1.002464 
1654 1.002465 
1655 1.002466 
1656 1.002467 
1657 1.002468 
1658 1.002469 
1659 1.002471 
1660 1.002472 
1661 1.002473 
1662 1.002474 
1663 1.002475 
1664 1.002476 
1665 1.002477 
1666 1.002478 
1667 1.002479 
1668 1.002480 
1669 1.002481 
1670 1.002482 
1671 1.002483 
1672 1.002484 
1673 1.002485 
1674 1.002486 
1675 1.002487 
1676 1.002487 
1677 1.002488 
1678 1.002489 
1679 1.002489 
1680 1.002490 
1681 1.002490 
1682 1.002490 
1683 1.002491 
1684 1.002491 
1685 1.002491 
1686 1.002491 
1687 1.002491 
1688 1.002491 
1689 1.002491 
1690 1.002491 
1691 1.002491 
1692 1.002490 
1693 1.002490 
1694 1.002489 
1695 1.002489 
1696 1.002488 
1697 1.002488 
1698 1.002487 
1699 1.002486 
1700 1.002485 
1701 1.002484 
1702 1.002484 
1703 1.002483 
1704 1.002481 
1705 1.002480 
1706 1.002479 
1707 1.002478 
1708 1.002477 
1709 1.002476 
1710 1.002474 
1711 1.002473 
1712 1.002471 
1713 1.002470 
1714 1.002469 
1715 1.002467 
1716 1.002466 
1717 1.002464 
1718 1.002463 
1719 1.002461 
1720 1.002460 
1721 1.002458 
1722 1.002457 
1723 1.002456 
1724 1.002454 
1725 1.002453 
1726 1.002451 
1727 1.002450 
1728 1.002449 
1729 1.002447 
1730 1.002446 
1731 1.002445 
1732 1.002444 
1733 1.002443 
1734 1.002442 
1735 1.002441 
1736 1.002440 
1737 1.002439 
1738 1.002438 
1739 1.002438 
1740 1.002437 
1741 1.002436 
1742 1.002436 
1743 1.002436 
1744 1.002435 
1745 1.002435 
1746 1.002435 
1747 1.002435 
1748 1.002435 
1749 1.002435 
1750 1.002435 
1751 1.002436 
1752 1.002436 
1753 1.002437 
1754 1.002437 
1755 1.002438 
1756 1.002439 
1757 1.002440 
1758 1.002441 
1759 1.002442 
1760 1.002443 
1761 1.002444 
1762 1.002446 
1763 1.002447 
1764 1.002448 
1765 1.002450 
1766 1.002452 
1767 1.002453 
1768 1.002455 
1769 1.002457 
1770 1.002459 
1771 1.002461 
1772 1.002463 
1773 1.002465 
1774 1.002467 
1775 1.002469 
1776 1.002471 
1777 1.002473 
1778 1.002475 
1779 1.002477 
1780 1.002479 
1781 1.002481 
1782 1.002483 
1783 1.002485 
1784 1.002487 
1785 1.002489 
1786 1.002491 
1787 1.002493 
1788 1.002495 
1789 1.002497 
1790 1.002499 
1791 1.002501 
1792 1.002502 
1793 1.002504 
1794 1.002505 
1795 1.002507 
1796 1.002508 
1797 1.002509 
1798 1.002511 
1799 1.002512 
1800 1.002513 
1801 1.002513 
1802 1.002514 
1803 1.002515 
1804 1.002515 
1805 1.002515 
1806 1.002516 
1807 1.002516 
1808 1.002516 
1809 1.002515 
1810 1.002515 
1811 1.002515 
1812 1.002514 
1813 1.002513 
1814 1.002512 
1815 1.002511 
1816 1.002510 
1817 1.002509 
1818 1.002507 
1819 1.002506 
1820 1.002504 
1821 1.002502 
1822 1.002500 
1823 1.002498 
1824 1.002496 
1825 1.002494 
1826 1.002491 
1827 1.002489 
1828 1.002486 
1829 1.002484 
1830 1.002481 
1831 1.002478 
1832 1.002475 
1833 1.002472 
1834 1.002469 
1835 1.002466 
1836 1.002463 
1837 1.002460 
1838 1.002457 
1839 1.002453 
1840 1.002450 
1841 1.002447 
1842 1.002444 
1843 1.002441 
1844 1.002437 
1845 1.002434 
1846 1.002431 
1847 1.002428 
1848 1.002425 
1849 1.002422 
1850 1.002420 
1851 1.002417 
1852 1.002414 
1853 1.002412 
1854 1.002409 
1855 1.002407 
1856 1.002405 
1857 1.002403 
1858 1.002401 
1859 1.002400 
1860 1.002398 
1861 1.002397 
1862 1.002396 
1863 1.002395 
1864 1.002394 
1865 1.002393 
1866 1.002393 
1867 1.002393 
1868 1.002393 
1869 1.002393 
1870 1.002393 
1871 1.002394 
1872 1.002395 
1873 1.002396 
1874 1.002397 
1875 1.002398 
1876 1.002400 
1877 1.002402 
1878 1.002404 
1879 1.002406 
1880 1.002409 
1881 1.002412 
1882 1.002415 
1883 1.002418 
1884 1.002421 
1885 1.002425 
1886 1.002428 
1887 1.002432 
1888 1.002436 
1889 1.002440 
1890 1.002444 
1891 1.002449 
1892 1.002453 
1893 1.002458 
1894 1.002463 
1895 1.002467 
1896 1.002472 
1897 1.002477 
1898 1.002482 
1899 1.002487 
1900 1.002492 
1901 1.002497 
1902 1.002502 
1903 1.002507 
1904 1.002512 
1905 1.002517 
1906 1.002522 
1907 1.002527 
1908 1.002532 
1909 1.002536 
1910 1.002541 
1911 1.002545 
1912 1.002549 
1913 1.002553 
1914 1.002557 
1915 1.002561 
1916 1.002564 
1917 1.002567 
1918 1.002570 
1919 1.002573 
1920 1.002575 
1921 1.002578 
1922 1.002580 
1923 1.002581 
1924 1.002583 
1925 1.002584 
1926 1.002585 
1927 1.002585 
1928 1.002585 
1929 1.002585 
1930 1.002585 
1931 1.002584 
1932 1.002583 
1933 1.002581 
1934 1.002579 
1935 1.002577 
1936 1.002575 
1937 1.002572 
1938 1.002569 
1939 1.002565 
1940 1.002561 
1941 1.002557 
1942 1.002553 
1943 1.002548 
1944 1.002543 
1945 1.002538 
1946 1.002532 
1947 1.002526 
1948 1.002520 
1949 1.002514 
1950 1.002507 
1951 1.002501 
1952 1.002494 
1953 1.002487 
1954 1.002479 
1955 1.002472 
1956 1.002464 
1957 1.002456 
1958 1.002449 
1959 1.002441 
1960 1.002433 
1961 1.002425 
1962 1.002417 
1963 1.002409 
1964 1.002401 
1965 1.002393 
1966 1.002386 
1967 1.002378 
1968 1.002370 
1969 1.002363 
1970 1.002356 
1971 1.002349 
1972 1.002342 
1973 1.002336 
1974 1.002329 
1975 1.002323 
1976 1.002318 
1977 1.002312 
1978 1.002307 
1979 1.002303 
1980 1.002298 
1981 1.002294 
1982 1.002291 
1983 1.002288 
1984 1.002285 
1985 1.002283 
1986 1.002282 
1987 1.002281 
1988 1.002280 
1989 1.002280 
1990 1.002280 
1991 1.002281 
1992 1.002283 
1993 1.002285 
1994 1.002287 
1995 1.002290 
1996 1.002294 
1997 1.002298 
1998 1.002303 
1999 1.002308 
