0 0.000000 
1 0.000000 
2 0.000000 
3 0.000000 
4 0.000000 
5 0.000000 
6 0.000000 
7 0.000000 
8 0.000000 
9 0.000000 
10 0.000000 
11 0.000000 
12 0.000000 
13 0.000000 
14 0.000000 
15 0.000000 
16 0.000000 
17 0.000000 
18 0.000000 
19 0.000000 
20 0.000000 
21 0.000000 
22 0.000000 
23 0.000000 
24 0.000000 
25 0.000000 
26 0.000000 
27 0.000000 
28 0.000000 
29 0.000000 
30 0.000000 
31 0.000000 
32 0.000000 
33 0.000000 
34 0.000000 
35 0.000000 
36 0.000000 
37 0.000000 
38 0.000000 
39 0.000000 
40 0.000000 
41 0.000000 
42 0.000000 
43 0.000000 
44 0.000000 
45 0.000000 
46 0.000000 
47 0.000000 
48 0.000000 
49 0.000000 
50 0.000000 
51 0.000000 
52 0.000000 
53 0.000000 
54 0.000000 
55 0.000000 
56 0.000000 
57 0.000000 
58 0.000000 
59 0.000000 
60 0.000000 
61 0.000000 
62 0.000000 
63 0.000000 
64 0.000000 
65 0.000000 
66 0.000000 
67 0.000000 
68 0.000000 
69 0.000000 
70 0.000000 
71 0.000000 
72 0.000000 
73 0.000000 
74 0.000000 
75 0.000000 
76 0.000000 
77 0.000000 
78 0.000000 
79 0.000000 
80 0.000000 
81 0.000000 
82 0.000000 
83 0.000000 
84 0.000000 
85 0.000000 
86 0.000000 
87 0.000000 
88 0.000000 
89 0.000000 
90 0.000000 
91 0.017753 
92 0.035507 
93 0.053260 
94 0.071013 
95 0.088767 
96 0.106520 
97 0.124273 
98 0.142027 
99 0.159780 
100 0.177534 
101 0.195287 
102 0.213040 
103 0.230794 
104 0.248547 
105 0.266300 
106 0.284054 
107 0.301807 
108 0.319560 
109 0.337314 
110 0.355067 
111 0.372820 
112 0.390574 
113 0.408327 
114 0.426080 
115 0.443834 
116 0.461587 
117 0.479340 
118 0.497094 
119 0.514847 
120 0.532601 
121 0.550354 
122 0.568107 
123 0.585861 
124 0.603614 
125 0.621367 
126 0.639121 
127 0.656874 
128 0.674627 
129 0.692381 
130 0.710134 
131 0.727887 
132 0.745641 
133 0.763394 
134 0.781147 
135 0.798901 
136 0.816654 
137 0.834407 
138 0.852161 
139 0.869914 
140 0.887668 
141 0.905421 
142 0.923174 
143 0.940928 
144 0.958681 
145 0.976434 
146 0.994188 
147 1.011941 
148 1.011941 
149 1.011941 
150 1.011941 
151 1.011941 
152 1.011941 
153 1.011941 
154 1.011941 
155 1.011941 
156 1.011941 
157 1.011941 
158 1.011941 
159 1.011941 
160 1.011941 
161 1.011941 
162 1.011941 
163 1.011941 
164 1.011941 
165 1.011941 
166 1.011941 
167 1.011941 
168 1.011941 
169 1.011941 
170 1.011941 
171 1.011941 
172 1.011941 
173 1.011941 
174 1.011941 
175 1.011941 
176 1.011941 
177 1.011941 
178 1.011941 
179 1.011941 
180 1.011941 
181 1.011941 
182 1.011941 
183 1.011941 
184 1.011941 
185 1.011941 
186 1.011941 
187 1.011941 
188 1.011941 
189 1.011941 
190 1.011941 
191 1.011941 
192 1.011941 
193 1.011941 
194 1.011941 
195 1.011941 
196 1.011941 
197 1.011941 
198 1.011941 
199 1.011941 
200 1.011941 
201 1.011941 
202 1.011941 
203 1.011941 
204 1.011941 
205 1.011941 
206 1.011941 
207 1.011941 
208 1.011941 
209 1.011941 
210 1.011941 
211 1.011941 
212 1.011941 
213 1.011941 
214 1.011941 
215 1.011941 
216 1.011941 
217 1.011941 
218 1.011941 
219 1.011941 
220 1.011941 
221 1.011941 
222 1.011941 
223 1.011941 
224 1.011941 
225 1.011941 
226 1.011941 
227 1.011941 
228 1.011941 
229 1.011941 
230 1.011941 
231 1.011941 
232 1.011941 
233 1.011941 
234 1.011941 
235 1.011941 
236 1.011941 
237 1.011941 
238 1.011941 
239 1.011941 
240 1.011941 
241 1.011941 
242 1.011941 
243 1.011941 
244 1.011941 
245 1.011941 
246 1.011941 
247 1.011941 
248 1.011941 
249 1.011941 
250 1.011941 
251 1.011941 
252 1.011941 
253 1.011941 
254 1.011941 
255 1.011941 
256 1.011941 
257 1.011941 
258 1.011941 
259 1.011941 
260 1.011941 
261 1.011941 
262 1.011941 
263 1.011941 
264 1.011941 
265 1.011941 
266 1.011941 
267 1.011941 
268 1.011941 
269 1.011941 
270 1.011941 
271 1.011941 
272 1.011941 
273 1.011941 
274 1.011941 
275 1.011941 
276 1.011941 
277 1.011941 
278 1.011941 
279 1.011941 
280 1.011941 
281 1.011941 
282 1.011941 
283 1.011941 
284 1.011941 
285 1.011941 
286 1.011941 
287 1.011941 
288 1.011941 
289 1.011941 
290 1.011941 
291 1.011941 
292 1.011941 
293 1.011941 
294 1.011941 
295 1.011941 
296 1.011941 
297 1.011941 
298 1.011941 
299 1.011941 
300 1.011941 
301 1.011941 
302 1.011941 
303 1.011941 
304 1.011941 
305 1.011941 
306 1.011941 
307 1.011941 
308 1.011941 
309 1.011941 
310 1.011941 
311 1.011941 
312 1.011941 
313 1.011941 
314 1.011941 
315 1.011941 
316 1.011941 
317 1.011941 
318 1.011941 
319 1.011941 
320 1.011941 
321 1.011941 
322 1.011941 
323 1.011941 
324 1.011941 
325 1.011941 
326 1.011941 
327 1.011941 
328 1.011941 
329 1.011941 
330 1.011941 
331 1.011941 
332 1.011941 
333 1.011941 
334 1.011941 
335 1.011941 
336 1.011941 
337 1.011941 
338 1.011941 
339 1.011941 
340 1.011941 
341 1.011941 
342 1.011941 
343 1.011941 
344 1.011941 
345 1.011941 
346 1.011941 
347 1.011941 
348 1.011941 
349 1.011941 
350 1.011941 
351 1.011941 
352 1.011941 
353 1.011941 
354 1.011941 
355 1.011941 
356 1.011941 
357 1.011941 
358 1.011941 
359 1.011941 
360 1.011941 
361 1.011941 
362 1.011941 
363 1.011941 
364 1.011941 
365 1.011941 
366 1.011941 
367 1.011941 
368 1.011941 
369 1.011941 
370 1.011941 
371 1.011941 
372 1.011941 
373 1.011941 
374 1.011941 
375 1.011941 
376 1.011941 
377 1.011941 
378 1.011941 
379 1.011941 
380 1.011941 
381 1.011941 
382 1.011941 
383 1.011941 
384 1.011941 
385 1.011941 
386 1.011941 
387 1.011941 
388 1.011941 
389 1.011941 
390 1.011941 
391 1.011941 
392 1.011941 
393 1.011941 
394 1.011941 
395 1.011941 
396 1.011941 
397 1.011941 
398 1.011941 
399 1.011941 
400 1.011941 
401 1.011941 
402 1.011941 
403 1.011941 
404 1.011941 
405 1.011941 
406 1.011941 
407 1.011941 
408 1.011941 
409 1.011941 
410 1.011941 
411 1.011941 
412 1.011941 
413 1.011941 
414 1.011941 
415 1.011941 
416 1.011941 
417 1.011941 
418 1.011941 
419 1.011941 
420 1.011941 
421 1.011941 
422 1.011941 
423 1.011941 
424 1.011941 
425 1.011941 
426 1.011941 
427 1.011941 
428 1.011941 
429 1.011941 
430 1.011941 
431 1.011941 
432 1.011941 
433 1.011941 
434 1.011941 
435 1.011941 
436 1.011941 
437 1.011941 
438 1.011941 
439 1.011941 
440 1.011941 
441 1.011941 
442 1.011941 
443 1.011941 
444 1.011941 
445 1.011941 
446 1.011941 
447 1.011941 
448 1.011941 
449 1.011941 
450 1.011941 
451 1.011941 
452 1.011941 
453 1.011941 
454 1.011941 
455 1.011941 
456 1.011941 
457 1.011941 
458 1.011941 
459 1.011941 
460 1.011941 
461 1.011941 
462 1.011941 
463 1.011941 
464 1.011941 
465 1.011941 
466 1.011941 
467 1.011941 
468 1.011941 
469 1.011941 
470 1.011941 
471 1.011941 
472 1.011941 
473 1.011941 
474 1.011941 
475 1.011941 
476 1.011941 
477 1.011941 
478 1.011941 
479 1.011941 
480 1.011941 
481 1.011941 
482 1.011941 
483 1.011941 
484 1.011941 
485 1.011941 
486 1.011941 
487 1.011941 
488 1.011941 
489 1.011941 
490 1.011941 
491 1.011941 
492 1.011941 
493 1.011941 
494 1.011941 
495 1.011941 
496 1.011941 
497 1.011941 
498 1.011941 
499 1.011941 
500 1.011941 
501 1.011941 
502 1.011941 
503 1.011941 
504 1.011941 
505 1.011941 
506 1.011941 
507 1.011941 
508 1.011941 
509 1.011941 
510 1.011941 
511 1.011941 
512 1.011941 
513 1.011941 
514 1.011941 
515 1.011941 
516 1.011941 
517 1.011941 
518 1.011941 
519 1.011941 
520 1.011941 
521 1.011941 
522 1.011941 
523 1.011941 
524 1.011941 
525 1.011941 
526 1.011941 
527 1.011941 
528 1.011941 
529 1.011941 
530 1.011941 
531 1.011941 
532 1.011941 
533 1.011941 
534 1.011941 
535 1.011941 
536 1.011941 
537 1.011941 
538 1.011941 
539 1.011941 
540 1.011941 
541 1.011941 
542 1.011941 
543 1.011941 
544 1.011941 
545 1.011941 
546 1.011941 
547 1.011941 
548 1.011941 
549 1.011941 
550 1.011941 
551 1.011941 
552 1.011941 
553 1.011941 
554 1.011941 
555 1.011941 
556 1.011941 
557 1.011941 
558 1.011941 
559 1.011941 
560 1.011941 
561 1.011941 
562 1.011941 
563 1.011941 
564 1.011941 
565 1.011941 
566 1.011941 
567 1.011941 
568 1.011941 
569 1.011941 
570 1.011941 
571 1.011941 
572 1.011941 
573 1.011941 
574 1.011941 
575 1.011941 
576 1.011941 
577 1.011941 
578 1.011941 
579 1.011941 
580 1.011941 
581 1.011941 
582 1.011941 
583 1.011941 
584 1.011941 
585 1.011941 
586 1.011941 
587 1.011941 
588 1.011941 
589 1.011941 
590 1.011941 
591 1.011941 
592 1.011941 
593 1.011941 
594 1.011941 
595 1.011941 
596 1.011941 
597 1.011941 
598 1.011941 
599 1.011941 
600 1.011941 
601 1.011941 
602 1.011941 
603 1.011941 
604 1.011941 
605 1.011941 
606 1.011941 
607 1.011941 
608 1.011941 
609 1.011941 
610 1.011941 
611 1.011941 
612 1.011941 
613 1.011941 
614 1.011941 
615 1.011941 
616 1.011941 
617 1.011941 
618 1.011941 
619 1.011941 
620 1.011941 
621 1.011941 
622 1.011941 
623 1.011941 
624 1.011941 
625 1.011941 
626 1.011941 
627 1.011941 
628 1.011941 
629 1.011941 
630 1.011941 
631 1.011941 
632 1.011941 
633 1.011941 
634 1.011941 
635 1.011941 
636 1.011941 
637 1.011941 
638 1.011941 
639 1.011941 
640 1.011941 
641 1.011941 
642 1.011941 
643 1.011941 
644 1.011941 
645 1.011941 
646 1.011941 
647 1.011941 
648 1.011941 
649 1.011941 
650 1.011941 
651 1.011941 
652 1.011941 
653 1.011941 
654 1.011941 
655 1.011941 
656 1.011941 
657 1.011941 
658 1.011941 
659 1.011941 
660 1.011941 
661 1.011941 
662 1.011941 
663 1.011941 
664 1.011941 
665 1.011941 
666 1.011941 
667 1.011941 
668 1.011941 
669 1.011941 
670 1.011941 
671 1.011941 
672 1.011941 
673 1.011941 
674 1.011941 
675 1.011941 
676 1.011941 
677 1.011941 
678 1.011941 
679 1.011941 
680 1.011941 
681 1.011941 
682 1.011941 
683 1.011941 
684 1.011941 
685 1.011941 
686 1.011941 
687 1.011941 
688 1.011941 
689 1.011941 
690 1.011941 
691 1.011941 
692 1.011941 
693 1.011941 
694 1.011941 
695 1.011941 
696 1.011941 
697 1.011941 
698 1.011941 
699 1.011941 
700 1.011941 
701 1.011941 
702 1.011941 
703 1.011941 
704 1.011941 
705 1.011941 
706 1.011941 
707 1.011941 
708 1.011941 
709 1.011941 
710 1.011941 
711 1.011941 
712 1.011941 
713 1.011941 
714 1.011941 
715 1.011941 
716 1.011941 
717 1.011941 
718 1.011941 
719 1.011941 
720 1.011941 
721 1.011941 
722 1.011941 
723 1.011941 
724 1.011941 
725 1.011941 
726 1.011941 
727 1.011941 
728 1.011941 
729 1.011941 
730 1.011941 
731 1.011941 
732 1.011941 
733 1.011941 
734 1.011941 
735 1.011941 
736 1.011941 
737 1.011941 
738 1.011941 
739 1.011941 
740 1.011941 
741 1.011941 
742 1.011941 
743 1.011941 
744 1.011941 
745 1.011941 
746 1.011941 
747 1.011941 
748 1.011941 
749 1.011941 
750 1.011941 
751 1.011941 
752 1.011941 
753 1.011941 
754 1.011941 
755 1.011941 
756 1.011941 
757 1.011941 
758 1.011941 
759 1.011941 
760 1.011941 
761 1.011941 
762 1.011941 
763 1.011941 
764 1.011941 
765 1.011941 
766 1.011941 
767 1.011941 
768 1.011941 
769 1.011941 
770 1.011941 
771 1.011941 
772 1.011941 
773 1.011941 
774 1.011941 
775 1.011941 
776 1.011941 
777 1.011941 
778 1.011941 
779 1.011941 
780 1.011941 
781 1.011941 
782 1.011941 
783 1.011941 
784 1.011941 
785 1.011941 
786 1.011941 
787 1.011941 
788 1.011941 
789 1.011941 
790 1.011941 
791 1.011941 
792 1.011941 
793 1.011941 
794 1.011941 
795 1.011941 
796 1.011941 
797 1.011941 
798 1.011941 
799 1.011941 
800 1.011941 
801 1.011941 
802 1.011941 
803 1.011941 
804 1.011941 
805 1.011941 
806 1.011941 
807 1.011941 
808 1.011941 
809 1.011941 
810 1.011941 
811 1.011941 
812 1.011941 
813 1.011941 
814 1.011941 
815 1.011941 
816 1.011941 
817 1.011941 
818 1.011941 
819 1.011941 
820 1.011941 
821 1.011941 
822 1.011941 
823 1.011941 
824 1.011941 
825 1.011941 
826 1.011941 
827 1.011941 
828 1.011941 
829 1.011941 
830 1.011941 
831 1.011941 
832 1.011941 
833 1.011941 
834 1.011941 
835 1.011941 
836 1.011941 
837 1.011941 
838 1.011941 
839 1.011941 
840 1.011941 
841 1.011941 
842 1.011941 
843 1.011941 
844 1.011941 
845 1.011941 
846 1.011941 
847 1.011941 
848 1.011941 
849 1.011941 
850 1.011941 
851 1.011941 
852 1.011941 
853 1.011941 
854 1.011941 
855 1.011941 
856 1.011941 
857 1.011941 
858 1.011941 
859 1.011941 
860 1.011941 
861 1.011941 
862 1.011941 
863 1.011941 
864 1.011941 
865 1.011941 
866 1.011941 
867 1.011941 
868 1.011941 
869 1.011941 
870 1.011941 
871 1.011941 
872 1.011941 
873 1.011941 
874 1.011941 
875 1.011941 
876 1.011941 
877 1.011941 
878 1.011941 
879 1.011941 
880 1.011941 
881 1.011941 
882 1.011941 
883 1.011941 
884 1.011941 
885 1.011941 
886 1.011941 
887 1.011941 
888 1.011941 
889 1.011941 
890 1.011941 
891 1.011941 
892 1.011941 
893 1.011941 
894 1.011941 
895 1.011941 
896 1.011941 
897 1.011941 
898 1.011941 
899 1.011941 
900 1.011941 
901 1.011941 
902 1.011941 
903 1.011941 
904 1.011941 
905 1.011941 
906 1.011941 
907 1.011941 
908 1.011941 
909 1.011941 
910 1.011941 
911 1.011941 
912 1.011941 
913 1.011941 
914 1.011941 
915 1.011941 
916 1.011941 
917 1.011941 
918 1.011941 
919 1.011941 
920 1.011941 
921 1.011941 
922 1.011941 
923 1.011941 
924 1.011941 
925 1.011941 
926 1.011941 
927 1.011941 
928 1.011941 
929 1.011941 
930 1.011941 
931 1.011941 
932 1.011941 
933 1.011941 
934 1.011941 
935 1.011941 
936 1.011941 
937 1.011941 
938 1.011941 
939 1.011941 
940 1.011941 
941 1.011941 
942 1.011941 
943 1.011941 
944 1.011941 
945 1.011941 
946 1.011941 
947 1.011941 
948 1.011941 
949 1.011941 
950 1.011941 
951 1.011941 
952 1.011941 
953 1.011941 
954 1.011941 
955 1.011941 
956 1.011941 
957 1.011941 
958 1.011941 
959 1.011941 
960 1.011941 
961 1.011941 
962 1.011941 
963 1.011941 
964 1.011941 
965 1.011941 
966 1.011941 
967 1.011941 
968 1.011941 
969 1.011941 
970 1.011941 
971 1.011941 
972 1.011941 
973 1.011941 
974 1.011941 
975 1.011941 
976 1.011941 
977 1.011941 
978 1.011941 
979 1.011941 
980 1.011941 
981 1.011941 
982 1.011941 
983 1.011941 
984 1.011941 
985 1.011941 
986 1.011941 
987 1.011941 
988 1.011941 
989 1.011941 
990 1.011941 
991 1.011941 
992 1.011941 
993 1.011941 
994 1.011941 
995 1.011941 
996 1.011941 
997 1.011941 
998 1.011941 
999 1.011941 
1000 1.011941 
1001 1.011941 
1002 1.011941 
1003 1.011941 
1004 1.011941 
1005 1.011941 
1006 1.011941 
1007 1.011941 
1008 1.011941 
1009 1.011941 
1010 1.011941 
1011 1.011941 
1012 1.011941 
1013 1.011941 
1014 1.011941 
1015 1.011941 
1016 1.011941 
1017 1.011941 
1018 1.011941 
1019 1.011941 
1020 1.011941 
1021 1.011941 
1022 1.011941 
1023 1.011941 
1024 1.011941 
1025 1.011941 
1026 1.011941 
1027 1.011941 
1028 1.011941 
1029 1.011941 
1030 1.011941 
1031 1.011941 
1032 1.011941 
1033 1.011941 
1034 1.011941 
1035 1.011941 
1036 1.011941 
1037 1.011941 
1038 1.011941 
1039 1.011941 
1040 1.011941 
1041 1.011941 
1042 1.011941 
1043 1.011941 
1044 1.011941 
1045 1.011941 
1046 1.011941 
1047 1.011941 
1048 1.011941 
1049 1.011941 
1050 1.011941 
1051 1.011941 
1052 1.011941 
1053 1.011941 
1054 1.011941 
1055 1.011941 
1056 1.011941 
1057 1.011941 
1058 1.011941 
1059 1.011941 
1060 1.011941 
1061 1.011941 
1062 1.011941 
1063 1.011941 
1064 1.011941 
1065 1.011941 
1066 1.011941 
1067 1.011941 
1068 1.011941 
1069 1.011941 
1070 1.011941 
1071 1.011941 
1072 1.011941 
1073 1.011941 
1074 1.011941 
1075 1.011941 
1076 1.011941 
1077 1.011941 
1078 1.011941 
1079 1.011941 
1080 1.011941 
1081 1.011941 
1082 1.011941 
1083 1.011941 
1084 1.011941 
1085 1.011941 
1086 1.011941 
1087 1.011941 
1088 1.011941 
1089 1.011941 
1090 1.011941 
1091 1.011941 
1092 1.011941 
1093 1.011941 
1094 1.011941 
1095 1.011941 
1096 1.011941 
1097 1.011941 
1098 1.011941 
1099 1.011941 
1100 1.011941 
1101 1.011941 
1102 1.011941 
1103 1.011941 
1104 1.011941 
1105 1.011941 
1106 1.011941 
1107 1.011941 
1108 1.011941 
1109 1.011941 
1110 1.011941 
1111 1.011941 
1112 1.011941 
1113 1.011941 
1114 1.011941 
1115 1.011941 
1116 1.011941 
1117 1.011941 
1118 1.011941 
1119 1.011941 
1120 1.011941 
1121 1.011941 
1122 1.011941 
1123 1.011941 
1124 1.011941 
1125 1.011941 
1126 1.011941 
1127 1.011941 
1128 1.011941 
1129 1.011941 
1130 1.011941 
1131 1.011941 
1132 1.011941 
1133 1.011941 
1134 1.011941 
1135 1.011941 
1136 1.011941 
1137 1.011941 
1138 1.011941 
1139 1.011941 
1140 1.011941 
1141 1.011941 
1142 1.011941 
1143 1.011941 
1144 1.011941 
1145 1.011941 
1146 1.011941 
1147 1.011941 
1148 1.011941 
1149 1.011941 
1150 1.011941 
1151 1.011941 
1152 1.011941 
1153 1.011941 
1154 1.011941 
1155 1.011941 
1156 1.011941 
1157 1.011941 
1158 1.011941 
1159 1.011941 
1160 1.011941 
1161 1.011941 
1162 1.011941 
1163 1.011941 
1164 1.011941 
1165 1.011941 
1166 1.011941 
1167 1.011941 
1168 1.011941 
1169 1.011941 
1170 1.011941 
1171 1.011941 
1172 1.011941 
1173 1.011941 
1174 1.011941 
1175 1.011941 
1176 1.011941 
1177 1.011941 
1178 1.011941 
1179 1.011941 
1180 1.011941 
1181 1.011941 
1182 1.011941 
1183 1.011941 
1184 1.011941 
1185 1.011941 
1186 1.011941 
1187 1.011941 
1188 1.011941 
1189 1.011941 
1190 1.011941 
1191 1.011941 
1192 1.011941 
1193 1.011941 
1194 1.011941 
1195 1.011941 
1196 1.011941 
1197 1.011941 
1198 1.011941 
1199 1.011941 
1200 1.011941 
1201 1.011941 
1202 1.011941 
1203 1.011941 
1204 1.011941 
1205 1.011941 
1206 1.011941 
1207 1.011941 
1208 1.011941 
1209 1.011941 
1210 1.011941 
1211 1.011941 
1212 1.011941 
1213 1.011941 
1214 1.011941 
1215 1.011941 
1216 1.011941 
1217 1.011941 
1218 1.011941 
1219 1.011941 
1220 1.011941 
1221 1.011941 
1222 1.011941 
1223 1.011941 
1224 1.011941 
1225 1.011941 
1226 1.011941 
1227 1.011941 
1228 1.011941 
1229 1.011941 
1230 1.011941 
1231 1.011941 
1232 1.011941 
1233 1.011941 
1234 1.011941 
1235 1.011941 
1236 1.011941 
1237 1.011941 
1238 1.011941 
1239 1.011941 
1240 1.011941 
1241 1.011941 
1242 1.011941 
1243 1.011941 
1244 1.011941 
1245 1.011941 
1246 1.011941 
1247 1.011941 
1248 1.011941 
1249 1.011941 
1250 1.011941 
1251 1.011941 
1252 1.011941 
1253 1.011941 
1254 1.011941 
1255 1.011941 
1256 1.011941 
1257 1.011941 
1258 1.011941 
1259 1.011941 
1260 1.011941 
1261 1.011941 
1262 1.011941 
1263 1.011941 
1264 1.011941 
1265 1.011941 
1266 1.011941 
1267 1.011941 
1268 1.011941 
1269 1.011941 
1270 1.011941 
1271 1.011941 
1272 1.011941 
1273 1.011941 
1274 1.011941 
1275 1.011941 
1276 1.011941 
1277 1.011941 
1278 1.011941 
1279 1.011941 
1280 1.011941 
1281 1.011941 
1282 1.011941 
1283 1.011941 
1284 1.011941 
1285 1.011941 
1286 1.011941 
1287 1.011941 
1288 1.011941 
1289 1.011941 
1290 1.011941 
1291 1.011941 
1292 1.011941 
1293 1.011941 
1294 1.011941 
1295 1.011941 
1296 1.011941 
1297 1.011941 
1298 1.011941 
1299 1.011941 
1300 1.011941 
1301 1.011941 
1302 1.011941 
1303 1.011941 
1304 1.011941 
1305 1.011941 
1306 1.011941 
1307 1.011941 
1308 1.011941 
1309 1.011941 
1310 1.011941 
1311 1.011941 
1312 1.011941 
1313 1.011941 
1314 1.011941 
1315 1.011941 
1316 1.011941 
1317 1.011941 
1318 1.011941 
1319 1.011941 
1320 1.011941 
1321 1.011941 
1322 1.011941 
1323 1.011941 
1324 1.011941 
1325 1.011941 
1326 1.011941 
1327 1.011941 
1328 1.011941 
1329 1.011941 
1330 1.011941 
1331 1.011941 
1332 1.011941 
1333 1.011941 
1334 1.011941 
1335 1.011941 
1336 1.011941 
1337 1.011941 
1338 1.011941 
1339 1.011941 
1340 1.011941 
1341 1.011941 
1342 1.011941 
1343 1.011941 
1344 1.011941 
1345 1.011941 
1346 1.011941 
1347 1.011941 
1348 1.011941 
1349 1.011941 
1350 1.011941 
1351 1.011941 
1352 1.011941 
1353 1.011941 
1354 1.011941 
1355 1.011941 
1356 1.011941 
1357 1.011941 
1358 1.011941 
1359 1.011941 
1360 1.011941 
1361 1.011941 
1362 1.011941 
1363 1.011941 
1364 1.011941 
1365 1.011941 
1366 1.011941 
1367 1.011941 
1368 1.011941 
1369 1.011941 
1370 1.011941 
1371 1.011941 
1372 1.011941 
1373 1.011941 
1374 1.011941 
1375 1.011941 
1376 1.011941 
1377 1.011941 
1378 1.011941 
1379 1.011941 
1380 1.011941 
1381 1.011941 
1382 1.011941 
1383 1.011941 
1384 1.011941 
1385 1.011941 
1386 1.011941 
1387 1.011941 
1388 1.011941 
1389 1.011941 
1390 1.011941 
1391 1.011941 
1392 1.011941 
1393 1.011941 
1394 1.011941 
1395 1.011941 
1396 1.011941 
1397 1.011941 
1398 1.011941 
1399 1.011941 
1400 1.011941 
1401 1.011941 
1402 1.011941 
1403 1.011941 
1404 1.011941 
1405 1.011941 
1406 1.011941 
1407 1.011941 
1408 1.011941 
1409 1.011941 
1410 1.011941 
1411 1.011941 
1412 1.011941 
1413 1.011941 
1414 1.011941 
1415 1.011941 
1416 1.011941 
1417 1.011941 
1418 1.011941 
1419 1.011941 
1420 1.011941 
1421 1.011941 
1422 1.011941 
1423 1.011941 
1424 1.011941 
1425 1.011941 
1426 1.011941 
1427 1.011941 
1428 1.011941 
1429 1.011941 
1430 1.011941 
1431 1.011941 
1432 1.011941 
1433 1.011941 
1434 1.011941 
1435 1.011941 
1436 1.011941 
1437 1.011941 
1438 1.011941 
1439 1.011941 
1440 1.011941 
1441 1.011941 
1442 1.011941 
1443 1.011941 
1444 1.011941 
1445 1.011941 
1446 1.011941 
1447 1.011941 
1448 1.011941 
1449 1.011941 
1450 1.011941 
1451 1.011941 
1452 1.011941 
1453 1.011941 
1454 1.011941 
1455 1.011941 
1456 1.011941 
1457 1.011941 
1458 1.011941 
1459 1.011941 
1460 1.011941 
1461 1.011941 
1462 1.011941 
1463 1.011941 
1464 1.011941 
1465 1.011941 
1466 1.011941 
1467 1.011941 
1468 1.011941 
1469 1.011941 
1470 1.011941 
1471 1.011941 
1472 1.011941 
1473 1.011941 
1474 1.011941 
1475 1.011941 
1476 1.011941 
1477 1.011941 
1478 1.011941 
1479 1.011941 
1480 1.011941 
1481 1.011941 
1482 1.011941 
1483 1.011941 
1484 1.011941 
1485 1.011941 
1486 1.011941 
1487 1.011941 
1488 1.011941 
1489 1.011941 
1490 1.011941 
1491 1.011941 
1492 1.011941 
1493 1.011941 
1494 1.011941 
1495 1.011941 
1496 1.011941 
1497 1.011941 
1498 1.011941 
1499 1.011941 
1500 1.011941 
1501 1.011941 
1502 1.011941 
1503 1.011941 
1504 1.011941 
1505 1.011941 
1506 1.011941 
1507 1.011941 
1508 1.011941 
1509 1.011941 
1510 1.011941 
1511 1.011941 
1512 1.011941 
1513 1.011941 
1514 1.011941 
1515 1.011941 
1516 1.011941 
1517 1.011941 
1518 1.011941 
1519 1.011941 
1520 1.011941 
1521 1.011941 
1522 1.011941 
1523 1.011941 
1524 1.011941 
1525 1.011941 
1526 1.011941 
1527 1.011941 
1528 1.011941 
1529 1.011941 
1530 1.011941 
1531 1.011941 
1532 1.011941 
1533 1.011941 
1534 1.011941 
1535 1.011941 
1536 1.011941 
1537 1.011941 
1538 1.011941 
1539 1.011941 
1540 1.011941 
1541 1.011941 
1542 1.011941 
1543 1.011941 
1544 1.011941 
1545 1.011941 
1546 1.011941 
1547 1.011941 
1548 1.011941 
1549 1.011941 
1550 1.011941 
1551 1.011941 
1552 1.011941 
1553 1.011941 
1554 1.011941 
1555 1.011941 
1556 1.011941 
1557 1.011941 
1558 1.011941 
1559 1.011941 
1560 1.011941 
1561 1.011941 
1562 1.011941 
1563 1.011941 
1564 1.011941 
1565 1.011941 
1566 1.011941 
1567 1.011941 
1568 1.011941 
1569 1.011941 
1570 1.011941 
1571 1.011941 
1572 1.011941 
1573 1.011941 
1574 1.011941 
1575 1.011941 
1576 1.011941 
1577 1.011941 
1578 1.011941 
1579 1.011941 
1580 1.011941 
1581 1.011941 
1582 1.011941 
1583 1.011941 
1584 1.011941 
1585 1.011941 
1586 1.011941 
1587 1.011941 
1588 1.011941 
1589 1.011941 
1590 1.011941 
1591 1.011941 
1592 1.011941 
1593 1.011941 
1594 1.011941 
1595 1.011941 
1596 1.011941 
1597 1.011941 
1598 1.011941 
1599 1.011941 
1600 1.011941 
1601 1.011941 
1602 1.011941 
1603 1.011941 
1604 1.011941 
1605 1.011941 
1606 1.011941 
1607 1.011941 
1608 1.011941 
1609 1.011941 
1610 1.011941 
1611 1.011941 
1612 1.011941 
1613 1.011941 
1614 1.011941 
1615 1.011941 
1616 1.011941 
1617 1.011941 
1618 1.011941 
1619 1.011941 
1620 1.011941 
1621 1.011941 
1622 1.011941 
1623 1.011941 
1624 1.011941 
1625 1.011941 
1626 1.011941 
1627 1.011941 
1628 1.011941 
1629 1.011941 
1630 1.011941 
1631 1.011941 
1632 1.011941 
1633 1.011941 
1634 1.011941 
1635 1.011941 
1636 1.011941 
1637 1.011941 
1638 1.011941 
1639 1.011941 
1640 1.011941 
1641 1.011941 
1642 1.011941 
1643 1.011941 
1644 1.011941 
1645 1.011941 
1646 1.011941 
1647 1.011941 
1648 1.011941 
1649 1.011941 
1650 1.011941 
1651 1.011941 
1652 1.011941 
1653 1.011941 
1654 1.011941 
1655 1.011941 
1656 1.011941 
1657 1.011941 
1658 1.011941 
1659 1.011941 
1660 1.011941 
1661 1.011941 
1662 1.011941 
1663 1.011941 
1664 1.011941 
1665 1.011941 
1666 1.011941 
1667 1.011941 
1668 1.011941 
1669 1.011941 
1670 1.011941 
1671 1.011941 
1672 1.011941 
1673 1.011941 
1674 1.011941 
1675 1.011941 
1676 1.011941 
1677 1.011941 
1678 1.011941 
1679 1.011941 
1680 1.011941 
1681 1.011941 
1682 1.011941 
1683 1.011941 
1684 1.011941 
1685 1.011941 
1686 1.011941 
1687 1.011941 
1688 1.011941 
1689 1.011941 
1690 1.011941 
1691 1.011941 
1692 1.011941 
1693 1.011941 
1694 1.011941 
1695 1.011941 
1696 1.011941 
1697 1.011941 
1698 1.011941 
1699 1.011941 
1700 1.011941 
1701 1.011941 
1702 1.011941 
1703 1.011941 
1704 1.011941 
1705 1.011941 
1706 1.011941 
1707 1.011941 
1708 1.011941 
1709 1.011941 
1710 1.011941 
1711 1.011941 
1712 1.011941 
1713 1.011941 
1714 1.011941 
1715 1.011941 
1716 1.011941 
1717 1.011941 
1718 1.011941 
1719 1.011941 
1720 1.011941 
1721 1.011941 
1722 1.011941 
1723 1.011941 
1724 1.011941 
1725 1.011941 
1726 1.011941 
1727 1.011941 
1728 1.011941 
1729 1.011941 
1730 1.011941 
1731 1.011941 
1732 1.011941 
1733 1.011941 
1734 1.011941 
1735 1.011941 
1736 1.011941 
1737 1.011941 
1738 1.011941 
1739 1.011941 
1740 1.011941 
1741 1.011941 
1742 1.011941 
1743 1.011941 
1744 1.011941 
1745 1.011941 
1746 1.011941 
1747 1.011941 
1748 1.011941 
1749 1.011941 
1750 1.011941 
1751 1.011941 
1752 1.011941 
1753 1.011941 
1754 1.011941 
1755 1.011941 
1756 1.011941 
1757 1.011941 
1758 1.011941 
1759 1.011941 
1760 1.011941 
1761 1.011941 
1762 1.011941 
1763 1.011941 
1764 1.011941 
1765 1.011941 
1766 1.011941 
1767 1.011941 
1768 1.011941 
1769 1.011941 
1770 1.011941 
1771 1.011941 
1772 1.011941 
1773 1.011941 
1774 1.011941 
1775 1.011941 
1776 1.011941 
1777 1.011941 
1778 1.011941 
1779 1.011941 
1780 1.011941 
1781 1.011941 
1782 1.011941 
1783 1.011941 
1784 1.011941 
1785 1.011941 
1786 1.011941 
1787 1.011941 
1788 1.011941 
1789 1.011941 
1790 1.011941 
1791 1.011941 
1792 1.011941 
1793 1.011941 
1794 1.011941 
1795 1.011941 
1796 1.011941 
1797 1.011941 
1798 1.011941 
1799 1.011941 
1800 1.011941 
1801 1.011941 
1802 1.011941 
1803 1.011941 
1804 1.011941 
1805 1.011941 
1806 1.011941 
1807 1.011941 
1808 1.011941 
1809 1.011941 
1810 1.011941 
1811 1.011941 
1812 1.011941 
1813 1.011941 
1814 1.011941 
1815 1.011941 
1816 1.011941 
1817 1.011941 
1818 1.011941 
1819 1.011941 
1820 1.011941 
1821 1.011941 
1822 1.011941 
1823 1.011941 
1824 1.011941 
1825 1.011941 
1826 1.011941 
1827 1.011941 
1828 1.011941 
1829 1.011941 
1830 1.011941 
1831 1.011941 
1832 1.011941 
1833 1.011941 
1834 1.011941 
1835 1.011941 
1836 1.011941 
1837 1.011941 
1838 1.011941 
1839 1.011941 
1840 1.011941 
1841 1.011941 
1842 1.011941 
1843 1.011941 
1844 1.011941 
1845 1.011941 
1846 1.011941 
1847 1.011941 
1848 1.011941 
1849 1.011941 
1850 1.011941 
1851 1.011941 
1852 1.011941 
1853 1.011941 
1854 1.011941 
1855 1.011941 
1856 1.011941 
1857 1.011941 
1858 1.011941 
1859 1.011941 
1860 1.011941 
1861 1.011941 
1862 1.011941 
1863 1.011941 
1864 1.011941 
1865 1.011941 
1866 1.011941 
1867 1.011941 
1868 1.011941 
1869 1.011941 
1870 1.011941 
1871 1.011941 
1872 1.011941 
1873 1.011941 
1874 1.011941 
1875 1.011941 
1876 1.011941 
1877 1.011941 
1878 1.011941 
1879 1.011941 
1880 1.011941 
1881 1.011941 
1882 1.011941 
1883 1.011941 
1884 1.011941 
1885 1.011941 
1886 1.011941 
1887 1.011941 
1888 1.011941 
1889 1.011941 
1890 1.011941 
1891 1.011941 
1892 1.011941 
1893 1.011941 
1894 1.011941 
1895 1.011941 
1896 1.011941 
1897 1.011941 
1898 1.011941 
1899 1.011941 
1900 1.011941 
1901 1.011941 
1902 1.011941 
1903 1.011941 
1904 1.011941 
1905 1.011941 
1906 1.011941 
1907 1.011941 
1908 1.011941 
1909 1.011941 
1910 1.011941 
1911 1.011941 
1912 1.011941 
1913 1.011941 
1914 1.011941 
1915 1.011941 
1916 1.011941 
1917 1.011941 
1918 1.011941 
1919 1.011941 
1920 1.011941 
1921 1.011941 
1922 1.011941 
1923 1.011941 
1924 1.011941 
1925 1.011941 
1926 1.011941 
1927 1.011941 
1928 1.011941 
1929 1.011941 
1930 1.011941 
1931 1.011941 
1932 1.011941 
1933 1.011941 
1934 1.011941 
1935 1.011941 
1936 1.011941 
1937 1.011941 
1938 1.011941 
1939 1.011941 
1940 1.011941 
1941 1.011941 
1942 1.011941 
1943 1.011941 
1944 1.011941 
1945 1.011941 
1946 1.011941 
1947 1.011941 
1948 1.011941 
1949 1.011941 
1950 1.011941 
1951 1.011941 
1952 1.011941 
1953 1.011941 
1954 1.011941 
1955 1.011941 
1956 1.011941 
1957 1.011941 
1958 1.011941 
1959 1.011941 
1960 1.011941 
1961 1.011941 
1962 1.011941 
1963 1.011941 
1964 1.011941 
1965 1.011941 
1966 1.011941 
1967 1.011941 
1968 1.011941 
1969 1.011941 
1970 1.011941 
1971 1.011941 
1972 1.011941 
1973 1.011941 
1974 1.011941 
1975 1.011941 
1976 1.011941 
1977 1.011941 
1978 1.011941 
1979 1.011941 
1980 1.011941 
1981 1.011941 
1982 1.011941 
1983 1.011941 
1984 1.011941 
1985 1.011941 
1986 1.011941 
1987 1.011941 
1988 1.011941 
1989 1.011941 
1990 1.011941 
1991 1.011941 
1992 1.011941 
1993 1.011941 
1994 1.011941 
1995 1.011941 
1996 1.011941 
1997 1.011941 
1998 1.011941 
1999 1.011941 
