0 0.000000 
1 0.000000 
2 0.000000 
3 0.000000 
4 0.000000 
5 0.000000 
6 0.000000 
7 0.000000 
8 0.000000 
9 0.000000 
10 0.000000 
11 0.000000 
12 0.000000 
13 0.000000 
14 0.000000 
15 0.000000 
16 0.000000 
17 0.000000 
18 0.000000 
19 0.000000 
20 0.000000 
21 0.000000 
22 0.000000 
23 0.000000 
24 0.000000 
25 0.000000 
26 0.000000 
27 0.000000 
28 0.000000 
29 0.000000 
30 0.000000 
31 0.000000 
32 0.000000 
33 0.000000 
34 0.000000 
35 0.000000 
36 0.000000 
37 0.000000 
38 0.000000 
39 0.000000 
40 0.000000 
41 0.000000 
42 0.000000 
43 0.000000 
44 0.000000 
45 0.000000 
46 0.000000 
47 0.000000 
48 0.000000 
49 0.000000 
50 0.000000 
51 0.000000 
52 0.000000 
53 0.000000 
54 0.000000 
55 0.000000 
56 0.000000 
57 0.000000 
58 0.000000 
59 0.000000 
60 0.000000 
61 0.000000 
62 0.000000 
63 0.000000 
64 0.000000 
65 0.000000 
66 0.000000 
67 0.000000 
68 0.000000 
69 0.000000 
70 0.000000 
71 0.000000 
72 0.000000 
73 0.000000 
74 0.000000 
75 0.000000 
76 0.000000 
77 0.000000 
78 0.000000 
79 0.000000 
80 0.000000 
81 0.000000 
82 0.000000 
83 0.000000 
84 0.000000 
85 0.000000 
86 0.000000 
87 0.000000 
88 0.000000 
89 0.000000 
90 0.000000 
91 0.021896 
92 0.043055 
93 0.063663 
94 0.083896 
95 0.103917 
96 0.123883 
97 0.143944 
98 0.164243 
99 0.184922 
100 0.206117 
101 0.227962 
102 0.250594 
103 0.274146 
104 0.298754 
105 0.324557 
106 0.351696 
107 0.380316 
108 0.410569 
109 0.442609 
110 0.476600 
111 0.512713 
112 0.551127 
113 0.592032 
114 0.635626 
115 0.682121 
116 0.731741 
117 0.784723 
118 0.841322 
119 0.901805 
120 0.966459 
121 1.035591 
122 1.109527 
123 1.188615 
124 1.273226 
125 1.363759 
126 1.460639 
127 1.564319 
128 1.675285 
129 1.794058 
130 1.921192 
131 2.057284 
132 2.202968 
133 2.358927 
134 2.525889 
135 2.704634 
136 2.895999 
137 3.100875 
138 3.320222 
139 3.555063 
140 3.806494 
141 4.075691 
142 4.363910 
143 4.672498 
144 5.002895 
145 5.356644 
146 5.735396 
147 6.140922 
148 5.499813 
149 4.925637 
150 4.411406 
151 3.950860 
152 3.538396 
153 3.168994 
154 2.838157 
155 2.541860 
156 2.276496 
157 2.038837 
158 1.825989 
159 1.635362 
160 1.464637 
161 1.311735 
162 1.174797 
163 1.052154 
164 0.942315 
165 0.843943 
166 0.755841 
167 0.676937 
168 0.606270 
169 0.542980 
170 0.486298 
171 0.435533 
172 0.390067 
173 0.349348 
174 0.312880 
175 0.280219 
176 0.250967 
177 0.224769 
178 0.201306 
179 0.180292 
180 0.161472 
181 0.144617 
182 0.129525 
183 0.116014 
184 0.103925 
185 0.093112 
186 0.083446 
187 0.074812 
188 0.067106 
189 0.060238 
190 0.054124 
191 0.048693 
192 0.043879 
193 0.039624 
194 0.035879 
195 0.032598 
196 0.029743 
197 0.027278 
198 0.025173 
199 0.023404 
200 0.021949 
201 0.020788 
202 0.019906 
203 0.019293 
204 0.018937 
205 0.018834 
206 0.018978 
207 0.019369 
208 0.020007 
209 0.020896 
210 0.022040 
211 0.023449 
212 0.025132 
213 0.027101 
214 0.029372 
215 0.031962 
216 0.034890 
217 0.038180 
218 0.041857 
219 0.045949 
220 0.050487 
221 0.055507 
222 0.061046 
223 0.067146 
224 0.073853 
225 0.081217 
226 0.089294 
227 0.098143 
228 0.107829 
229 0.118422 
230 0.130001 
231 0.142647 
232 0.156453 
233 0.171517 
234 0.187945 
235 0.205854 
236 0.225369 
237 0.246627 
238 0.269774 
239 0.294642 
240 0.321095 
241 0.349029 
242 0.378367 
243 0.409053 
244 0.441051 
245 0.474342 
246 0.508919 
247 0.544789 
248 0.581966 
249 0.620475 
250 0.660345 
251 0.701610 
252 0.744310 
253 0.788484 
254 0.834175 
255 0.881424 
256 0.930275 
257 0.980766 
258 1.032935 
259 1.086814 
260 1.142432 
261 1.199810 
262 1.258965 
263 1.319901 
264 1.382615 
265 1.447093 
266 1.513306 
267 1.581211 
268 1.650749 
269 1.721842 
270 1.794389 
271 1.868268 
272 1.943330 
273 2.019394 
274 2.096250 
275 2.173649 
276 2.251302 
277 2.328876 
278 2.405987 
279 2.482197 
280 2.557006 
281 2.629850 
282 2.700087 
283 2.766995 
284 2.829763 
285 2.887480 
286 2.939127 
287 2.983565 
288 3.019524 
289 3.045588 
290 3.060186 
291 3.061571 
292 3.047807 
293 3.016750 
294 2.966027 
295 2.893018 
296 2.802929 
297 2.700122 
298 2.588237 
299 2.470290 
300 2.348767 
301 2.225701 
302 2.102741 
303 1.981206 
304 1.862141 
305 1.746356 
306 1.634466 
307 1.526920 
308 1.424035 
309 1.326011 
310 1.232957 
311 1.144907 
312 1.061834 
313 0.983662 
314 0.910276 
315 0.841536 
316 0.777275 
317 0.717313 
318 0.661460 
319 0.609518 
320 0.561288 
321 0.516569 
322 0.475164 
323 0.436879 
324 0.401527 
325 0.368926 
326 0.338901 
327 0.311286 
328 0.285925 
329 0.262666 
330 0.241371 
331 0.221907 
332 0.204151 
333 0.187986 
334 0.173307 
335 0.160014 
336 0.148015 
337 0.137224 
338 0.127566 
339 0.118967 
340 0.111365 
341 0.104699 
342 0.098917 
343 0.093971 
344 0.089818 
345 0.086421 
346 0.083747 
347 0.081767 
348 0.080457 
349 0.079796 
350 0.079768 
351 0.080360 
352 0.081562 
353 0.083369 
354 0.085775 
355 0.088783 
356 0.092394 
357 0.096613 
358 0.101448 
359 0.106911 
360 0.113013 
361 0.119771 
362 0.127200 
363 0.135321 
364 0.144155 
365 0.153724 
366 0.164053 
367 0.175168 
368 0.187097 
369 0.199869 
370 0.213513 
371 0.228059 
372 0.243539 
373 0.259983 
374 0.277424 
375 0.295891 
376 0.315414 
377 0.336024 
378 0.357745 
379 0.380605 
380 0.404624 
381 0.429820 
382 0.456209 
383 0.483798 
384 0.512590 
385 0.542580 
386 0.573755 
387 0.606095 
388 0.639575 
389 0.674168 
390 0.709845 
391 0.746574 
392 0.784323 
393 0.823060 
394 0.862749 
395 0.903357 
396 0.944847 
397 0.987181 
398 1.030322 
399 1.074226 
400 1.118851 
401 1.164147 
402 1.210065 
403 1.256549 
404 1.303539 
405 1.350968 
406 1.398765 
407 1.446852 
408 1.495143 
409 1.543546 
410 1.591959 
411 1.640274 
412 1.688370 
413 1.736120 
414 1.783386 
415 1.830019 
416 1.875860 
417 1.920741 
418 1.964482 
419 2.006890 
420 2.047766 
421 2.086897 
422 2.124063 
423 2.159031 
424 2.191564 
425 2.221415 
426 2.248332 
427 2.272057 
428 2.292333 
429 2.308900 
430 2.321503 
431 2.329892 
432 2.333829 
433 2.333091 
434 2.327474 
435 2.316803 
436 2.300934 
437 2.279767 
438 2.253255 
439 2.221410 
440 2.184321 
441 2.142162 
442 2.095214 
443 2.043878 
444 1.988633 
445 1.930007 
446 1.868550 
447 1.804814 
448 1.739338 
449 1.672639 
450 1.605201 
451 1.537473 
452 1.469866 
453 1.402748 
454 1.336449 
455 1.271257 
456 1.207422 
457 1.145156 
458 1.084639 
459 1.026017 
460 0.969407 
461 0.914900 
462 0.862562 
463 0.812437 
464 0.764552 
465 0.718915 
466 0.675521 
467 0.634351 
468 0.595377 
469 0.558561 
470 0.523858 
471 0.491217 
472 0.460584 
473 0.431897 
474 0.405098 
475 0.380122 
476 0.356906 
477 0.335387 
478 0.315501 
479 0.297186 
480 0.280382 
481 0.265030 
482 0.251073 
483 0.238456 
484 0.227129 
485 0.217041 
486 0.208147 
487 0.200403 
488 0.193768 
489 0.188205 
490 0.183679 
491 0.180158 
492 0.177614 
493 0.176019 
494 0.175351 
495 0.175588 
496 0.176713 
497 0.178709 
498 0.181564 
499 0.185265 
500 0.189805 
501 0.195175 
502 0.201372 
503 0.208390 
504 0.216229 
505 0.224888 
506 0.234369 
507 0.244672 
508 0.255802 
509 0.267763 
510 0.280559 
511 0.294195 
512 0.308678 
513 0.324012 
514 0.340204 
515 0.357259 
516 0.375182 
517 0.393979 
518 0.413651 
519 0.434203 
520 0.455636 
521 0.477949 
522 0.501141 
523 0.525209 
524 0.550147 
525 0.575947 
526 0.602599 
527 0.630089 
528 0.658403 
529 0.687520 
530 0.717420 
531 0.748076 
532 0.779462 
533 0.811544 
534 0.844289 
535 0.877659 
536 0.911613 
537 0.946107 
538 0.981095 
539 1.016528 
540 1.052354 
541 1.088520 
542 1.124969 
543 1.161642 
544 1.198477 
545 1.235410 
546 1.272375 
547 1.309302 
548 1.346120 
549 1.382754 
550 1.419127 
551 1.455160 
552 1.490770 
553 1.525871 
554 1.560375 
555 1.594193 
556 1.627231 
557 1.659394 
558 1.690584 
559 1.720701 
560 1.749644 
561 1.777309 
562 1.803592 
563 1.828388 
564 1.851592 
565 1.873097 
566 1.892800 
567 1.910596 
568 1.926385 
569 1.940068 
570 1.951549 
571 1.960738 
572 1.967550 
573 1.971905 
574 1.973733 
575 1.972970 
576 1.969564 
577 1.963471 
578 1.954661 
579 1.943117 
580 1.928835 
581 1.911829 
582 1.892125 
583 1.869770 
584 1.844827 
585 1.817378 
586 1.787523 
587 1.755381 
588 1.721088 
589 1.684798 
590 1.646679 
591 1.606912 
592 1.565689 
593 1.523208 
594 1.479671 
595 1.435281 
596 1.390241 
597 1.344748 
598 1.298996 
599 1.253168 
600 1.207440 
601 1.161979 
602 1.116940 
603 1.072466 
604 1.028688 
605 0.985727 
606 0.943690 
607 0.902673 
608 0.862761 
609 0.824028 
610 0.786536 
611 0.750338 
612 0.715479 
613 0.681993 
614 0.649908 
615 0.619242 
616 0.590009 
617 0.562216 
618 0.535864 
619 0.510949 
620 0.487463 
621 0.465396 
622 0.444733 
623 0.425456 
624 0.407546 
625 0.390983 
626 0.375742 
627 0.361802 
628 0.349136 
629 0.337722 
630 0.327532 
631 0.318544 
632 0.310731 
633 0.304070 
634 0.298536 
635 0.294107 
636 0.290761 
637 0.288475 
638 0.287229 
639 0.287004 
640 0.287780 
641 0.289540 
642 0.292268 
643 0.295947 
644 0.300562 
645 0.306099 
646 0.312545 
647 0.319888 
648 0.328115 
649 0.337216 
650 0.347179 
651 0.357994 
652 0.369652 
653 0.382142 
654 0.395455 
655 0.409582 
656 0.424512 
657 0.440236 
658 0.456743 
659 0.474024 
660 0.492066 
661 0.510857 
662 0.530386 
663 0.550638 
664 0.571598 
665 0.593252 
666 0.615581 
667 0.638567 
668 0.662192 
669 0.686432 
670 0.711266 
671 0.736668 
672 0.762612 
673 0.789069 
674 0.816010 
675 0.843403 
676 0.871213 
677 0.899404 
678 0.927939 
679 0.956777 
680 0.985877 
681 1.015195 
682 1.044686 
683 1.074302 
684 1.103994 
685 1.133712 
686 1.163402 
687 1.193013 
688 1.222487 
689 1.251770 
690 1.280802 
691 1.309526 
692 1.337881 
693 1.365806 
694 1.393241 
695 1.420121 
696 1.446386 
697 1.471971 
698 1.496812 
699 1.520847 
700 1.544011 
701 1.566241 
702 1.587474 
703 1.607647 
704 1.626700 
705 1.644571 
706 1.661202 
707 1.676534 
708 1.690513 
709 1.703084 
710 1.714198 
711 1.723804 
712 1.731859 
713 1.738320 
714 1.743150 
715 1.746314 
716 1.747783 
717 1.747532 
718 1.745542 
719 1.741799 
720 1.736294 
721 1.729024 
722 1.719995 
723 1.709215 
724 1.696703 
725 1.682482 
726 1.666583 
727 1.649045 
728 1.629914 
729 1.609240 
730 1.587085 
731 1.563513 
732 1.538597 
733 1.512416 
734 1.485054 
735 1.456601 
736 1.427151 
737 1.396801 
738 1.365653 
739 1.333810 
740 1.301379 
741 1.268465 
742 1.235175 
743 1.201614 
744 1.167888 
745 1.134099 
746 1.100346 
747 1.066727 
748 1.033335 
749 1.000258 
750 0.967582 
751 0.935387 
752 0.903748 
753 0.872734 
754 0.842412 
755 0.812840 
756 0.784074 
757 0.756164 
758 0.729154 
759 0.703084 
760 0.677989 
761 0.653901 
762 0.630844 
763 0.608843 
764 0.587915 
765 0.568075 
766 0.549335 
767 0.531703 
768 0.515185 
769 0.499784 
770 0.485500 
771 0.472331 
772 0.460275 
773 0.449326 
774 0.439476 
775 0.430718 
776 0.423043 
777 0.416439 
778 0.410895 
779 0.406399 
780 0.402938 
781 0.400499 
782 0.399069 
783 0.398632 
784 0.399174 
785 0.400681 
786 0.403137 
787 0.406528 
788 0.410839 
789 0.416053 
790 0.422156 
791 0.429132 
792 0.436964 
793 0.445639 
794 0.455138 
795 0.465447 
796 0.476549 
797 0.488427 
798 0.501064 
799 0.514444 
800 0.528547 
801 0.543357 
802 0.558855 
803 0.575021 
804 0.591836 
805 0.609280 
806 0.627331 
807 0.645968 
808 0.665168 
809 0.684908 
810 0.705164 
811 0.725910 
812 0.747120 
813 0.768767 
814 0.790822 
815 0.813257 
816 0.836042 
817 0.859144 
818 0.882531 
819 0.906170 
820 0.930027 
821 0.954064 
822 0.978246 
823 1.002535 
824 1.026891 
825 1.051276 
826 1.075648 
827 1.099966 
828 1.124188 
829 1.148270 
830 1.172168 
831 1.195840 
832 1.219239 
833 1.242320 
834 1.265038 
835 1.287347 
836 1.309202 
837 1.330556 
838 1.351363 
839 1.371579 
840 1.391158 
841 1.410055 
842 1.428226 
843 1.445628 
844 1.462218 
845 1.477954 
846 1.492797 
847 1.506708 
848 1.519647 
849 1.531581 
850 1.542473 
851 1.552291 
852 1.561006 
853 1.568589 
854 1.575013 
855 1.580256 
856 1.584296 
857 1.587115 
858 1.588699 
859 1.589034 
860 1.588112 
861 1.585928 
862 1.582478 
863 1.577764 
864 1.571790 
865 1.564565 
866 1.556101 
867 1.546413 
868 1.535521 
869 1.523449 
870 1.510222 
871 1.495872 
872 1.480433 
873 1.463943 
874 1.446443 
875 1.427978 
876 1.408596 
877 1.388347 
878 1.367286 
879 1.345468 
880 1.322952 
881 1.299799 
882 1.276071 
883 1.251832 
884 1.227148 
885 1.202084 
886 1.176709 
887 1.151087 
888 1.125287 
889 1.099376 
890 1.073419 
891 1.047481 
892 1.021627 
893 0.995920 
894 0.970419 
895 0.945184 
896 0.920272 
897 0.895738 
898 0.871633 
899 0.848008 
900 0.824911 
901 0.802384 
902 0.780471 
903 0.759210 
904 0.738637 
905 0.718786 
906 0.699688 
907 0.681370 
908 0.663857 
909 0.647173 
910 0.631337 
911 0.616368 
912 0.602279 
913 0.589085 
914 0.576796 
915 0.565421 
916 0.554966 
917 0.545436 
918 0.536834 
919 0.529162 
920 0.522419 
921 0.516604 
922 0.511713 
923 0.507742 
924 0.504685 
925 0.502535 
926 0.501285 
927 0.500925 
928 0.501446 
929 0.502837 
930 0.505086 
931 0.508181 
932 0.512109 
933 0.516857 
934 0.522409 
935 0.528751 
936 0.535867 
937 0.543741 
938 0.552356 
939 0.561695 
940 0.571739 
941 0.582469 
942 0.593868 
943 0.605915 
944 0.618590 
945 0.631872 
946 0.645740 
947 0.660171 
948 0.675144 
949 0.690635 
950 0.706620 
951 0.723075 
952 0.739975 
953 0.757295 
954 0.775007 
955 0.793086 
956 0.811503 
957 0.830231 
958 0.849240 
959 0.868502 
960 0.887986 
961 0.907662 
962 0.927498 
963 0.947463 
964 0.967525 
965 0.987650 
966 1.007805 
967 1.027957 
968 1.048072 
969 1.068114 
970 1.088049 
971 1.107843 
972 1.127459 
973 1.146863 
974 1.166019 
975 1.184891 
976 1.203444 
977 1.221642 
978 1.239451 
979 1.256835 
980 1.273761 
981 1.290192 
982 1.306097 
983 1.321443 
984 1.336196 
985 1.350325 
986 1.363801 
987 1.376592 
988 1.388670 
989 1.400009 
990 1.410580 
991 1.420361 
992 1.429326 
993 1.437455 
994 1.444725 
995 1.451120 
996 1.456621 
997 1.461213 
998 1.464882 
999 1.467619 
1000 1.469412 
1001 1.470255 
1002 1.470142 
1003 1.469071 
1004 1.467041 
1005 1.464054 
1006 1.460113 
1007 1.455224 
1008 1.449397 
1009 1.442642 
1010 1.434972 
1011 1.426404 
1012 1.416955 
1013 1.406646 
1014 1.395499 
1015 1.383539 
1016 1.370793 
1017 1.357291 
1018 1.343063 
1019 1.328143 
1020 1.312565 
1021 1.296367 
1022 1.279586 
1023 1.262264 
1024 1.244439 
1025 1.226156 
1026 1.207458 
1027 1.188390 
1028 1.168995 
1029 1.149322 
1030 1.129415 
1031 1.109322 
1032 1.089090 
1033 1.068765 
1034 1.048394 
1035 1.028024 
1036 1.007701 
1037 0.987469 
1038 0.967373 
1039 0.947458 
1040 0.927765 
1041 0.908336 
1042 0.889212 
1043 0.870430 
1044 0.852030 
1045 0.834046 
1046 0.816513 
1047 0.799464 
1048 0.782930 
1049 0.766940 
1050 0.751521 
1051 0.736700 
1052 0.722501 
1053 0.708945 
1054 0.696053 
1055 0.683844 
1056 0.672335 
1057 0.661539 
1058 0.651472 
1059 0.642144 
1060 0.633565 
1061 0.625744 
1062 0.618687 
1063 0.612400 
1064 0.606886 
1065 0.602148 
1066 0.598187 
1067 0.595001 
1068 0.592590 
1069 0.590950 
1070 0.590077 
1071 0.589965 
1072 0.590608 
1073 0.591999 
1074 0.594128 
1075 0.596987 
1076 0.600564 
1077 0.604848 
1078 0.609826 
1079 0.615486 
1080 0.621812 
1081 0.628791 
1082 0.636407 
1083 0.644643 
1084 0.653483 
1085 0.662907 
1086 0.672899 
1087 0.683438 
1088 0.694505 
1089 0.706080 
1090 0.718141 
1091 0.730668 
1092 0.743638 
1093 0.757027 
1094 0.770814 
1095 0.784974 
1096 0.799483 
1097 0.814317 
1098 0.829450 
1099 0.844856 
1100 0.860509 
1101 0.876384 
1102 0.892453 
1103 0.908688 
1104 0.925063 
1105 0.941550 
1106 0.958119 
1107 0.974744 
1108 0.991395 
1109 1.008044 
1110 1.024661 
1111 1.041217 
1112 1.057685 
1113 1.074033 
1114 1.090234 
1115 1.106258 
1116 1.122076 
1117 1.137659 
1118 1.152979 
1119 1.168008 
1120 1.182718 
1121 1.197080 
1122 1.211069 
1123 1.224656 
1124 1.237816 
1125 1.250524 
1126 1.262754 
1127 1.274483 
1128 1.285687 
1129 1.296343 
1130 1.306430 
1131 1.315927 
1132 1.324815 
1133 1.333075 
1134 1.340689 
1135 1.347642 
1136 1.353917 
1137 1.359502 
1138 1.364385 
1139 1.368553 
1140 1.371997 
1141 1.374710 
1142 1.376684 
1143 1.377914 
1144 1.378398 
1145 1.378132 
1146 1.377116 
1147 1.375353 
1148 1.372843 
1149 1.369593 
1150 1.365608 
1151 1.360896 
1152 1.355467 
1153 1.349332 
1154 1.342503 
1155 1.334994 
1156 1.326823 
1157 1.318006 
1158 1.308562 
1159 1.298512 
1160 1.287877 
1161 1.276681 
1162 1.264949 
1163 1.252706 
1164 1.239979 
1165 1.226796 
1166 1.213187 
1167 1.199182 
1168 1.184811 
1169 1.170107 
1170 1.155101 
1171 1.139827 
1172 1.124319 
1173 1.108611 
1174 1.092737 
1175 1.076732 
1176 1.060629 
1177 1.044466 
1178 1.028275 
1179 1.012091 
1180 0.995950 
1181 0.979884 
1182 0.963928 
1183 0.948114 
1184 0.932475 
1185 0.917042 
1186 0.901848 
1187 0.886921 
1188 0.872291 
1189 0.857987 
1190 0.844036 
1191 0.830464 
1192 0.817296 
1193 0.804557 
1194 0.792269 
1195 0.780453 
1196 0.769131 
1197 0.758321 
1198 0.748041 
1199 0.738307 
1200 0.729135 
1201 0.720538 
1202 0.712529 
1203 0.705120 
1204 0.698319 
1205 0.692135 
1206 0.686577 
1207 0.681649 
1208 0.677356 
1209 0.673703 
1210 0.670690 
1211 0.668319 
1212 0.666591 
1213 0.665503 
1214 0.665053 
1215 0.665238 
1216 0.666053 
1217 0.667493 
1218 0.669550 
1219 0.672217 
1220 0.675485 
1221 0.679346 
1222 0.683788 
1223 0.688800 
1224 0.694370 
1225 0.700485 
1226 0.707131 
1227 0.714294 
1228 0.721958 
1229 0.730108 
1230 0.738726 
1231 0.747797 
1232 0.757300 
1233 0.767219 
1234 0.777534 
1235 0.788226 
1236 0.799273 
1237 0.810657 
1238 0.822355 
1239 0.834346 
1240 0.846609 
1241 0.859120 
1242 0.871857 
1243 0.884798 
1244 0.897918 
1245 0.911195 
1246 0.924604 
1247 0.938122 
1248 0.951725 
1249 0.965387 
1250 0.979085 
1251 0.992794 
1252 1.006490 
1253 1.020147 
1254 1.033742 
1255 1.047250 
1256 1.060647 
1257 1.073908 
1258 1.087010 
1259 1.099928 
1260 1.112639 
1261 1.125121 
1262 1.137349 
1263 1.149301 
1264 1.160956 
1265 1.172291 
1266 1.183286 
1267 1.193920 
1268 1.204174 
1269 1.214027 
1270 1.223461 
1271 1.232458 
1272 1.241002 
1273 1.249075 
1274 1.256663 
1275 1.263750 
1276 1.270323 
1277 1.276369 
1278 1.281877 
1279 1.286835 
1280 1.291234 
1281 1.295065 
1282 1.298320 
1283 1.300994 
1284 1.303081 
1285 1.304577 
1286 1.305478 
1287 1.305784 
1288 1.305494 
1289 1.304607 
1290 1.303127 
1291 1.301057 
1292 1.298400 
1293 1.295162 
1294 1.291351 
1295 1.286974 
1296 1.282040 
1297 1.276561 
1298 1.270547 
1299 1.264011 
1300 1.256967 
1301 1.249431 
1302 1.241417 
1303 1.232944 
1304 1.224028 
1305 1.214689 
1306 1.204947 
1307 1.194823 
1308 1.184338 
1309 1.173514 
1310 1.162374 
1311 1.150942 
1312 1.139242 
1313 1.127299 
1314 1.115138 
1315 1.102784 
1316 1.090263 
1317 1.077603 
1318 1.064828 
1319 1.051967 
1320 1.039044 
1321 1.026088 
1322 1.013125 
1323 1.000181 
1324 0.987282 
1325 0.974456 
1326 0.961727 
1327 0.949121 
1328 0.936664 
1329 0.924380 
1330 0.912293 
1331 0.900426 
1332 0.888803 
1333 0.877446 
1334 0.866376 
1335 0.855614 
1336 0.845181 
1337 0.835094 
1338 0.825374 
1339 0.816036 
1340 0.807098 
1341 0.798575 
1342 0.790482 
1343 0.782832 
1344 0.775638 
1345 0.768911 
1346 0.762662 
1347 0.756901 
1348 0.751635 
1349 0.746873 
1350 0.742621 
1351 0.738884 
1352 0.735667 
1353 0.732973 
1354 0.730803 
1355 0.729160 
1356 0.728043 
1357 0.727452 
1358 0.727386 
1359 0.727841 
1360 0.728814 
1361 0.730300 
1362 0.732294 
1363 0.734789 
1364 0.737779 
1365 0.741256 
1366 0.745210 
1367 0.749632 
1368 0.754512 
1369 0.759838 
1370 0.765599 
1371 0.771782 
1372 0.778373 
1373 0.785360 
1374 0.792727 
1375 0.800459 
1376 0.808542 
1377 0.816958 
1378 0.825691 
1379 0.834724 
1380 0.844039 
1381 0.853619 
1382 0.863444 
1383 0.873497 
1384 0.883758 
1385 0.894207 
1386 0.904825 
1387 0.915593 
1388 0.926490 
1389 0.937495 
1390 0.948589 
1391 0.959751 
1392 0.970960 
1393 0.982195 
1394 0.993437 
1395 1.004663 
1396 1.015854 
1397 1.026989 
1398 1.038048 
1399 1.049009 
1400 1.059855 
1401 1.070563 
1402 1.081115 
1403 1.091491 
1404 1.101673 
1405 1.111641 
1406 1.121377 
1407 1.130864 
1408 1.140083 
1409 1.149019 
1410 1.157654 
1411 1.165973 
1412 1.173960 
1413 1.181600 
1414 1.188881 
1415 1.195787 
1416 1.202306 
1417 1.208427 
1418 1.214138 
1419 1.219429 
1420 1.224289 
1421 1.228710 
1422 1.232685 
1423 1.236205 
1424 1.239265 
1425 1.241859 
1426 1.243982 
1427 1.245631 
1428 1.246804 
1429 1.247498 
1430 1.247712 
1431 1.247448 
1432 1.246705 
1433 1.245487 
1434 1.243795 
1435 1.241634 
1436 1.239010 
1437 1.235926 
1438 1.232392 
1439 1.228413 
1440 1.223999 
1441 1.219159 
1442 1.213903 
1443 1.208242 
1444 1.202189 
1445 1.195756 
1446 1.188957 
1447 1.181806 
1448 1.174317 
1449 1.166507 
1450 1.158392 
1451 1.149988 
1452 1.141313 
1453 1.132385 
1454 1.123223 
1455 1.113845 
1456 1.104270 
1457 1.094519 
1458 1.084611 
1459 1.074567 
1460 1.064406 
1461 1.054150 
1462 1.043820 
1463 1.033436 
1464 1.023019 
1465 1.012590 
1466 1.002170 
1467 0.991780 
1468 0.981440 
1469 0.971171 
1470 0.960994 
1471 0.950927 
1472 0.940990 
1473 0.931204 
1474 0.921586 
1475 0.912156 
1476 0.902931 
1477 0.893928 
1478 0.885165 
1479 0.876658 
1480 0.868422 
1481 0.860473 
1482 0.852826 
1483 0.845493 
1484 0.838489 
1485 0.831825 
1486 0.825513 
1487 0.819564 
1488 0.813988 
1489 0.808794 
1490 0.803991 
1491 0.799586 
1492 0.795587 
1493 0.791998 
1494 0.788825 
1495 0.786073 
1496 0.783745 
1497 0.781844 
1498 0.780371 
1499 0.779327 
1500 0.778713 
1501 0.778528 
1502 0.778769 
1503 0.779436 
1504 0.780525 
1505 0.782032 
1506 0.783952 
1507 0.786280 
1508 0.789010 
1509 0.792135 
1510 0.795648 
1511 0.799540 
1512 0.803802 
1513 0.808426 
1514 0.813400 
1515 0.818714 
1516 0.824357 
1517 0.830317 
1518 0.836581 
1519 0.843137 
1520 0.849971 
1521 0.857070 
1522 0.864418 
1523 0.872003 
1524 0.879808 
1525 0.887818 
1526 0.896018 
1527 0.904391 
1528 0.912922 
1529 0.921594 
1530 0.930390 
1531 0.939293 
1532 0.948287 
1533 0.957354 
1534 0.966477 
1535 0.975639 
1536 0.984823 
1537 0.994012 
1538 1.003187 
1539 1.012333 
1540 1.021432 
1541 1.030466 
1542 1.039420 
1543 1.048276 
1544 1.057018 
1545 1.065631 
1546 1.074097 
1547 1.082402 
1548 1.090530 
1549 1.098465 
1550 1.106195 
1551 1.113703 
1552 1.120978 
1553 1.128004 
1554 1.134770 
1555 1.141263 
1556 1.147472 
1557 1.153384 
1558 1.158990 
1559 1.164278 
1560 1.169241 
1561 1.173868 
1562 1.178153 
1563 1.182086 
1564 1.185661 
1565 1.188872 
1566 1.191714 
1567 1.194181 
1568 1.196270 
1569 1.197978 
1570 1.199301 
1571 1.200237 
1572 1.200787 
1573 1.200949 
1574 1.200724 
1575 1.200113 
1576 1.199117 
1577 1.197741 
1578 1.195986 
1579 1.193858 
1580 1.191360 
1581 1.188500 
1582 1.185282 
1583 1.181715 
1584 1.177805 
1585 1.173561 
1586 1.168993 
1587 1.164109 
1588 1.158921 
1589 1.153438 
1590 1.147673 
1591 1.141638 
1592 1.135344 
1593 1.128805 
1594 1.122034 
1595 1.115046 
1596 1.107854 
1597 1.100473 
1598 1.092918 
1599 1.085205 
1600 1.077348 
1601 1.069365 
1602 1.061271 
1603 1.053082 
1604 1.044814 
1605 1.036485 
1606 1.028110 
1607 1.019707 
1608 1.011291 
1609 1.002880 
1610 0.994490 
1611 0.986138 
1612 0.977839 
1613 0.969609 
1614 0.961466 
1615 0.953424 
1616 0.945499 
1617 0.937706 
1618 0.930060 
1619 0.922576 
1620 0.915266 
1621 0.908146 
1622 0.901229 
1623 0.894527 
1624 0.888052 
1625 0.881817 
1626 0.875832 
1627 0.870109 
1628 0.864658 
1629 0.859488 
1630 0.854609 
1631 0.850028 
1632 0.845754 
1633 0.841794 
1634 0.838154 
1635 0.834841 
1636 0.831859 
1637 0.829213 
1638 0.826907 
1639 0.824945 
1640 0.823327 
1641 0.822058 
1642 0.821137 
1643 0.820565 
1644 0.820343 
1645 0.820468 
1646 0.820941 
1647 0.821757 
1648 0.822916 
1649 0.824412 
1650 0.826243 
1651 0.828403 
1652 0.830887 
1653 0.833690 
1654 0.836804 
1655 0.840222 
1656 0.843938 
1657 0.847943 
1658 0.852228 
1659 0.856783 
1660 0.861601 
1661 0.866670 
1662 0.871980 
1663 0.877519 
1664 0.883278 
1665 0.889243 
1666 0.895404 
1667 0.901747 
1668 0.908260 
1669 0.914930 
1670 0.921744 
1671 0.928688 
1672 0.935750 
1673 0.942914 
1674 0.950168 
1675 0.957497 
1676 0.964887 
1677 0.972324 
1678 0.979793 
1679 0.987281 
1680 0.994772 
1681 1.002254 
1682 1.009711 
1683 1.017129 
1684 1.024496 
1685 1.031795 
1686 1.039015 
1687 1.046141 
1688 1.053161 
1689 1.060060 
1690 1.066827 
1691 1.073448 
1692 1.079912 
1693 1.086206 
1694 1.092320 
1695 1.098241 
1696 1.103959 
1697 1.109464 
1698 1.114745 
1699 1.119793 
1700 1.124599 
1701 1.129154 
1702 1.133450 
1703 1.137480 
1704 1.141237 
1705 1.144713 
1706 1.147903 
1707 1.150801 
1708 1.153403 
1709 1.155704 
1710 1.157700 
1711 1.159388 
1712 1.160767 
1713 1.161833 
1714 1.162585 
1715 1.163023 
1716 1.163147 
1717 1.162957 
1718 1.162454 
1719 1.161640 
1720 1.160517 
1721 1.159088 
1722 1.157357 
1723 1.155327 
1724 1.153004 
1725 1.150392 
1726 1.147498 
1727 1.144327 
1728 1.140886 
1729 1.137184 
1730 1.133227 
1731 1.129024 
1732 1.124584 
1733 1.119916 
1734 1.115030 
1735 1.109936 
1736 1.104644 
1737 1.099165 
1738 1.093511 
1739 1.087692 
1740 1.081722 
1741 1.075611 
1742 1.069372 
1743 1.063018 
1744 1.056561 
1745 1.050015 
1746 1.043392 
1747 1.036706 
1748 1.029969 
1749 1.023195 
1750 1.016398 
1751 1.009590 
1752 1.002786 
1753 0.995998 
1754 0.989239 
1755 0.982523 
1756 0.975862 
1757 0.969270 
1758 0.962758 
1759 0.956340 
1760 0.950028 
1761 0.943833 
1762 0.937767 
1763 0.931841 
1764 0.926068 
1765 0.920456 
1766 0.915017 
1767 0.909761 
1768 0.904697 
1769 0.899835 
1770 0.895183 
1771 0.890749 
1772 0.886542 
1773 0.882568 
1774 0.878835 
1775 0.875349 
1776 0.872117 
1777 0.869142 
1778 0.866431 
1779 0.863988 
1780 0.861816 
1781 0.859920 
1782 0.858300 
1783 0.856961 
1784 0.855903 
1785 0.855128 
1786 0.854636 
1787 0.854427 
1788 0.854501 
1789 0.854857 
1790 0.855492 
1791 0.856406 
1792 0.857594 
1793 0.859055 
1794 0.860785 
1795 0.862778 
1796 0.865031 
1797 0.867538 
1798 0.870295 
1799 0.873293 
1800 0.876528 
1801 0.879992 
1802 0.883678 
1803 0.887578 
1804 0.891684 
1805 0.895987 
1806 0.900478 
1807 0.905149 
1808 0.909990 
1809 0.914990 
1810 0.920141 
1811 0.925431 
1812 0.930850 
1813 0.936387 
1814 0.942031 
1815 0.947771 
1816 0.953597 
1817 0.959495 
1818 0.965456 
1819 0.971466 
1820 0.977516 
1821 0.983592 
1822 0.989684 
1823 0.995779 
1824 1.001866 
1825 1.007933 
1826 1.013969 
1827 1.019962 
1828 1.025901 
1829 1.031774 
1830 1.037571 
1831 1.043281 
1832 1.048893 
1833 1.054396 
1834 1.059780 
1835 1.065036 
1836 1.070153 
1837 1.075123 
1838 1.079935 
1839 1.084581 
1840 1.089054 
1841 1.093343 
1842 1.097443 
1843 1.101345 
1844 1.105042 
1845 1.108528 
1846 1.111797 
1847 1.114842 
1848 1.117660 
1849 1.120244 
1850 1.122591 
1851 1.124696 
1852 1.126556 
1853 1.128168 
1854 1.129530 
1855 1.130640 
1856 1.131495 
1857 1.132096 
1858 1.132440 
1859 1.132530 
1860 1.132364 
1861 1.131945 
1862 1.131272 
1863 1.130349 
1864 1.129177 
1865 1.127760 
1866 1.126101 
1867 1.124204 
1868 1.122072 
1869 1.119712 
1870 1.117127 
1871 1.114324 
1872 1.111308 
1873 1.108086 
1874 1.104665 
1875 1.101052 
1876 1.097254 
1877 1.093280 
1878 1.089137 
1879 1.084834 
1880 1.080380 
1881 1.075784 
1882 1.071056 
1883 1.066204 
1884 1.061240 
1885 1.056172 
1886 1.051011 
1887 1.045768 
1888 1.040453 
1889 1.035076 
1890 1.029648 
1891 1.024181 
1892 1.018684 
1893 1.013169 
1894 1.007646 
1895 1.002127 
1896 0.996622 
1897 0.991141 
1898 0.985697 
1899 0.980298 
1900 0.974955 
1901 0.969680 
1902 0.964481 
1903 0.959368 
1904 0.954352 
1905 0.949442 
1906 0.944646 
1907 0.939974 
1908 0.935435 
1909 0.931037 
1910 0.926787 
1911 0.922694 
1912 0.918765 
1913 0.915007 
1914 0.911426 
1915 0.908029 
1916 0.904822 
1917 0.901811 
1918 0.898999 
1919 0.896393 
1920 0.893996 
1921 0.891812 
1922 0.889845 
1923 0.888098 
1924 0.886574 
1925 0.885274 
1926 0.884200 
1927 0.883354 
1928 0.882737 
1929 0.882348 
1930 0.882189 
1931 0.882259 
1932 0.882556 
1933 0.883080 
1934 0.883829 
1935 0.884800 
1936 0.885992 
1937 0.887401 
1938 0.889023 
1939 0.890856 
1940 0.892895 
1941 0.895136 
1942 0.897573 
1943 0.900201 
1944 0.903015 
1945 0.906009 
1946 0.909177 
1947 0.912511 
1948 0.916005 
1949 0.919653 
1950 0.923445 
1951 0.927376 
1952 0.931436 
1953 0.935618 
1954 0.939912 
1955 0.944312 
1956 0.948807 
1957 0.953390 
1958 0.958050 
1959 0.962779 
1960 0.967568 
1961 0.972406 
1962 0.977286 
1963 0.982196 
1964 0.987128 
1965 0.992073 
1966 0.997019 
1967 1.001959 
1968 1.006883 
1969 1.011781 
1970 1.016643 
1971 1.021462 
1972 1.026226 
1973 1.030929 
1974 1.035560 
1975 1.040111 
1976 1.044573 
1977 1.048939 
1978 1.053200 
1979 1.057347 
1980 1.061375 
1981 1.065274 
1982 1.069038 
1983 1.072660 
1984 1.076133 
1985 1.079452 
1986 1.082610 
1987 1.085601 
1988 1.088420 
1989 1.091062 
1990 1.093523 
1991 1.095798 
1992 1.097883 
1993 1.099775 
1994 1.101471 
1995 1.102967 
1996 1.104262 
1997 1.105352 
1998 1.106238 
1999 1.106917 
