0 0.000000 
1 0.000000 
2 0.000000 
3 0.000000 
4 0.000000 
5 0.000000 
6 0.000000 
7 0.000000 
8 0.000000 
9 0.000000 
10 0.000000 
11 0.000000 
12 0.000000 
13 0.000000 
14 0.000000 
15 0.000000 
16 0.000000 
17 0.000000 
18 0.000000 
19 0.000000 
20 0.000000 
21 0.000000 
22 0.000000 
23 0.000000 
24 0.000000 
25 0.000000 
26 0.000000 
27 0.000000 
28 0.000000 
29 0.000000 
30 0.000000 
31 0.000000 
32 0.000000 
33 0.000000 
34 0.000000 
35 0.000000 
36 0.000000 
37 0.000000 
38 0.000000 
39 0.000000 
40 0.000000 
41 0.000000 
42 0.000000 
43 0.000000 
44 0.000000 
45 0.000000 
46 0.000000 
47 0.000000 
48 0.000000 
49 0.000000 
50 0.000000 
51 0.000000 
52 0.000000 
53 0.000000 
54 0.000000 
55 0.000000 
56 0.000000 
57 0.000000 
58 0.000000 
59 0.000000 
60 0.000000 
61 0.000000 
62 0.000000 
63 0.000000 
64 0.000000 
65 0.000000 
66 0.000000 
67 0.000000 
68 0.000000 
69 0.000000 
70 0.000000 
71 0.000000 
72 0.000000 
73 0.000000 
74 0.000000 
75 0.000000 
76 0.000000 
77 0.000000 
78 0.000000 
79 0.000000 
80 0.000000 
81 0.000000 
82 0.000000 
83 0.000000 
84 0.000000 
85 0.000000 
86 0.000000 
87 0.000000 
88 0.000000 
89 0.000000 
90 0.000000 
91 11.521410 
92 14.602932 
93 14.030673 
94 12.107632 
95 9.892665 
96 7.832728 
97 6.082750 
98 4.665368 
99 3.549055 
100 2.685055 
101 2.023827 
102 1.521538 
103 1.141888 
104 0.855904 
105 0.640979 
106 0.479714 
107 0.358847 
108 0.268331 
109 0.200583 
110 0.149897 
111 0.111990 
112 0.083649 
113 0.062463 
114 0.046632 
115 0.034803 
116 0.025968 
117 0.019370 
118 0.014444 
119 0.010767 
120 0.008024 
121 0.005978 
122 0.004452 
123 0.003314 
124 0.002466 
125 0.001834 
126 0.001364 
127 0.001014 
128 0.000753 
129 0.000560 
130 0.000415 
131 0.000308 
132 0.000229 
133 0.000170 
134 0.000126 
135 0.000093 
136 0.000069 
137 0.000051 
138 0.000038 
139 0.000028 
140 0.000021 
141 0.000015 
142 0.000011 
143 0.000008 
144 0.000006 
145 0.000005 
146 0.000003 
147 0.000002 
148 0.000001 
149 0.000001 
150 0.000000 
151 0.000000 
152 0.000000 
153 0.000000 
154 0.000000 
155 0.000000 
156 0.000000 
157 0.000000 
158 0.000000 
159 0.000000 
160 0.000000 
161 0.000000 
162 0.000000 
163 0.000000 
164 0.000000 
165 0.000000 
166 0.000000 
167 0.000000 
168 0.000000 
169 0.000000 
170 0.000000 
171 0.000000 
172 0.000000 
173 0.000000 
174 0.000000 
175 0.000000 
176 0.000000 
177 0.000000 
178 0.000000 
179 0.000000 
180 0.000000 
181 0.000000 
182 1.402680 
183 3.550590 
184 5.654743 
185 7.251830 
186 8.189397 
187 8.507803 
188 8.335697 
189 7.822859 
190 7.105151 
191 6.290594 
192 5.457299 
193 4.657009 
194 3.920581 
195 3.263547 
196 2.690888 
197 2.200793 
198 1.787443 
199 1.442957 
200 1.158694 
201 0.926077 
202 0.737077 
203 0.584457 
204 0.461874 
205 0.363881 
206 0.285873 
207 0.224008 
208 0.175111 
209 0.136583 
210 0.106310 
211 0.082585 
212 0.064036 
213 0.049568 
214 0.038304 
215 0.029554 
216 0.022768 
217 0.017515 
218 0.013455 
219 0.010323 
220 0.007909 
221 0.006053 
222 0.004626 
223 0.003532 
224 0.002694 
225 0.002052 
226 0.001561 
227 0.001187 
228 0.000902 
229 0.000684 
230 0.000518 
231 0.000393 
232 0.000297 
233 0.000225 
234 0.000170 
235 0.000128 
236 0.000097 
237 0.000073 
238 0.000055 
239 0.000041 
240 0.000031 
241 0.000023 
242 0.000017 
243 0.000012 
244 0.000009 
245 0.000007 
246 0.000005 
247 0.000004 
248 0.000003 
249 0.000002 
250 0.000001 
251 0.000001 
252 0.000001 
253 0.000001 
254 0.000000 
255 0.000000 
256 0.000000 
257 0.000000 
258 0.000000 
259 0.000000 
260 0.000000 
261 0.000000 
262 0.000000 
263 0.000000 
264 0.000000 
265 0.000000 
266 0.000000 
267 0.000000 
268 0.000000 
269 0.000000 
270 0.000000 
271 0.000000 
272 0.000000 
273 0.171805 
274 0.651170 
275 1.446836 
276 2.461291 
277 3.549794 
278 4.572271 
279 5.423345 
280 6.042110 
281 6.408700 
282 6.534548 
283 6.451176 
284 6.200233 
285 5.825908 
286 5.369854 
287 4.868269 
288 4.350627 
289 3.839524 
290 3.351208 
291 2.896465 
292 2.481635 
293 2.109601 
294 1.780693 
295 1.493451 
296 1.245242 
297 1.032743 
298 0.852304 
299 0.700203 
300 0.572831 
301 0.466797 
302 0.379003 
303 0.306669 
304 0.247344 
305 0.198892 
306 0.159473 
307 0.127521 
308 0.101708 
309 0.080921 
310 0.064233 
311 0.050872 
312 0.040204 
313 0.031708 
314 0.024958 
315 0.019608 
316 0.015376 
317 0.012037 
318 0.009407 
319 0.007339 
320 0.005717 
321 0.004447 
322 0.003454 
323 0.002678 
324 0.002074 
325 0.001604 
326 0.001239 
327 0.000956 
328 0.000737 
329 0.000567 
330 0.000436 
331 0.000335 
332 0.000257 
333 0.000196 
334 0.000150 
335 0.000115 
336 0.000087 
337 0.000066 
338 0.000050 
339 0.000038 
340 0.000029 
341 0.000022 
342 0.000016 
343 0.000012 
344 0.000009 
345 0.000007 
346 0.000005 
347 0.000004 
348 0.000003 
349 0.000002 
350 0.000002 
351 0.000001 
352 0.000001 
353 0.000001 
354 0.000001 
355 0.000000 
356 0.000000 
357 0.000000 
358 0.000000 
359 0.000000 
360 0.000000 
361 0.000000 
362 0.000000 
363 0.000000 
364 0.021197 
365 0.106908 
366 0.304505 
367 0.644999 
368 1.131553 
369 1.739180 
370 2.422396 
371 3.126113 
372 3.795992 
373 4.386094 
374 4.863192 
375 5.208068 
376 5.414584 
377 5.487402 
378 5.439127 
379 5.287423 
380 5.052462 
381 4.754879 
382 4.414269 
383 4.048211 
384 3.671718 
385 3.297037 
386 2.933691 
387 2.588685 
388 2.266809 
389 1.970980 
390 1.702598 
391 1.461871 
392 1.248115 
393 1.060015 
394 0.895831 
395 0.753578 
396 0.631156 
397 0.526450 
398 0.437409 
399 0.362088 
400 0.298689 
401 0.245569 
402 0.201255 
403 0.164437 
404 0.133964 
405 0.108835 
406 0.088183 
407 0.071267 
408 0.057453 
409 0.046207 
410 0.037077 
411 0.029685 
412 0.023716 
413 0.018908 
414 0.015045 
415 0.011948 
416 0.009471 
417 0.007494 
418 0.005919 
419 0.004667 
420 0.003674 
421 0.002888 
422 0.002266 
423 0.001776 
424 0.001389 
425 0.001086 
426 0.000847 
427 0.000660 
428 0.000513 
429 0.000399 
430 0.000309 
431 0.000240 
432 0.000186 
433 0.000143 
434 0.000111 
435 0.000085 
436 0.000066 
437 0.000050 
438 0.000039 
439 0.000030 
440 0.000023 
441 0.000017 
442 0.000013 
443 0.000010 
444 0.000008 
445 0.000006 
446 0.000005 
447 0.000003 
448 0.000003 
449 0.000002 
450 0.000002 
451 0.000001 
452 0.000001 
453 0.000001 
454 0.000001 
455 0.002637 
456 0.016586 
457 0.057585 
458 0.145884 
459 0.301280 
460 0.537816 
461 0.859992 
462 1.261355 
463 1.725442 
464 2.228427 
465 2.742598 
466 3.239874 
467 3.694774 
468 4.086530 
469 4.400264 
470 4.627319 
471 4.764916 
472 4.815351 
473 4.784939 
474 4.682880 
475 4.520156 
476 4.308570 
477 4.059943 
478 3.785513 
479 3.495503 
480 3.198863 
481 2.903137 
482 2.614445 
483 2.337538 
484 2.075913 
485 1.831954 
486 1.607090 
487 1.401962 
488 1.216575 
489 1.050441 
490 0.902708 
491 0.772270 
492 0.657858 
493 0.558113 
494 0.471651 
495 0.397101 
496 0.333143 
497 0.278531 
498 0.232108 
499 0.192812 
500 0.159682 
501 0.131858 
502 0.108574 
503 0.089159 
504 0.073022 
505 0.059654 
506 0.048613 
507 0.039521 
508 0.032055 
509 0.025942 
510 0.020948 
511 0.016881 
512 0.013575 
513 0.010895 
514 0.008728 
515 0.006978 
516 0.005570 
517 0.004437 
518 0.003529 
519 0.002802 
520 0.002222 
521 0.001758 
522 0.001390 
523 0.001097 
524 0.000864 
525 0.000680 
526 0.000534 
527 0.000419 
528 0.000329 
529 0.000257 
530 0.000201 
531 0.000157 
532 0.000122 
533 0.000095 
534 0.000074 
535 0.000058 
536 0.000045 
537 0.000035 
538 0.000027 
539 0.000021 
540 0.000016 
541 0.000013 
542 0.000010 
543 0.000007 
544 0.000006 
545 0.000004 
546 0.000334 
547 0.002493 
548 0.010196 
549 0.030043 
550 0.071348 
551 0.145003 
552 0.261669 
553 0.429768 
554 0.653771 
555 0.933153 
556 1.262159 
557 1.630330 
558 2.023619 
559 2.425842 
560 2.820210 
561 3.190744 
562 3.523422 
563 3.806978 
564 4.033352 
565 4.197809 
566 4.298783 
567 4.337529 
568 4.317645 
569 4.244531 
570 4.124845 
571 3.965986 
572 3.775641 
573 3.561411 
574 3.330511 
575 3.089556 
576 2.844418 
577 2.600149 
578 2.360956 
579 2.130214 
580 1.910521 
581 1.703757 
582 1.511172 
583 1.333471 
584 1.170903 
585 1.023343 
586 0.890377 
587 0.771366 
588 0.665514 
589 0.571920 
590 0.489621 
591 0.417633 
592 0.354973 
593 0.300689 
594 0.253870 
595 0.213661 
596 0.179268 
597 0.149965 
598 0.125091 
599 0.104052 
600 0.086317 
601 0.071417 
602 0.058939 
603 0.048521 
604 0.039848 
605 0.032649 
606 0.026690 
607 0.021771 
608 0.017720 
609 0.014393 
610 0.011667 
611 0.009439 
612 0.007622 
613 0.006143 
614 0.004942 
615 0.003969 
616 0.003182 
617 0.002547 
618 0.002036 
619 0.001624 
620 0.001294 
621 0.001029 
622 0.000818 
623 0.000649 
624 0.000514 
625 0.000407 
626 0.000321 
627 0.000254 
628 0.000200 
629 0.000158 
630 0.000124 
631 0.000097 
632 0.000077 
633 0.000060 
634 0.000047 
635 0.000037 
636 0.000029 
637 0.000064 
638 0.000384 
639 0.001740 
640 0.005812 
641 0.015578 
642 0.035490 
643 0.071315 
644 0.129624 
645 0.217009 
646 0.339156 
647 0.499975 
648 0.700907 
649 0.940549 
650 1.214606 
651 1.516172 
652 1.836267 
653 2.164540 
654 2.490048 
655 2.802009 
656 3.090468 
657 3.346836 
658 3.564253 
659 3.737796 
660 3.864535 
661 3.943456 
662 3.975284 
663 3.962238 
664 3.907745 
665 3.816137 
666 3.692353 
667 3.541671 
668 3.369459 
669 3.180974 
670 2.981203 
671 2.774736 
672 2.565688 
673 2.357645 
674 2.153648 
675 1.956192 
676 1.767251 
677 1.588316 
678 1.420434 
679 1.264266 
680 1.120134 
681 0.988078 
682 0.867907 
683 0.759245 
684 0.661576 
685 0.574281 
686 0.496674 
687 0.428027 
688 0.367599 
689 0.314649 
690 0.268455 
691 0.228324 
692 0.193600 
693 0.163671 
694 0.137971 
695 0.115981 
696 0.097231 
697 0.081296 
698 0.067797 
699 0.056398 
700 0.046802 
701 0.038745 
702 0.032002 
703 0.026373 
704 0.021686 
705 0.017794 
706 0.014570 
707 0.011906 
708 0.009710 
709 0.007904 
710 0.006422 
711 0.005209 
712 0.004217 
713 0.003409 
714 0.002750 
715 0.002216 
716 0.001782 
717 0.001432 
718 0.001148 
719 0.000920 
720 0.000736 
721 0.000588 
722 0.000469 
723 0.000374 
724 0.000297 
725 0.000237 
726 0.000188 
727 0.000149 
728 0.000124 
729 0.000147 
730 0.000357 
731 0.001128 
732 0.003245 
733 0.008116 
734 0.017921 
735 0.035681 
736 0.065166 
737 0.110657 
738 0.176560 
739 0.266943 
740 0.385048 
741 0.532854 
742 0.710756 
743 0.917390 
744 1.149630 
745 1.402730 
746 1.670617 
747 1.946265 
748 2.222121 
749 2.490549 
750 2.744238 
751 2.976553 
752 3.181819 
753 3.355511 
754 3.494364 
755 3.596405 
756 3.660907 
757 3.688298 
758 3.680018 
759 3.638359 
760 3.566284 
761 3.467243 
762 3.345005 
763 3.203491 
764 3.046639 
765 2.878277 
766 2.702034 
767 2.521261 
768 2.338979 
769 2.157849 
770 1.980155 
771 1.807801 
772 1.642328 
773 1.484927 
774 1.336473 
775 1.197550 
776 1.068489 
777 0.949403 
778 0.840218 
779 0.740710 
780 0.650536 
781 0.569258 
782 0.496372 
783 0.431331 
784 0.373560 
785 0.322475 
786 0.277495 
787 0.238054 
788 0.203607 
789 0.173635 
790 0.147654 
791 0.125211 
792 0.105893 
793 0.089319 
794 0.075145 
795 0.063061 
796 0.052791 
797 0.044089 
798 0.036735 
799 0.030538 
800 0.025330 
801 0.020965 
802 0.017316 
803 0.014273 
804 0.011741 
805 0.009640 
806 0.007900 
807 0.006462 
808 0.005276 
809 0.004301 
810 0.003500 
811 0.002844 
812 0.002307 
813 0.001868 
814 0.001511 
815 0.001221 
816 0.000985 
817 0.000793 
818 0.000638 
819 0.000514 
820 0.000419 
821 0.000376 
822 0.000455 
823 0.000839 
824 0.001908 
825 0.004344 
826 0.009234 
827 0.018156 
828 0.033209 
829 0.056968 
830 0.092366 
831 0.142498 
832 0.210363 
833 0.298588 
834 0.409150 
835 0.543132 
836 0.700558 
837 0.880293 
838 1.080047 
839 1.296453 
840 1.525233 
841 1.761411 
842 1.999567 
843 2.234104 
844 2.459513 
845 2.670608 
846 2.862737 
847 3.031932 
848 3.175030 
849 3.289731 
850 3.374617 
851 3.429130 
852 3.453516 
853 3.448742 
854 3.416398 
855 3.358581 
856 3.277786 
857 3.176785 
858 3.058519 
859 2.926001 
860 2.782223 
861 2.630086 
862 2.472333 
863 2.311504 
864 2.149902 
865 1.989568 
866 1.832272 
867 1.679508 
868 1.532501 
869 1.392223 
870 1.259400 
871 1.134544 
872 1.017967 
873 0.909809 
874 0.810062 
875 0.718592 
876 0.635164 
877 0.559459 
878 0.491100 
879 0.429663 
880 0.374694 
881 0.325727 
882 0.282286 
883 0.243902 
884 0.210119 
885 0.180496 
886 0.154615 
887 0.132082 
888 0.112532 
889 0.095625 
890 0.081050 
891 0.068526 
892 0.057796 
893 0.048630 
894 0.040823 
895 0.034191 
896 0.028574 
897 0.023827 
898 0.019828 
899 0.016466 
900 0.013647 
901 0.011288 
902 0.009320 
903 0.007680 
904 0.006318 
905 0.005189 
906 0.004254 
907 0.003482 
908 0.002846 
909 0.002322 
910 0.001892 
911 0.001541 
912 0.001259 
913 0.001049 
914 0.000942 
915 0.001024 
916 0.001478 
917 0.002638 
918 0.005050 
919 0.009540 
920 0.017257 
921 0.029690 
922 0.048661 
923 0.076250 
924 0.114699 
925 0.166267 
926 0.233059 
927 0.316850 
928 0.418921 
929 0.539912 
930 0.679722 
931 0.837451 
932 1.011402 
933 1.199125 
934 1.397510 
935 1.602925 
936 1.811363 
937 2.018620 
938 2.220463 
939 2.412797 
940 2.591811 
941 2.754106 
942 2.896790 
943 3.017547 
944 3.114681 
945 3.187120 
946 3.234413 
947 3.256688 
948 3.254607 
949 3.229299 
950 3.182291 
951 3.115428 
952 3.030798 
953 2.930652 
954 2.817338 
955 2.693229 
956 2.560668 
957 2.421917 
958 2.279115 
959 2.134248 
960 1.989121 
961 1.845344 
962 1.704324 
963 1.567259 
964 1.435146 
965 1.308782 
966 1.188782 
967 1.075587 
968 0.969484 
969 0.870618 
970 0.779016 
971 0.694599 
972 0.617202 
973 0.546588 
974 0.482466 
975 0.424501 
976 0.372330 
977 0.325570 
978 0.283828 
979 0.246713 
980 0.213836 
981 0.184819 
982 0.159301 
983 0.136938 
984 0.117404 
985 0.100397 
986 0.085637 
987 0.072868 
988 0.061853 
989 0.052379 
990 0.044254 
991 0.037306 
992 0.031379 
993 0.026337 
994 0.022059 
995 0.018439 
996 0.015382 
997 0.012807 
998 0.010643 
999 0.008828 
1000 0.007310 
1001 0.006043 
1002 0.004987 
1003 0.004110 
1004 0.003386 
1005 0.002799 
1006 0.002349 
1007 0.002067 
1008 0.002032 
1009 0.002404 
1010 0.003456 
1011 0.005613 
1012 0.009497 
1013 0.015951 
1014 0.026056 
1015 0.041128 
1016 0.062683 
1017 0.092381 
1018 0.131945 
1019 0.183054 
1020 0.247232 
1021 0.325732 
1022 0.419429 
1023 0.528728 
1024 0.653500 
1025 0.793045 
1026 0.946086 
1027 1.110802 
1028 1.284883 
1029 1.465611 
1030 1.649959 
1031 1.834706 
1032 2.016552 
1033 2.192233 
1034 2.358625 
1035 2.512846 
1036 2.652331 
1037 2.774897 
1038 2.878791 
1039 2.962708 
1040 3.025810 
1041 3.067713 
1042 3.088469 
1043 3.088531 
1044 3.068716 
1045 3.030153 
1046 2.974234 
1047 2.902558 
1048 2.816877 
1049 2.719047 
1050 2.610971 
1051 2.494562 
1052 2.371699 
1053 2.244188 
1054 2.113742 
1055 1.981950 
1056 1.850262 
1057 1.719979 
1058 1.592241 
1059 1.468030 
1060 1.348168 
1061 1.233322 
1062 1.124013 
1063 1.020623 
1064 0.923410 
1065 0.832517 
1066 0.747987 
1067 0.669776 
1068 0.597765 
1069 0.531774 
1070 0.471571 
1071 0.416888 
1072 0.367427 
1073 0.322872 
1074 0.282892 
1075 0.247154 
1076 0.215326 
1077 0.187082 
1078 0.162106 
1079 0.140094 
1080 0.120758 
1081 0.103827 
1082 0.089048 
1083 0.076188 
1084 0.065030 
1085 0.055377 
1086 0.047050 
1087 0.039886 
1088 0.033739 
1089 0.028479 
1090 0.023989 
1091 0.020166 
1092 0.016920 
1093 0.014168 
1094 0.011843 
1095 0.009882 
1096 0.008233 
1097 0.006856 
1098 0.005722 
1099 0.004819 
1100 0.004168 
1101 0.003829 
1102 0.003929 
1103 0.004678 
1104 0.006402 
1105 0.009565 
1106 0.014789 
1107 0.022871 
1108 0.034778 
1109 0.051633 
1110 0.074688 
1111 0.105266 
1112 0.144704 
1113 0.194281 
1114 0.255131 
1115 0.328172 
1116 0.414031 
1117 0.512980 
1118 0.624898 
1119 0.749241 
1120 0.885040 
1121 1.030918 
1122 1.185124 
1123 1.345586 
1124 1.509979 
1125 1.675798 
1126 1.840437 
1127 2.001274 
1128 2.155744 
1129 2.301417 
1130 2.436055 
1131 2.557674 
1132 2.664579 
1133 2.755400 
1134 2.829107 
1135 2.885019 
1136 2.922800 
1137 2.942446 
1138 2.944268 
1139 2.928857 
1140 2.897061 
1141 2.849943 
1142 2.788743 
1143 2.714843 
1144 2.629724 
1145 2.534932 
1146 2.432039 
1147 2.322615 
1148 2.208196 
1149 2.090257 
1150 1.970196 
1151 1.849313 
1152 1.728797 
1153 1.609718 
1154 1.493019 
1155 1.379518 
1156 1.269902 
1157 1.164735 
1158 1.064464 
1159 0.969421 
1160 0.879837 
1161 0.795845 
1162 0.717497 
1163 0.644770 
1164 0.577576 
1165 0.515773 
1166 0.459176 
1167 0.407563 
1168 0.360687 
1169 0.318280 
1170 0.280062 
1171 0.245748 
1172 0.215048 
1173 0.187679 
1174 0.163362 
1175 0.141829 
1176 0.122822 
1177 0.106098 
1178 0.091427 
1179 0.078598 
1180 0.067410 
1181 0.057682 
1182 0.049248 
1183 0.041954 
1184 0.035665 
1185 0.030254 
1186 0.025613 
1187 0.021640 
1188 0.018250 
1189 0.015367 
1190 0.012927 
1191 0.010882 
1192 0.009205 
1193 0.007894 
1194 0.006986 
1195 0.006566 
1196 0.006791 
1197 0.007900 
1198 0.010236 
1199 0.014259 
1200 0.020558 
1201 0.029852 
1202 0.042985 
1203 0.060905 
1204 0.084639 
1205 0.115252 
1206 0.153798 
1207 0.201265 
1208 0.258522 
1209 0.326263 
1210 0.404952 
1211 0.494786 
1212 0.595662 
1213 0.707156 
1214 0.828526 
1215 0.958713 
1216 1.096370 
1217 1.239896 
1218 1.387476 
1219 1.537139 
1220 1.686808 
1221 1.834361 
1222 1.977687 
1223 2.114742 
1224 2.243596 
1225 2.362481 
1226 2.469823 
1227 2.564278 
1228 2.644747 
1229 2.710395 
1230 2.760653 
1231 2.795220 
1232 2.814053 
1233 2.817355 
1234 2.805560 
1235 2.779303 
1236 2.739404 
1237 2.686836 
1238 2.622696 
1239 2.548179 
1240 2.464548 
1241 2.373107 
1242 2.275175 
1243 2.172060 
1244 2.065040 
1245 1.955343 
1246 1.844131 
1247 1.732486 
1248 1.621399 
1249 1.511767 
1250 1.404383 
1251 1.299934 
1252 1.199006 
1253 1.102082 
1254 1.009545 
1255 0.921686 
1256 0.838711 
1257 0.760743 
1258 0.687836 
1259 0.619978 
1260 0.557104 
1261 0.499100 
1262 0.445813 
1263 0.397057 
1264 0.352622 
1265 0.312281 
1266 0.275791 
1267 0.242904 
1268 0.213368 
1269 0.186933 
1270 0.163351 
1271 0.142383 
1272 0.123798 
1273 0.107377 
1274 0.092911 
1275 0.080205 
1276 0.069078 
1277 0.059360 
1278 0.050897 
1279 0.043547 
1280 0.037181 
1281 0.031682 
1282 0.026949 
1283 0.022892 
1284 0.019441 
1285 0.016541 
1286 0.014167 
1287 0.012323 
1288 0.011059 
1289 0.010475 
1290 0.010739 
1291 0.012098 
1292 0.014887 
1293 0.019542 
1294 0.026598 
1295 0.036689 
1296 0.050542 
1297 0.068952 
1298 0.092766 
1299 0.122846 
1300 0.160032 
1301 0.205106 
1302 0.258745 
1303 0.321485 
1304 0.393684 
1305 0.475490 
1306 0.566819 
1307 0.667341 
1308 0.776480 
1309 0.893412 
1310 1.017087 
1311 1.146250 
1312 1.279471 
1313 1.415180 
1314 1.551708 
1315 1.687329 
1316 1.820301 
1317 1.948906 
1318 2.071490 
1319 2.186499 
1320 2.292509 
1321 2.388251 
1322 2.472634 
1323 2.544760 
1324 2.603934 
1325 2.649672 
1326 2.681696 
1327 2.699936 
1328 2.704516 
1329 2.695747 
1330 2.674109 
1331 2.640236 
1332 2.594893 
1333 2.538960 
1334 2.473407 
1335 2.399272 
1336 2.317642 
1337 2.229631 
1338 2.136358 
1339 2.038933 
1340 1.938434 
1341 1.835900 
1342 1.732312 
1343 1.628585 
1344 1.525559 
1345 1.423996 
1346 1.324569 
1347 1.227869 
1348 1.134397 
1349 1.044570 
1350 0.958722 
1351 0.877109 
1352 0.799910 
1353 0.727241 
1354 0.659154 
1355 0.595643 
1356 0.536659 
1357 0.482107 
1358 0.431857 
1359 0.385754 
1360 0.343614 
1361 0.305242 
1362 0.270425 
1363 0.238945 
1364 0.210579 
1365 0.185106 
1366 0.162304 
1367 0.141958 
1368 0.123861 
1369 0.107812 
1370 0.093623 
1371 0.081114 
1372 0.070118 
1373 0.060480 
1374 0.052057 
1375 0.044720 
1376 0.038353 
1377 0.032859 
1378 0.028157 
1379 0.024192 
1380 0.020937 
1381 0.018399 
1382 0.016632 
1383 0.015740 
1384 0.015892 
1385 0.017324 
1386 0.020352 
1387 0.025370 
1388 0.032856 
1389 0.043361 
1390 0.057504 
1391 0.075954 
1392 0.099410 
1393 0.128574 
1394 0.164126 
1395 0.206691 
1396 0.256807 
1397 0.314897 
1398 0.381241 
1399 0.455956 
1400 0.538974 
1401 0.630038 
1402 0.728693 
1403 0.834294 
1404 0.946010 
1405 1.062847 
1406 1.183666 
1407 1.307206 
1408 1.432115 
1409 1.556983 
1410 1.680367 
1411 1.800825 
1412 1.916946 
1413 2.027376 
1414 2.130847 
1415 2.226193 
1416 2.312374 
1417 2.388490 
1418 2.453792 
1419 2.507692 
1420 2.549767 
1421 2.579758 
1422 2.597572 
1423 2.603275 
1424 2.597086 
1425 2.579362 
1426 2.550594 
1427 2.511387 
1428 2.462447 
1429 2.404565 
1430 2.338599 
1431 2.265459 
1432 2.186089 
1433 2.101450 
1434 2.012508 
1435 1.920212 
1436 1.825490 
1437 1.729229 
1438 1.632271 
1439 1.535401 
1440 1.439340 
1441 1.344743 
1442 1.252192 
1443 1.162195 
1444 1.075189 
1445 0.991535 
1446 0.911527 
1447 0.835389 
1448 0.763282 
1449 0.695308 
1450 0.631517 
1451 0.571908 
1452 0.516440 
1453 0.465033 
1454 0.417577 
1455 0.373934 
1456 0.333947 
1457 0.297442 
1458 0.264231 
1459 0.234122 
1460 0.206915 
1461 0.182412 
1462 0.160414 
1463 0.140726 
1464 0.123161 
1465 0.107535 
1466 0.093678 
1467 0.081426 
1468 0.070628 
1469 0.061145 
1470 0.052854 
1471 0.045650 
1472 0.039447 
1473 0.034186 
1474 0.029836 
1475 0.026407 
1476 0.023947 
1477 0.022558 
1478 0.022396 
1479 0.023681 
1480 0.026697 
1481 0.031796 
1482 0.039395 
1483 0.049968 
1484 0.064041 
1485 0.082174 
1486 0.104947 
1487 0.132936 
1488 0.166696 
1489 0.206731 
1490 0.253474 
1491 0.307264 
1492 0.368324 
1493 0.436748 
1494 0.512481 
1495 0.595320 
1496 0.684902 
1497 0.780715 
1498 0.882096 
1499 0.988249 
1500 1.098255 
1501 1.211097 
1502 1.325671 
1503 1.440819 
1504 1.555342 
1505 1.668031 
1506 1.777685 
1507 1.883134 
1508 1.983258 
1509 2.077008 
1510 2.163418 
1511 2.241623 
1512 2.310870 
1513 2.370523 
1514 2.420074 
1515 2.459148 
1516 2.487501 
1517 2.505022 
1518 2.511731 
1519 2.507774 
1520 2.493416 
1521 2.469032 
1522 2.435100 
1523 2.392188 
1524 2.340942 
1525 2.282073 
1526 2.216346 
1527 2.144564 
1528 2.067553 
1529 1.986155 
1530 1.901209 
1531 1.813543 
1532 1.723959 
1533 1.633230 
1534 1.542085 
1535 1.451205 
1536 1.361219 
1537 1.272694 
1538 1.186138 
1539 1.101996 
1540 1.020649 
1541 0.942413 
1542 0.867548 
1543 0.796250 
1544 0.728663 
1545 0.664878 
1546 0.604941 
1547 0.548853 
1548 0.496578 
1549 0.448047 
1550 0.403163 
1551 0.361806 
1552 0.323835 
1553 0.289095 
1554 0.257420 
1555 0.228636 
1556 0.202565 
1557 0.179027 
1558 0.157842 
1559 0.138835 
1560 0.121835 
1561 0.106679 
1562 0.093213 
1563 0.081296 
1564 0.070800 
1565 0.061615 
1566 0.053652 
1567 0.046849 
1568 0.041172 
1569 0.036624 
1570 0.033249 
1571 0.031137 
1572 0.030428 
1573 0.031318 
1574 0.034056 
1575 0.038951 
1576 0.046361 
1577 0.056691 
1578 0.070386 
1579 0.087914 
1580 0.109756 
1581 0.136390 
1582 0.168266 
1583 0.205798 
1584 0.249337 
1585 0.299154 
1586 0.355432 
1587 0.418242 
1588 0.487544 
1589 0.563171 
1590 0.644832 
1591 0.732114 
1592 0.824482 
1593 0.921292 
1594 1.021799 
1595 1.125171 
1596 1.230504 
1597 1.336841 
1598 1.443186 
1599 1.548521 
1600 1.651827 
1601 1.752097 
1602 1.848353 
1603 1.939661 
1604 2.025143 
1605 2.103990 
1606 2.175474 
1607 2.238952 
1608 2.293879 
1609 2.339810 
1610 2.376405 
1611 2.403432 
1612 2.420766 
1613 2.428390 
1614 2.426394 
1615 2.414967 
1616 2.394393 
1617 2.365048 
1618 2.327387 
1619 2.281938 
1620 2.229291 
1621 2.170090 
1622 2.105019 
1623 2.034792 
1624 1.960142 
1625 1.881812 
1626 1.800540 
1627 1.717055 
1628 1.632062 
1629 1.546239 
1630 1.460226 
1631 1.374621 
1632 1.289976 
1633 1.206789 
1634 1.125508 
1635 1.046522 
1636 0.970169 
1637 0.896727 
1638 0.826426 
1639 0.759439 
1640 0.695893 
1641 0.635871 
1642 0.579411 
1643 0.526516 
1644 0.477153 
1645 0.431261 
1646 0.388754 
1647 0.349522 
1648 0.313440 
1649 0.280368 
1650 0.250157 
1651 0.222650 
1652 0.197686 
1653 0.175103 
1654 0.154740 
1655 0.136440 
1656 0.120055 
1657 0.105444 
1658 0.092481 
1659 0.081056 
1660 0.071078 
1661 0.062481 
1662 0.055230 
1663 0.049319 
1664 0.044784 
1665 0.041701 
1666 0.040190 
1667 0.040422 
1668 0.042610 
1669 0.047020 
1670 0.053955 
1671 0.063760 
1672 0.076807 
1673 0.093488 
1674 0.114204 
1675 0.139346 
1676 0.169287 
1677 0.204363 
1678 0.244860 
1679 0.291000 
1680 0.342926 
1681 0.400698 
1682 0.464279 
1683 0.533533 
1684 0.608221 
1685 0.688006 
1686 0.772452 
1687 0.861030 
1688 0.953132 
1689 1.048072 
1690 1.145106 
1691 1.243437 
1692 1.342236 
1693 1.440645 
1694 1.537801 
1695 1.632839 
1696 1.724912 
1697 1.813195 
1698 1.896902 
1699 1.975294 
1700 2.047684 
1701 2.113451 
1702 2.172043 
1703 2.222983 
1704 2.265875 
1705 2.300409 
1706 2.326360 
1707 2.343593 
1708 2.352063 
1709 2.351811 
1710 2.342966 
1711 2.325741 
1712 2.300425 
1713 2.267381 
1714 2.227042 
1715 2.179895 
1716 2.126483 
1717 2.067390 
1718 2.003231 
1719 1.934650 
1720 1.862301 
1721 1.786847 
1722 1.708945 
1723 1.629243 
1724 1.548367 
1725 1.466918 
1726 1.385465 
1727 1.304537 
1728 1.224622 
1729 1.146164 
1730 1.069558 
1731 0.995150 
1732 0.923238 
1733 0.854071 
1734 0.787850 
1735 0.724730 
1736 0.664823 
1737 0.608200 
1738 0.554897 
1739 0.504912 
1740 0.458218 
1741 0.414757 
1742 0.374450 
1743 0.337199 
1744 0.302890 
1745 0.271396 
1746 0.242584 
1747 0.216311 
1748 0.192435 
1749 0.170813 
1750 0.151306 
1751 0.133783 
1752 0.118122 
1753 0.104218 
1754 0.091980 
1755 0.081343 
1756 0.072267 
1757 0.064742 
1758 0.058792 
1759 0.054479 
1760 0.051904 
1761 0.051207 
1762 0.052573 
1763 0.056222 
1764 0.062411 
1765 0.071430 
1766 0.083588 
1767 0.099213 
1768 0.118635 
1769 0.142178 
1770 0.170147 
1771 0.202818 
1772 0.240423 
1773 0.283139 
1774 0.331083 
1775 0.384299 
1776 0.442753 
1777 0.506330 
1778 0.574832 
1779 0.647978 
1780 0.725408 
1781 0.806685 
1782 0.891304 
1783 0.978697 
1784 1.068246 
1785 1.159287 
1786 1.251122 
1787 1.343033 
1788 1.434283 
1789 1.524136 
1790 1.611858 
1791 1.696730 
1792 1.778054 
1793 1.855164 
1794 1.927430 
1795 1.994265 
1796 2.055133 
1797 2.109554 
1798 2.157105 
1799 2.197431 
1800 2.230243 
1801 2.255324 
1802 2.272529 
1803 2.281788 
1804 2.283107 
1805 2.276563 
1806 2.262309 
1807 2.240565 
1808 2.211619 
1809 2.175819 
1810 2.133572 
1811 2.085331 
1812 2.031595 
1813 1.972897 
1814 1.909799 
1815 1.842882 
1816 1.772737 
1817 1.699962 
1818 1.625147 
1819 1.548874 
1820 1.471704 
1821 1.394175 
1822 1.316796 
1823 1.240041 
1824 1.164346 
1825 1.090106 
1826 1.017674 
1827 0.947360 
1828 0.879428 
1829 0.814098 
1830 0.751551 
1831 0.691923 
1832 0.635312 
1833 0.581781 
1834 0.531359 
1835 0.484043 
1836 0.439805 
1837 0.398592 
1838 0.360333 
1839 0.324936 
1840 0.292300 
1841 0.262312 
1842 0.234851 
1843 0.209797 
1844 0.187026 
1845 0.166422 
1846 0.147873 
1847 0.131280 
1848 0.116562 
1849 0.103653 
1850 0.092511 
1851 0.083124 
1852 0.075504 
1853 0.069701 
1854 0.065794 
1855 0.063902 
1856 0.064175 
1857 0.066797 
1858 0.071983 
1859 0.079971 
1860 0.091019 
1861 0.105397 
1862 0.123378 
1863 0.145227 
1864 0.171194 
1865 0.201503 
1866 0.236340 
1867 0.275849 
1868 0.320120 
1869 0.369183 
1870 0.423005 
1871 0.481486 
1872 0.544458 
1873 0.611682 
1874 0.682855 
1875 0.757613 
1876 0.835532 
1877 0.916138 
1878 0.998912 
1879 1.083297 
1880 1.168706 
1881 1.254532 
1882 1.340151 
1883 1.424932 
1884 1.508244 
1885 1.589464 
1886 1.667978 
1887 1.743194 
1888 1.814542 
1889 1.881481 
1890 1.943506 
1891 2.000148 
1892 2.050985 
1893 2.095640 
1894 2.133787 
1895 2.165157 
1896 2.189537 
1897 2.206774 
1898 2.216780 
1899 2.219528 
1900 2.215055 
1901 2.203463 
1902 2.184914 
1903 2.159633 
1904 2.127898 
1905 2.090045 
1906 2.046453 
1907 1.997548 
1908 1.943790 
1909 1.885671 
1910 1.823706 
1911 1.758424 
1912 1.690367 
1913 1.620076 
1914 1.548087 
1915 1.474928 
1916 1.401105 
1917 1.327105 
1918 1.253387 
1919 1.180378 
1920 1.108470 
1921 1.038018 
1922 0.969340 
1923 0.902711 
1924 0.838370 
1925 0.776512 
1926 0.717296 
1927 0.660843 
1928 0.607239 
1929 0.556537 
1930 0.508761 
1931 0.463905 
1932 0.421943 
1933 0.382825 
1934 0.346486 
1935 0.312845 
1936 0.281812 
1937 0.253290 
1938 0.227181 
1939 0.203384 
1940 0.181805 
1941 0.162358 
1942 0.144969 
1943 0.129579 
1944 0.116149 
1945 0.104663 
1946 0.095128 
1947 0.087581 
1948 0.082085 
1949 0.078735 
1950 0.077654 
1951 0.078994 
1952 0.082928 
1953 0.089655 
1954 0.099385 
1955 0.112340 
1956 0.128741 
1957 0.148806 
1958 0.172737 
1959 0.200714 
1960 0.232885 
1961 0.269364 
1962 0.310216 
1963 0.355461 
1964 0.405064 
1965 0.458933 
1966 0.516921 
1967 0.578823 
1968 0.644380 
1969 0.713282 
1970 0.785171 
1971 0.859644 
1972 0.936263 
1973 1.014558 
1974 1.094033 
1975 1.174171 
1976 1.254444 
1977 1.334312 
1978 1.413234 
1979 1.490670 
1980 1.566088 
1981 1.638963 
1982 1.708789 
1983 1.775076 
1984 1.837356 
1985 1.895190 
1986 1.948167 
1987 1.995908 
1988 2.038074 
1989 2.074365 
1990 2.104526 
1991 2.128347 
1992 2.145670 
1993 2.156389 
1994 2.160451 
1995 2.157859 
1996 2.148672 
1997 2.133005 
1998 2.111026 
1999 2.082957 
