-60.000000 0.411000 50.562348 194.750000 144.840282 
-56.600000 0.411000 53.977475 184.250000 144.712175 
-53.200000 0.411000 55.792265 178.500000 144.563951 
-49.800000 0.411000 56.914304 175.000000 144.396390 
-46.400000 0.411000 57.755651 172.500000 144.181201 
-43.000000 0.411000 58.184401 171.250000 144.011316 
-39.600000 0.411000 58.880058 169.500000 143.631842 
-36.200000 0.411000 59.032799 169.250000 143.527709 
-32.800000 0.411000 59.537699 167.750000 142.960490 
-29.400000 0.411000 59.974582 166.750000 142.473481 
-26.000000 0.411000 60.068194 166.500000 142.320633 
-22.600000 0.411000 60.691416 165.000000 141.182725 
-19.200000 0.411000 61.031421 164.000000 140.551360 
-15.800000 0.411000 61.603945 162.750000 139.283157 
-12.400000 0.411000 62.306344 161.000000 137.691760 
-9.000000 0.411000 63.450917 158.000000 135.012401 
-5.600000 0.411000 65.470509 153.500000 130.340623 
-2.200000 0.411000 70.329701 145.250000 119.963620 
1.200000 0.411000 89.509077 134.000000 89.677236 
4.600000 0.411000 202.004436 54.666667 27.719459 
