0.002185 0.002185 0.002185 
0.002318 0.002318 0.002318 
0.002459 0.002459 0.002459 
0.002608 0.002608 0.002608 
0.002767 0.002767 0.002767 
0.002934 0.002934 0.002934 
0.003113 0.003113 0.003113 
0.003302 0.003302 0.003302 
0.003502 0.003502 0.003502 
0.003715 0.003715 0.003715 
0.003940 0.003940 0.003940 
0.004179 0.004179 0.004179 
0.004433 0.004433 0.004433 
0.004702 0.004702 0.004702 
0.004988 0.004988 0.004988 
0.005291 0.005291 0.005291 
0.005612 0.005612 0.005612 
0.005953 0.005953 0.005953 
0.006314 0.006314 0.006314 
0.006697 0.006697 0.006697 
0.007104 0.007104 0.007104 
0.007535 0.007535 0.007535 
0.007993 0.007993 0.007993 
0.008478 0.008478 0.008478 
0.008993 0.008993 0.008993 
0.009539 0.009539 0.009539 
0.010118 0.010118 0.010118 
0.010732 0.010732 0.010732 
0.011384 0.011384 0.011384 
0.012075 0.012075 0.012075 
0.012808 0.012808 0.012808 
0.013586 0.013586 0.013586 
0.014411 0.014411 0.014411 
0.015286 0.015286 0.015286 
0.016214 0.016214 0.016214 
0.017198 0.017198 0.017198 
0.018242 0.018242 0.018242 
0.019350 0.019350 0.019350 
0.020525 0.020525 0.020525 
0.021771 0.021771 0.021771 
0.023093 0.023093 0.023093 
0.024495 0.024495 0.024495 
0.025982 0.025982 0.025982 
0.027559 0.027559 0.027559 
0.029233 0.029233 0.029233 
0.031008 0.031008 0.031008 
0.032890 0.032890 0.032890 
0.034887 0.034887 0.034887 
0.037005 0.037005 0.037005 
0.039252 0.039252 0.039252 
0.041635 0.041635 0.041635 
0.044163 0.044163 0.044163 
0.046844 0.046844 0.046844 
0.049688 0.049688 0.049688 
0.052705 0.052705 0.052705 
0.055905 0.055905 0.055905 
0.059299 0.059299 0.059299 
