0.800000 -0.068000 50.566647 162.750000 102.234220 
2.900000 -0.068000 62.358360 150.000000 100.931139 
5.000000 -0.068000 68.967273 141.500000 99.700648 
7.100000 -0.068000 73.098868 135.500000 98.633480 
9.200000 -0.068000 75.921934 131.250000 97.736951 
11.300000 -0.068000 77.975403 127.750000 96.990550 
13.400000 -0.068000 79.537243 125.750000 96.368063 
15.500000 -0.068000 80.765136 123.500000 95.845485 
17.600000 -0.068000 81.756371 122.250000 95.402611 
19.700000 -0.068000 82.576761 121.000000 95.021940 
21.800000 -0.068000 83.246345 120.000000 94.702041 
23.900000 -0.068000 83.846935 119.000000 94.408781 
26.000000 -0.068000 84.311382 118.500000 94.176258 
28.100000 -0.068000 84.819148 117.750000 93.919430 
30.200000 -0.068000 85.078533 117.500000 93.786610 
32.300000 -0.068000 85.491624 117.000000 93.569686 
34.400000 -0.068000 85.890549 116.500000 93.361522 
36.500000 -0.068000 86.001449 116.250000 93.303581 
38.600000 -0.068000 86.119094 116.250000 93.239722 
40.700000 -0.068000 86.528921 115.250000 93.017347 
