0 0.000000 
1 0.000000 
2 0.000000 
3 0.000000 
4 0.000000 
5 0.000000 
6 0.000000 
7 0.000000 
8 0.000000 
9 0.000000 
10 0.000000 
11 0.000000 
12 0.000000 
13 0.000000 
14 0.000000 
15 0.000000 
16 0.000000 
17 0.000000 
18 0.000000 
19 0.000000 
20 0.000000 
21 0.000000 
22 0.000000 
23 0.000000 
24 0.000000 
25 0.000000 
26 0.000000 
27 0.000000 
28 0.000000 
29 0.000000 
30 0.000000 
31 0.000000 
32 0.000000 
33 0.000000 
34 0.000000 
35 0.000000 
36 0.000000 
37 0.000000 
38 0.000000 
39 0.000000 
40 0.000000 
41 0.000000 
42 0.000000 
43 0.000000 
44 0.000000 
45 0.000000 
46 0.000000 
47 0.000000 
48 0.000000 
49 0.000000 
50 0.000000 
51 0.000000 
52 0.000000 
53 0.000000 
54 0.000000 
55 0.000000 
56 0.000000 
57 0.000000 
58 0.000000 
59 0.000000 
60 0.000000 
61 0.000000 
62 0.000000 
63 0.000000 
64 0.000000 
65 0.000000 
66 0.000000 
67 0.000000 
68 0.000000 
69 0.000000 
70 0.000000 
71 0.000000 
72 0.000000 
73 0.000000 
74 0.000000 
75 0.000000 
76 0.000000 
77 0.000000 
78 0.000000 
79 0.000000 
80 0.000000 
81 0.000000 
82 0.000000 
83 0.000000 
84 0.000000 
85 0.000000 
86 0.000000 
87 0.000000 
88 0.000000 
89 0.000000 
90 0.000000 
91 0.638678 
92 1.085581 
93 1.398298 
94 1.617126 
95 1.770260 
96 1.877429 
97 1.952436 
98 2.004940 
99 2.041698 
100 2.067438 
101 2.085470 
102 2.098108 
103 2.106973 
104 2.113196 
105 2.117572 
106 2.120655 
107 2.122834 
108 2.124380 
109 2.125482 
110 2.126275 
111 2.126851 
112 2.127276 
113 2.127594 
114 2.127838 
115 2.128030 
116 2.128186 
117 2.128316 
118 2.128429 
119 2.128529 
120 2.128620 
121 2.128705 
122 2.128786 
123 2.128864 
124 2.128940 
125 2.129014 
126 2.129088 
127 2.129160 
128 2.129233 
129 2.129305 
130 2.129376 
131 2.129448 
132 2.129519 
133 2.129590 
134 2.129662 
135 2.129733 
136 2.129804 
137 2.129875 
138 2.129947 
139 2.130018 
140 2.130089 
141 2.130160 
142 2.130232 
143 2.130303 
144 2.130374 
145 2.130446 
146 2.130517 
147 2.130588 
148 1.490764 
149 1.043082 
150 0.729840 
151 0.510666 
152 0.357311 
153 0.250009 
154 0.174930 
155 0.122398 
156 0.085641 
157 0.059923 
158 0.041928 
159 0.029337 
160 0.020527 
161 0.014363 
162 0.010049 
163 0.007032 
164 0.004920 
165 0.003442 
166 0.002409 
167 0.001685 
168 0.001179 
169 0.000825 
170 0.000577 
171 0.000404 
172 0.000283 
173 0.000198 
174 0.000138 
175 0.000097 
176 0.000068 
177 0.000047 
178 0.000033 
179 0.000023 
180 0.000016 
181 0.000011 
182 0.003370 
183 0.011434 
184 0.024436 
185 0.042046 
186 0.063687 
187 0.088712 
188 0.116500 
189 0.146498 
190 0.178236 
191 0.211328 
192 0.245462 
193 0.280392 
194 0.315927 
195 0.351917 
196 0.388250 
197 0.424838 
198 0.461618 
199 0.498540 
200 0.535568 
201 0.572674 
202 0.609839 
203 0.647047 
204 0.684287 
205 0.721552 
206 0.758835 
207 0.796132 
208 0.833440 
209 0.870757 
210 0.908081 
211 0.945410 
212 0.982744 
213 1.020083 
214 1.057425 
215 1.094770 
216 1.132119 
217 1.169470 
218 1.206825 
219 1.244182 
220 1.281541 
221 1.318903 
222 1.356268 
223 1.393636 
224 1.431005 
225 1.468378 
226 1.505753 
227 1.543130 
228 1.580510 
229 1.617892 
230 1.655277 
231 1.692664 
232 1.730054 
233 1.767446 
234 1.804841 
235 1.842238 
236 1.879638 
237 1.917040 
238 1.954445 
239 1.985116 
240 2.006362 
241 2.017716 
242 2.019841 
243 2.013892 
244 2.001166 
245 1.982905 
246 1.960218 
247 1.934048 
248 1.905167 
249 1.874201 
250 1.841642 
251 1.807875 
252 1.773197 
253 1.737835 
254 1.701963 
255 1.665711 
256 1.629176 
257 1.592432 
258 1.555533 
259 1.518520 
260 1.481423 
261 1.444263 
262 1.407057 
263 1.369816 
264 1.332549 
265 1.295264 
266 1.257963 
267 1.220651 
268 1.183331 
269 1.146003 
270 1.108669 
271 1.071330 
272 1.033987 
273 0.996659 
274 0.959381 
275 0.922207 
276 0.885198 
277 0.848417 
278 0.811926 
279 0.775785 
280 0.740045 
281 0.704752 
282 0.669945 
283 0.635657 
284 0.601916 
285 0.568743 
286 0.536158 
287 0.504173 
288 0.472800 
289 0.442049 
290 0.411926 
291 0.382438 
292 0.353587 
293 0.325379 
294 0.297814 
295 0.270895 
296 0.247998 
297 0.230473 
298 0.218554 
299 0.211910 
300 0.209962 
301 0.212062 
302 0.217588 
303 0.225984 
304 0.236778 
305 0.249584 
306 0.264088 
307 0.280043 
308 0.297258 
309 0.315583 
310 0.334904 
311 0.355135 
312 0.376211 
313 0.398083 
314 0.420714 
315 0.444077 
316 0.468151 
317 0.492923 
318 0.518380 
319 0.544515 
320 0.571323 
321 0.598798 
322 0.626937 
323 0.655739 
324 0.685202 
325 0.715324 
326 0.746105 
327 0.777544 
328 0.809640 
329 0.842395 
330 0.875753 
331 0.909603 
332 0.943790 
333 0.978130 
334 1.012433 
335 1.046511 
336 1.080190 
337 1.113311 
338 1.145738 
339 1.177353 
340 1.208057 
341 1.237768 
342 1.266420 
343 1.293958 
344 1.320340 
345 1.345531 
346 1.369504 
347 1.392238 
348 1.413718 
349 1.433929 
350 1.452862 
351 1.470510 
352 1.486866 
353 1.501927 
354 1.515688 
355 1.528148 
356 1.539304 
357 1.549155 
358 1.557699 
359 1.564936 
360 1.570865 
361 1.575486 
362 1.578797 
363 1.580799 
364 1.581491 
365 1.580873 
366 1.578946 
367 1.575712 
368 1.571172 
369 1.565329 
370 1.558187 
371 1.549752 
372 1.540027 
373 1.529021 
374 1.516740 
375 1.503193 
376 1.488387 
377 1.472332 
378 1.455037 
379 1.436512 
380 1.416767 
381 1.395813 
382 1.373660 
383 1.350319 
384 1.325801 
385 1.300116 
386 1.273276 
387 1.245345 
388 1.216446 
389 1.186746 
390 1.156441 
391 1.125732 
392 1.094818 
393 1.063887 
394 1.033106 
395 1.002626 
396 0.972575 
397 0.943064 
398 0.914186 
399 0.886019 
400 0.858629 
401 0.832071 
402 0.806390 
403 0.781624 
404 0.757807 
405 0.734966 
406 0.713125 
407 0.692306 
408 0.672527 
409 0.653807 
410 0.636160 
411 0.619602 
412 0.604147 
413 0.589808 
414 0.576598 
415 0.564530 
416 0.553616 
417 0.543868 
418 0.535299 
419 0.527921 
420 0.521744 
421 0.516781 
422 0.513042 
423 0.510535 
424 0.509266 
425 0.509238 
426 0.510451 
427 0.512898 
428 0.516574 
429 0.521465 
430 0.527556 
431 0.534830 
432 0.543266 
433 0.552841 
434 0.563530 
435 0.575306 
436 0.588140 
437 0.602004 
438 0.616866 
439 0.632697 
440 0.649463 
441 0.667132 
442 0.685672 
443 0.705050 
444 0.725213 
445 0.746092 
446 0.767599 
447 0.789641 
448 0.812119 
449 0.834936 
450 0.858000 
451 0.881224 
452 0.904526 
453 0.927835 
454 0.951082 
455 0.974205 
456 0.997148 
457 1.019858 
458 1.042287 
459 1.064389 
460 1.086119 
461 1.107438 
462 1.128305 
463 1.148681 
464 1.168529 
465 1.187813 
466 1.206497 
467 1.224545 
468 1.241923 
469 1.258596 
470 1.274529 
471 1.289690 
472 1.304045 
473 1.317560 
474 1.330203 
475 1.341941 
476 1.352741 
477 1.362571 
478 1.371399 
479 1.379196 
480 1.385935 
481 1.391592 
482 1.396151 
483 1.399599 
484 1.401928 
485 1.403139 
486 1.403235 
487 1.402227 
488 1.400128 
489 1.396958 
490 1.392739 
491 1.387496 
492 1.381258 
493 1.374056 
494 1.365921 
495 1.356890 
496 1.346997 
497 1.336280 
498 1.324777 
499 1.312526 
500 1.299567 
501 1.285941 
502 1.271687 
503 1.256847 
504 1.241463 
505 1.225576 
506 1.209229 
507 1.192463 
508 1.175323 
509 1.157851 
510 1.140089 
511 1.122082 
512 1.103874 
513 1.085508 
514 1.067028 
515 1.048479 
516 1.029905 
517 1.011351 
518 0.992861 
519 0.974480 
520 0.956251 
521 0.938219 
522 0.920428 
523 0.902920 
524 0.885740 
525 0.868929 
526 0.852530 
527 0.836584 
528 0.821132 
529 0.806214 
530 0.791870 
531 0.778138 
532 0.765058 
533 0.752666 
534 0.740999 
535 0.730092 
536 0.719980 
537 0.710694 
538 0.702261 
539 0.694705 
540 0.688047 
541 0.682300 
542 0.677476 
543 0.673581 
544 0.670617 
545 0.668583 
546 0.667473 
547 0.667279 
548 0.667990 
549 0.669592 
550 0.672070 
551 0.675406 
552 0.679579 
553 0.684569 
554 0.690353 
555 0.696907 
556 0.704206 
557 0.712222 
558 0.720929 
559 0.730299 
560 0.740301 
561 0.750905 
562 0.762080 
563 0.773794 
564 0.786014 
565 0.798706 
566 0.811836 
567 0.825367 
568 0.839264 
569 0.853490 
570 0.868006 
571 0.882775 
572 0.897757 
573 0.912913 
574 0.928202 
575 0.943583 
576 0.959017 
577 0.974462 
578 0.989877 
579 1.005223 
580 1.020459 
581 1.035545 
582 1.050443 
583 1.065115 
584 1.079522 
585 1.093629 
586 1.107399 
587 1.120799 
588 1.133795 
589 1.146355 
590 1.158448 
591 1.170043 
592 1.181112 
593 1.191628 
594 1.201565 
595 1.210901 
596 1.219613 
597 1.227683 
598 1.235094 
599 1.241831 
600 1.247882 
601 1.253235 
602 1.257885 
603 1.261823 
604 1.265046 
605 1.267552 
606 1.269340 
607 1.270412 
608 1.270769 
609 1.270418 
610 1.269364 
611 1.267615 
612 1.265179 
613 1.262068 
614 1.258294 
615 1.253869 
616 1.248810 
617 1.243133 
618 1.236855 
619 1.229995 
620 1.222574 
621 1.214613 
622 1.206135 
623 1.197166 
624 1.187729 
625 1.177853 
626 1.167565 
627 1.156894 
628 1.145871 
629 1.134527 
630 1.122895 
631 1.111007 
632 1.098899 
633 1.086603 
634 1.074157 
635 1.061593 
636 1.048948 
637 1.036257 
638 1.023555 
639 1.010877 
640 0.998256 
641 0.985726 
642 0.973320 
643 0.961071 
644 0.949009 
645 0.937166 
646 0.925570 
647 0.914251 
648 0.903235 
649 0.892550 
650 0.882219 
651 0.872269 
652 0.862720 
653 0.853596 
654 0.844916 
655 0.836700 
656 0.828965 
657 0.821728 
658 0.815005 
659 0.808809 
660 0.803153 
661 0.798047 
662 0.793503 
663 0.789527 
664 0.786127 
665 0.783308 
666 0.781074 
667 0.779428 
668 0.778370 
669 0.777900 
670 0.778016 
671 0.778715 
672 0.779992 
673 0.781840 
674 0.784251 
675 0.787217 
676 0.790726 
677 0.794767 
678 0.799325 
679 0.804388 
680 0.809937 
681 0.815957 
682 0.822428 
683 0.829332 
684 0.836646 
685 0.844349 
686 0.852417 
687 0.860828 
688 0.869555 
689 0.878573 
690 0.887856 
691 0.897377 
692 0.907107 
693 0.917020 
694 0.927088 
695 0.937281 
696 0.947572 
697 0.957933 
698 0.968335 
699 0.978750 
700 0.989151 
701 0.999509 
702 1.009799 
703 1.019993 
704 1.030066 
705 1.039991 
706 1.049745 
707 1.059302 
708 1.068639 
709 1.077733 
710 1.086562 
711 1.095106 
712 1.103343 
713 1.111254 
714 1.118820 
715 1.126025 
716 1.132851 
717 1.139283 
718 1.145306 
719 1.150909 
720 1.156077 
721 1.160801 
722 1.165071 
723 1.168878 
724 1.172215 
725 1.175077 
726 1.177458 
727 1.179356 
728 1.180769 
729 1.181695 
730 1.182136 
731 1.182094 
732 1.181571 
733 1.180573 
734 1.179105 
735 1.177173 
736 1.174787 
737 1.171956 
738 1.168689 
739 1.164998 
740 1.160897 
741 1.156398 
742 1.151516 
743 1.146267 
744 1.140666 
745 1.134732 
746 1.128481 
747 1.121933 
748 1.115107 
749 1.108022 
750 1.100700 
751 1.093160 
752 1.085425 
753 1.077515 
754 1.069453 
755 1.061261 
756 1.052961 
757 1.044575 
758 1.036127 
759 1.027637 
760 1.019130 
761 1.010628 
762 1.002151 
763 0.993724 
764 0.985366 
765 0.977101 
766 0.968948 
767 0.960929 
768 0.953063 
769 0.945371 
770 0.937872 
771 0.930584 
772 0.923525 
773 0.916712 
774 0.910163 
775 0.903892 
776 0.897915 
777 0.892245 
778 0.886897 
779 0.881881 
780 0.877210 
781 0.872894 
782 0.868941 
783 0.865360 
784 0.862159 
785 0.859343 
786 0.856916 
787 0.854884 
788 0.853249 
789 0.852011 
790 0.851173 
791 0.850734 
792 0.850691 
793 0.851043 
794 0.851786 
795 0.852915 
796 0.854424 
797 0.856307 
798 0.858557 
799 0.861165 
800 0.864122 
801 0.867417 
802 0.871040 
803 0.874980 
804 0.879223 
805 0.883756 
806 0.888566 
807 0.893638 
808 0.898958 
809 0.904509 
810 0.910276 
811 0.916241 
812 0.922389 
813 0.928702 
814 0.935162 
815 0.941752 
816 0.948452 
817 0.955246 
818 0.962114 
819 0.969037 
820 0.975998 
821 0.982978 
822 0.989958 
823 0.996920 
824 1.003845 
825 1.010716 
826 1.017515 
827 1.024224 
828 1.030826 
829 1.037304 
830 1.043642 
831 1.049824 
832 1.055835 
833 1.061659 
834 1.067284 
835 1.072694 
836 1.077877 
837 1.082821 
838 1.087514 
839 1.091946 
840 1.096106 
841 1.099985 
842 1.103575 
843 1.106868 
844 1.109857 
845 1.112537 
846 1.114902 
847 1.116949 
848 1.118674 
849 1.120074 
850 1.121149 
851 1.121897 
852 1.122318 
853 1.122415 
854 1.122188 
855 1.121640 
856 1.120775 
857 1.119597 
858 1.118112 
859 1.116325 
860 1.114242 
861 1.111873 
862 1.109223 
863 1.106303 
864 1.103122 
865 1.099689 
866 1.096016 
867 1.092113 
868 1.087993 
869 1.083667 
870 1.079149 
871 1.074451 
872 1.069587 
873 1.064571 
874 1.059418 
875 1.054141 
876 1.048755 
877 1.043276 
878 1.037718 
879 1.032097 
880 1.026428 
881 1.020725 
882 1.015006 
883 1.009283 
884 1.003574 
885 0.997892 
886 0.992252 
887 0.986670 
888 0.981159 
889 0.975734 
890 0.970407 
891 0.965194 
892 0.960106 
893 0.955157 
894 0.950358 
895 0.945721 
896 0.941257 
897 0.936977 
898 0.932891 
899 0.929008 
900 0.925338 
901 0.921888 
902 0.918667 
903 0.915681 
904 0.912936 
905 0.910438 
906 0.908193 
907 0.906205 
908 0.904476 
909 0.903010 
910 0.901810 
911 0.900876 
912 0.900209 
913 0.899810 
914 0.899677 
915 0.899810 
916 0.900206 
917 0.900863 
918 0.901777 
919 0.902945 
920 0.904360 
921 0.906019 
922 0.907915 
923 0.910042 
924 0.912393 
925 0.914959 
926 0.917734 
927 0.920707 
928 0.923871 
929 0.927215 
930 0.930730 
931 0.934404 
932 0.938228 
933 0.942190 
934 0.946280 
935 0.950484 
936 0.954792 
937 0.959191 
938 0.963670 
939 0.968215 
940 0.972815 
941 0.977456 
942 0.982127 
943 0.986815 
944 0.991507 
945 0.996190 
946 1.000854 
947 1.005485 
948 1.010072 
949 1.014602 
950 1.019064 
951 1.023447 
952 1.027740 
953 1.031931 
954 1.036012 
955 1.039971 
956 1.043798 
957 1.047486 
958 1.051024 
959 1.054405 
960 1.057621 
961 1.060664 
962 1.063527 
963 1.066204 
964 1.068689 
965 1.070977 
966 1.073063 
967 1.074942 
968 1.076612 
969 1.078069 
970 1.079311 
971 1.080335 
972 1.081141 
973 1.081728 
974 1.082095 
975 1.082244 
976 1.082174 
977 1.081888 
978 1.081388 
979 1.080677 
980 1.079757 
981 1.078633 
982 1.077309 
983 1.075789 
984 1.074079 
985 1.072185 
986 1.070113 
987 1.067870 
988 1.065461 
989 1.062896 
990 1.060182 
991 1.057326 
992 1.054338 
993 1.051225 
994 1.047998 
995 1.044666 
996 1.041237 
997 1.037721 
998 1.034129 
999 1.030470 
1000 1.026755 
1001 1.022993 
1002 1.019194 
1003 1.015370 
1004 1.011530 
1005 1.007685 
1006 1.003844 
1007 1.000018 
1008 0.996217 
1009 0.992451 
1010 0.988728 
1011 0.985060 
1012 0.981455 
1013 0.977921 
1014 0.974470 
1015 0.971107 
1016 0.967843 
1017 0.964685 
1018 0.961640 
1019 0.958717 
1020 0.955921 
1021 0.953259 
1022 0.950738 
1023 0.948363 
1024 0.946140 
1025 0.944074 
1026 0.942168 
1027 0.940427 
1028 0.938855 
1029 0.937454 
1030 0.936227 
1031 0.935176 
1032 0.934303 
1033 0.933610 
1034 0.933095 
1035 0.932761 
1036 0.932606 
1037 0.932630 
1038 0.932831 
1039 0.933209 
1040 0.933760 
1041 0.934482 
1042 0.935373 
1043 0.936428 
1044 0.937644 
1045 0.939016 
1046 0.940541 
1047 0.942213 
1048 0.944026 
1049 0.945975 
1050 0.948054 
1051 0.950256 
1052 0.952576 
1053 0.955005 
1054 0.957538 
1055 0.960166 
1056 0.962882 
1057 0.965679 
1058 0.968548 
1059 0.971481 
1060 0.974471 
1061 0.977509 
1062 0.980586 
1063 0.983695 
1064 0.986827 
1065 0.989973 
1066 0.993125 
1067 0.996275 
1068 0.999414 
1069 1.002535 
1070 1.005629 
1071 1.008687 
1072 1.011704 
1073 1.014669 
1074 1.017577 
1075 1.020420 
1076 1.023190 
1077 1.025882 
1078 1.028487 
1079 1.031001 
1080 1.033416 
1081 1.035728 
1082 1.037930 
1083 1.040018 
1084 1.041987 
1085 1.043832 
1086 1.045550 
1087 1.047136 
1088 1.048588 
1089 1.049902 
1090 1.051076 
1091 1.052108 
1092 1.052995 
1093 1.053737 
1094 1.054333 
1095 1.054781 
1096 1.055081 
1097 1.055235 
1098 1.055242 
1099 1.055102 
1100 1.054819 
1101 1.054393 
1102 1.053826 
1103 1.053120 
1104 1.052280 
1105 1.051306 
1106 1.050204 
1107 1.048976 
1108 1.047628 
1109 1.046162 
1110 1.044584 
1111 1.042899 
1112 1.041111 
1113 1.039227 
1114 1.037251 
1115 1.035190 
1116 1.033049 
1117 1.030835 
1118 1.028555 
1119 1.026213 
1120 1.023818 
1121 1.021375 
1122 1.018892 
1123 1.016375 
1124 1.013831 
1125 1.011267 
1126 1.008690 
1127 1.006107 
1128 1.003525 
1129 1.000950 
1130 0.998389 
1131 0.995849 
1132 0.993336 
1133 0.990858 
1134 0.988419 
1135 0.986027 
1136 0.983687 
1137 0.981406 
1138 0.979188 
1139 0.977040 
1140 0.974966 
1141 0.972971 
1142 0.971061 
1143 0.969240 
1144 0.967511 
1145 0.965879 
1146 0.964348 
1147 0.962921 
1148 0.961601 
1149 0.960391 
1150 0.959294 
1151 0.958310 
1152 0.957444 
1153 0.956695 
1154 0.956065 
1155 0.955555 
1156 0.955166 
1157 0.954897 
1158 0.954750 
1159 0.954722 
1160 0.954815 
1161 0.955026 
1162 0.955354 
1163 0.955798 
1164 0.956356 
1165 0.957025 
1166 0.957804 
1167 0.958688 
1168 0.959676 
1169 0.960765 
1170 0.961949 
1171 0.963226 
1172 0.964593 
1173 0.966043 
1174 0.967574 
1175 0.969181 
1176 0.970859 
1177 0.972602 
1178 0.974407 
1179 0.976267 
1180 0.978178 
1181 0.980135 
1182 0.982131 
1183 0.984161 
1184 0.986220 
1185 0.988302 
1186 0.990402 
1187 0.992513 
1188 0.994630 
1189 0.996748 
1190 0.998860 
1191 1.000962 
1192 1.003048 
1193 1.005112 
1194 1.007149 
1195 1.009155 
1196 1.011123 
1197 1.013049 
1198 1.014928 
1199 1.016755 
1200 1.018526 
1201 1.020237 
1202 1.021884 
1203 1.023462 
1204 1.024968 
1205 1.026398 
1206 1.027749 
1207 1.029019 
1208 1.030203 
1209 1.031300 
1210 1.032308 
1211 1.033223 
1212 1.034045 
1213 1.034772 
1214 1.035402 
1215 1.035935 
1216 1.036369 
1217 1.036705 
1218 1.036942 
1219 1.037079 
1220 1.037118 
1221 1.037059 
1222 1.036902 
1223 1.036649 
1224 1.036301 
1225 1.035859 
1226 1.035325 
1227 1.034702 
1228 1.033991 
1229 1.033195 
1230 1.032317 
1231 1.031359 
1232 1.030325 
1233 1.029217 
1234 1.028039 
1235 1.026795 
1236 1.025488 
1237 1.024123 
1238 1.022703 
1239 1.021232 
1240 1.019714 
1241 1.018155 
1242 1.016557 
1243 1.014927 
1244 1.013267 
1245 1.011583 
1246 1.009880 
1247 1.008162 
1248 1.006433 
1249 1.004698 
1250 1.002963 
1251 1.001230 
1252 0.999506 
1253 0.997794 
1254 0.996100 
1255 0.994426 
1256 0.992778 
1257 0.991160 
1258 0.989576 
1259 0.988029 
1260 0.986524 
1261 0.985064 
1262 0.983654 
1263 0.982295 
1264 0.980992 
1265 0.979748 
1266 0.978565 
1267 0.977447 
1268 0.976395 
1269 0.975413 
1270 0.974501 
1271 0.973663 
1272 0.972900 
1273 0.972214 
1274 0.971605 
1275 0.971075 
1276 0.970625 
1277 0.970255 
1278 0.969967 
1279 0.969759 
1280 0.969633 
1281 0.969588 
1282 0.969623 
1283 0.969738 
1284 0.969933 
1285 0.970206 
1286 0.970555 
1287 0.970980 
1288 0.971479 
1289 0.972050 
1290 0.972691 
1291 0.973400 
1292 0.974175 
1293 0.975013 
1294 0.975912 
1295 0.976868 
1296 0.977879 
1297 0.978943 
1298 0.980055 
1299 0.981212 
1300 0.982411 
1301 0.983650 
1302 0.984923 
1303 0.986228 
1304 0.987561 
1305 0.988918 
1306 0.990296 
1307 0.991690 
1308 0.993097 
1309 0.994513 
1310 0.995935 
1311 0.997358 
1312 0.998779 
1313 1.000194 
1314 1.001599 
1315 1.002991 
1316 1.004366 
1317 1.005721 
1318 1.007052 
1319 1.008355 
1320 1.009628 
1321 1.010867 
1322 1.012069 
1323 1.013232 
1324 1.014352 
1325 1.015427 
1326 1.016455 
1327 1.017432 
1328 1.018357 
1329 1.019227 
1330 1.020041 
1331 1.020796 
1332 1.021492 
1333 1.022127 
1334 1.022699 
1335 1.023207 
1336 1.023650 
1337 1.024029 
1338 1.024341 
1339 1.024587 
1340 1.024766 
1341 1.024879 
1342 1.024926 
1343 1.024906 
1344 1.024821 
1345 1.024670 
1346 1.024456 
1347 1.024178 
1348 1.023838 
1349 1.023437 
1350 1.022978 
1351 1.022460 
1352 1.021886 
1353 1.021259 
1354 1.020579 
1355 1.019849 
1356 1.019072 
1357 1.018249 
1358 1.017384 
1359 1.016478 
1360 1.015535 
1361 1.014556 
1362 1.013546 
1363 1.012506 
1364 1.011440 
1365 1.010351 
1366 1.009242 
1367 1.008115 
1368 1.006974 
1369 1.005822 
1370 1.004663 
1371 1.003498 
1372 1.002332 
1373 1.001168 
1374 1.000007 
1375 0.998855 
1376 0.997713 
1377 0.996584 
1378 0.995472 
1379 0.994378 
1380 0.993307 
1381 0.992261 
1382 0.991241 
1383 0.990252 
1384 0.989295 
1385 0.988372 
1386 0.987486 
1387 0.986638 
1388 0.985832 
1389 0.985068 
1390 0.984349 
1391 0.983676 
1392 0.983050 
1393 0.982473 
1394 0.981946 
1395 0.981470 
1396 0.981047 
1397 0.980676 
1398 0.980359 
1399 0.980096 
1400 0.979887 
1401 0.979732 
1402 0.979633 
1403 0.979587 
1404 0.979596 
1405 0.979659 
1406 0.979776 
1407 0.979945 
1408 0.980166 
1409 0.980438 
1410 0.980760 
1411 0.981131 
1412 0.981549 
1413 0.982013 
1414 0.982522 
1415 0.983074 
1416 0.983668 
1417 0.984300 
1418 0.984970 
1419 0.985676 
1420 0.986414 
1421 0.987184 
1422 0.987983 
1423 0.988808 
1424 0.989658 
1425 0.990530 
1426 0.991421 
1427 0.992329 
1428 0.993251 
1429 0.994185 
1430 0.995129 
1431 0.996079 
1432 0.997033 
1433 0.997990 
1434 0.998945 
1435 0.999897 
1436 1.000843 
1437 1.001780 
1438 1.002707 
1439 1.003621 
1440 1.004519 
1441 1.005399 
1442 1.006259 
1443 1.007098 
1444 1.007911 
1445 1.008699 
1446 1.009459 
1447 1.010188 
1448 1.010886 
1449 1.011550 
1450 1.012180 
1451 1.012773 
1452 1.013329 
1453 1.013845 
1454 1.014322 
1455 1.014758 
1456 1.015151 
1457 1.015502 
1458 1.015810 
1459 1.016074 
1460 1.016294 
1461 1.016469 
1462 1.016599 
1463 1.016684 
1464 1.016725 
1465 1.016722 
1466 1.016674 
1467 1.016582 
1468 1.016447 
1469 1.016269 
1470 1.016049 
1471 1.015789 
1472 1.015488 
1473 1.015148 
1474 1.014770 
1475 1.014356 
1476 1.013906 
1477 1.013423 
1478 1.012907 
1479 1.012360 
1480 1.011784 
1481 1.011181 
1482 1.010552 
1483 1.009899 
1484 1.009225 
1485 1.008530 
1486 1.007817 
1487 1.007088 
1488 1.006345 
1489 1.005591 
1490 1.004826 
1491 1.004053 
1492 1.003275 
1493 1.002494 
1494 1.001710 
1495 1.000928 
1496 1.000148 
1497 0.999372 
1498 0.998604 
1499 0.997844 
1500 0.997094 
1501 0.996358 
1502 0.995636 
1503 0.994930 
1504 0.994242 
1505 0.993574 
1506 0.992927 
1507 0.992303 
1508 0.991704 
1509 0.991130 
1510 0.990584 
1511 0.990066 
1512 0.989578 
1513 0.989121 
1514 0.988696 
1515 0.988303 
1516 0.987944 
1517 0.987619 
1518 0.987329 
1519 0.987075 
1520 0.986857 
1521 0.986675 
1522 0.986529 
1523 0.986420 
1524 0.986348 
1525 0.986312 
1526 0.986313 
1527 0.986351 
1528 0.986424 
1529 0.986533 
1530 0.986677 
1531 0.986855 
1532 0.987068 
1533 0.987313 
1534 0.987590 
1535 0.987898 
1536 0.988236 
1537 0.988604 
1538 0.988999 
1539 0.989421 
1540 0.989869 
1541 0.990340 
1542 0.990834 
1543 0.991349 
1544 0.991884 
1545 0.992436 
1546 0.993006 
1547 0.993590 
1548 0.994187 
1549 0.994796 
1550 0.995415 
1551 0.996042 
1552 0.996676 
1553 0.997314 
1554 0.997955 
1555 0.998597 
1556 0.999239 
1557 0.999879 
1558 1.000515 
1559 1.001145 
1560 1.001769 
1561 1.002383 
1562 1.002987 
1563 1.003580 
1564 1.004159 
1565 1.004723 
1566 1.005271 
1567 1.005801 
1568 1.006312 
1569 1.006804 
1570 1.007274 
1571 1.007721 
1572 1.008145 
1573 1.008545 
1574 1.008919 
1575 1.009267 
1576 1.009589 
1577 1.009882 
1578 1.010148 
1579 1.010385 
1580 1.010592 
1581 1.010770 
1582 1.010919 
1583 1.011037 
1584 1.011125 
1585 1.011183 
1586 1.011211 
1587 1.011209 
1588 1.011177 
1589 1.011115 
1590 1.011025 
1591 1.010905 
1592 1.010758 
1593 1.010582 
1594 1.010380 
1595 1.010152 
1596 1.009898 
1597 1.009619 
1598 1.009317 
1599 1.008991 
1600 1.008644 
1601 1.008277 
1602 1.007889 
1603 1.007484 
1604 1.007061 
1605 1.006621 
1606 1.006168 
1607 1.005700 
1608 1.005221 
1609 1.004731 
1610 1.004232 
1611 1.003724 
1612 1.003210 
1613 1.002691 
1614 1.002168 
1615 1.001643 
1616 1.001116 
1617 1.000591 
1618 1.000067 
1619 0.999546 
1620 0.999030 
1621 0.998520 
1622 0.998018 
1623 0.997523 
1624 0.997039 
1625 0.996566 
1626 0.996105 
1627 0.995657 
1628 0.995224 
1629 0.994807 
1630 0.994406 
1631 0.994022 
1632 0.993657 
1633 0.993312 
1634 0.992986 
1635 0.992681 
1636 0.992398 
1637 0.992137 
1638 0.991899 
1639 0.991684 
1640 0.991492 
1641 0.991325 
1642 0.991181 
1643 0.991062 
1644 0.990968 
1645 0.990899 
1646 0.990854 
1647 0.990834 
1648 0.990839 
1649 0.990868 
1650 0.990921 
1651 0.990999 
1652 0.991100 
1653 0.991224 
1654 0.991370 
1655 0.991539 
1656 0.991729 
1657 0.991941 
1658 0.992172 
1659 0.992423 
1660 0.992692 
1661 0.992980 
1662 0.993284 
1663 0.993604 
1664 0.993939 
1665 0.994289 
1666 0.994651 
1667 0.995025 
1668 0.995411 
1669 0.995806 
1670 0.996209 
1671 0.996620 
1672 0.997038 
1673 0.997461 
1674 0.997888 
1675 0.998317 
1676 0.998749 
1677 0.999181 
1678 0.999612 
1679 1.000041 
1680 1.000468 
1681 1.000891 
1682 1.001308 
1683 1.001719 
1684 1.002123 
1685 1.002519 
1686 1.002905 
1687 1.003281 
1688 1.003645 
1689 1.003998 
1690 1.004337 
1691 1.004663 
1692 1.004974 
1693 1.005269 
1694 1.005549 
1695 1.005811 
1696 1.006057 
1697 1.006284 
1698 1.006493 
1699 1.006684 
1700 1.006855 
1701 1.007006 
1702 1.007138 
1703 1.007250 
1704 1.007341 
1705 1.007412 
1706 1.007463 
1707 1.007493 
1708 1.007503 
1709 1.007493 
1710 1.007463 
1711 1.007413 
1712 1.007343 
1713 1.007254 
1714 1.007146 
1715 1.007020 
1716 1.006875 
1717 1.006713 
1718 1.006534 
1719 1.006339 
1720 1.006128 
1721 1.005902 
1722 1.005661 
1723 1.005407 
1724 1.005140 
1725 1.004860 
1726 1.004570 
1727 1.004269 
1728 1.003959 
1729 1.003640 
1730 1.003313 
1731 1.002980 
1732 1.002641 
1733 1.002297 
1734 1.001948 
1735 1.001598 
1736 1.001245 
1737 1.000891 
1738 1.000537 
1739 1.000183 
1740 0.999832 
1741 0.999483 
1742 0.999139 
1743 0.998798 
1744 0.998463 
1745 0.998135 
1746 0.997814 
1747 0.997500 
1748 0.997196 
1749 0.996901 
1750 0.996617 
1751 0.996343 
1752 0.996081 
1753 0.995832 
1754 0.995595 
1755 0.995372 
1756 0.995163 
1757 0.994968 
1758 0.994788 
1759 0.994623 
1760 0.994475 
1761 0.994342 
1762 0.994225 
1763 0.994124 
1764 0.994041 
1765 0.993974 
1766 0.993923 
1767 0.993890 
1768 0.993873 
1769 0.993873 
1770 0.993890 
1771 0.993923 
1772 0.993973 
1773 0.994038 
1774 0.994120 
1775 0.994217 
1776 0.994328 
1777 0.994455 
1778 0.994596 
1779 0.994751 
1780 0.994919 
1781 0.995099 
1782 0.995292 
1783 0.995497 
1784 0.995712 
1785 0.995938 
1786 0.996173 
1787 0.996417 
1788 0.996670 
1789 0.996930 
1790 0.997196 
1791 0.997469 
1792 0.997746 
1793 0.998028 
1794 0.998314 
1795 0.998602 
1796 0.998893 
1797 0.999184 
1798 0.999476 
1799 0.999767 
1800 1.000057 
1801 1.000345 
1802 1.000630 
1803 1.000912 
1804 1.001190 
1805 1.001462 
1806 1.001728 
1807 1.001988 
1808 1.002241 
1809 1.002486 
1810 1.002723 
1811 1.002951 
1812 1.003169 
1813 1.003377 
1814 1.003575 
1815 1.003761 
1816 1.003936 
1817 1.004099 
1818 1.004249 
1819 1.004387 
1820 1.004512 
1821 1.004624 
1822 1.004722 
1823 1.004807 
1824 1.004878 
1825 1.004935 
1826 1.004979 
1827 1.005008 
1828 1.005023 
1829 1.005025 
1830 1.005012 
1831 1.004986 
1832 1.004947 
1833 1.004894 
1834 1.004828 
1835 1.004749 
1836 1.004657 
1837 1.004554 
1838 1.004438 
1839 1.004311 
1840 1.004173 
1841 1.004024 
1842 1.003865 
1843 1.003697 
1844 1.003519 
1845 1.003333 
1846 1.003139 
1847 1.002937 
1848 1.002729 
1849 1.002514 
1850 1.002294 
1851 1.002069 
1852 1.001840 
1853 1.001607 
1854 1.001371 
1855 1.001133 
1856 1.000893 
1857 1.000653 
1858 1.000412 
1859 1.000171 
1860 0.999932 
1861 0.999694 
1862 0.999459 
1863 0.999226 
1864 0.998997 
1865 0.998773 
1866 0.998553 
1867 0.998339 
1868 0.998131 
1869 0.997929 
1870 0.997735 
1871 0.997548 
1872 0.997368 
1873 0.997198 
1874 0.997036 
1875 0.996884 
1876 0.996741 
1877 0.996608 
1878 0.996485 
1879 0.996373 
1880 0.996272 
1881 0.996182 
1882 0.996103 
1883 0.996036 
1884 0.995980 
1885 0.995935 
1886 0.995902 
1887 0.995881 
1888 0.995872 
1889 0.995874 
1890 0.995888 
1891 0.995913 
1892 0.995949 
1893 0.995997 
1894 0.996056 
1895 0.996125 
1896 0.996205 
1897 0.996295 
1898 0.996395 
1899 0.996505 
1900 0.996623 
1901 0.996751 
1902 0.996887 
1903 0.997031 
1904 0.997182 
1905 0.997341 
1906 0.997506 
1907 0.997677 
1908 0.997854 
1909 0.998036 
1910 0.998222 
1911 0.998412 
1912 0.998606 
1913 0.998802 
1914 0.999000 
1915 0.999201 
1916 0.999402 
1917 0.999604 
1918 0.999806 
1919 1.000007 
1920 1.000207 
1921 1.000405 
1922 1.000601 
1923 1.000794 
1924 1.000984 
1925 1.001170 
1926 1.001351 
1927 1.001528 
1928 1.001699 
1929 1.001864 
1930 1.002023 
1931 1.002176 
1932 1.002321 
1933 1.002459 
1934 1.002589 
1935 1.002711 
1936 1.002824 
1937 1.002929 
1938 1.003025 
1939 1.003111 
1940 1.003189 
1941 1.003256 
1942 1.003314 
1943 1.003362 
1944 1.003400 
1945 1.003428 
1946 1.003446 
1947 1.003454 
1948 1.003452 
1949 1.003440 
1950 1.003418 
1951 1.003386 
1952 1.003345 
1953 1.003294 
1954 1.003234 
1955 1.003165 
1956 1.003088 
1957 1.003001 
1958 1.002907 
1959 1.002805 
1960 1.002695 
1961 1.002578 
1962 1.002454 
1963 1.002324 
1964 1.002188 
1965 1.002047 
1966 1.001900 
1967 1.001749 
1968 1.001593 
1969 1.001434 
1970 1.001271 
1971 1.001106 
1972 1.000938 
1973 1.000769 
1974 1.000598 
1975 1.000427 
1976 1.000255 
1977 1.000083 
1978 0.999912 
1979 0.999742 
1980 0.999574 
1981 0.999408 
1982 0.999244 
1983 0.999083 
1984 0.998926 
1985 0.998772 
1986 0.998623 
1987 0.998479 
1988 0.998340 
1989 0.998206 
1990 0.998078 
1991 0.997956 
1992 0.997841 
1993 0.997732 
1994 0.997631 
1995 0.997537 
1996 0.997450 
1997 0.997372 
1998 0.997301 
1999 0.997239 
