0.017552 0.017552 0.017552 
0.017552 0.017552 0.017552 
0.017552 0.017552 0.017552 
0.017551 0.017551 0.017551 
0.017551 0.017551 0.017551 
0.017551 0.017551 0.017551 
0.017551 0.017551 0.017551 
0.017550 0.017550 0.017550 
0.017550 0.017550 0.017550 
0.017550 0.017550 0.017550 
0.017549 0.017549 0.017549 
0.017549 0.017549 0.017549 
0.017549 0.017549 0.017549 
0.017548 0.017548 0.017548 
0.017548 0.017548 0.017548 
0.017548 0.017548 0.017548 
0.017548 0.017548 0.017548 
0.017547 0.017547 0.017547 
0.017547 0.017547 0.017547 
0.017547 0.017547 0.017547 
0.017546 0.017546 0.017546 
0.017546 0.017546 0.017546 
0.017546 0.017546 0.017546 
0.017545 0.017545 0.017545 
0.017545 0.017545 0.017545 
0.017545 0.017545 0.017545 
0.017544 0.017544 0.017544 
0.017544 0.017544 0.017544 
0.017544 0.017544 0.017544 
0.017544 0.017544 0.017544 
0.017543 0.017543 0.017543 
0.017543 0.017543 0.017543 
0.017543 0.017543 0.017543 
0.017542 0.017542 0.017542 
0.017542 0.017542 0.017542 
0.017542 0.017542 0.017542 
0.017541 0.017541 0.017541 
0.017541 0.017541 0.017541 
0.017541 0.017541 0.017541 
0.017541 0.017541 0.017541 
0.017540 0.017540 0.017540 
0.017540 0.017540 0.017540 
0.017540 0.017540 0.017540 
0.017539 0.017539 0.017539 
0.017539 0.017539 0.017539 
0.017539 0.017539 0.017539 
0.017538 0.017538 0.017538 
0.017538 0.017538 0.017538 
0.017538 0.017538 0.017538 
0.017537 0.017537 0.017537 
0.017537 0.017537 0.017537 
0.017537 0.017537 0.017537 
0.017537 0.017537 0.017537 
0.017536 0.017536 0.017536 
0.017536 0.017536 0.017536 
0.017536 0.017536 0.017536 
0.017535 0.017535 0.017535 
