0 0.000000 
1 0.000000 
2 0.000000 
3 0.000000 
4 0.000000 
5 0.000000 
6 0.000000 
7 0.000000 
8 0.000000 
9 0.000000 
10 0.000000 
11 0.000000 
12 0.000000 
13 0.000000 
14 0.000000 
15 0.000000 
16 0.000000 
17 0.000000 
18 0.000000 
19 0.000000 
20 0.000000 
21 0.000000 
22 0.000000 
23 0.000000 
24 0.000000 
25 0.000000 
26 0.000000 
27 0.000000 
28 0.000000 
29 0.000000 
30 0.000000 
31 0.000000 
32 0.000000 
33 0.000000 
34 0.000000 
35 0.000000 
36 0.000000 
37 0.000000 
38 0.000000 
39 0.000000 
40 0.000000 
41 0.000000 
42 0.000000 
43 0.000000 
44 0.000000 
45 0.000000 
46 0.000000 
47 0.000000 
48 0.000000 
49 0.000000 
50 0.000000 
51 0.000000 
52 0.000000 
53 0.000000 
54 0.000000 
55 0.000000 
56 0.000000 
57 0.000000 
58 0.000000 
59 0.000000 
60 0.000000 
61 0.000000 
62 0.000000 
63 0.000000 
64 0.000000 
65 0.000000 
66 0.000000 
67 0.000000 
68 0.000000 
69 0.000000 
70 0.000000 
71 0.000000 
72 0.000000 
73 0.000000 
74 0.000000 
75 0.000000 
76 0.000000 
77 0.000000 
78 0.000000 
79 0.000000 
80 0.000000 
81 0.000000 
82 0.000000 
83 0.000000 
84 0.000000 
85 0.000000 
86 0.000000 
87 0.000000 
88 0.000000 
89 0.000000 
90 0.000000 
91 6.628337 
92 6.214442 
93 5.826391 
94 5.462572 
95 5.121471 
96 4.801670 
97 4.501838 
98 4.220728 
99 3.957172 
100 3.710074 
101 3.478405 
102 3.261202 
103 3.057562 
104 2.866638 
105 2.687636 
106 2.519811 
107 2.362466 
108 2.214947 
109 2.076638 
110 1.946967 
111 1.825392 
112 1.711409 
113 1.604543 
114 1.504350 
115 1.410414 
116 1.322343 
117 1.239772 
118 1.162357 
119 1.089776 
120 1.021727 
121 0.957927 
122 0.898111 
123 0.842030 
124 0.789451 
125 0.740156 
126 0.693938 
127 0.650607 
128 0.609981 
129 0.571892 
130 0.536181 
131 0.502700 
132 0.471310 
133 0.441880 
134 0.414288 
135 0.388418 
136 0.364164 
137 0.341425 
138 0.320105 
139 0.300117 
140 0.281376 
141 0.263806 
142 0.247334 
143 0.231889 
144 0.217409 
145 0.203834 
146 0.191106 
147 0.179172 
148 0.167984 
149 0.157495 
150 0.147660 
151 0.138440 
152 0.129795 
153 0.121690 
154 0.114092 
155 0.106967 
156 0.100288 
157 0.094026 
158 0.088154 
159 0.082650 
160 0.077489 
161 0.072650 
162 0.068114 
163 0.063860 
164 0.059873 
165 0.056134 
166 0.052629 
167 0.049343 
168 0.046261 
169 0.043373 
170 0.040664 
171 0.038125 
172 0.035744 
173 0.033512 
174 0.031420 
175 0.029458 
176 0.027618 
177 0.025894 
178 0.024277 
179 0.022761 
180 0.021340 
181 0.020007 
182 0.432653 
183 0.793687 
184 1.107946 
185 1.379863 
186 1.613501 
187 1.812580 
188 1.980506 
189 2.120392 
190 2.235087 
191 2.327189 
192 2.399074 
193 2.452908 
194 2.490664 
195 2.514141 
196 2.524974 
197 2.524651 
198 2.514523 
199 2.495816 
200 2.469641 
201 2.437004 
202 2.398812 
203 2.355888 
204 2.308972 
205 2.258728 
206 2.205757 
207 2.150593 
208 2.093719 
209 2.035562 
210 1.976504 
211 1.916884 
212 1.857004 
213 1.797128 
214 1.737489 
215 1.678290 
216 1.619710 
217 1.561902 
218 1.504998 
219 1.449110 
220 1.394334 
221 1.340749 
222 1.288418 
223 1.237396 
224 1.187721 
225 1.139426 
226 1.092531 
227 1.047049 
228 1.002988 
229 0.960347 
230 0.919120 
231 0.879298 
232 0.840865 
233 0.803803 
234 0.768091 
235 0.733705 
236 0.700618 
237 0.668803 
238 0.638229 
239 0.608865 
240 0.580680 
241 0.553641 
242 0.527715 
243 0.502867 
244 0.479066 
245 0.456276 
246 0.434464 
247 0.413597 
248 0.393642 
249 0.374566 
250 0.356338 
251 0.338926 
252 0.322299 
253 0.306427 
254 0.291280 
255 0.276830 
256 0.263049 
257 0.249910 
258 0.237386 
259 0.225451 
260 0.214082 
261 0.203253 
262 0.192942 
263 0.183126 
264 0.173783 
265 0.164894 
266 0.156437 
267 0.148393 
268 0.140744 
269 0.133471 
270 0.126558 
271 0.119988 
272 0.113745 
273 0.133658 
274 0.174873 
275 0.233137 
276 0.304743 
277 0.386466 
278 0.475517 
279 0.569494 
280 0.666337 
281 0.764295 
282 0.861887 
283 0.957874 
284 1.051229 
285 1.141112 
286 1.226848 
287 1.307907 
288 1.383885 
289 1.454485 
290 1.519509 
291 1.578838 
292 1.632424 
293 1.680280 
294 1.722466 
295 1.759089 
296 1.790288 
297 1.816231 
298 1.837109 
299 1.853132 
300 1.864523 
301 1.871515 
302 1.874348 
303 1.873264 
304 1.868510 
305 1.860328 
306 1.848961 
307 1.834645 
308 1.817614 
309 1.798093 
310 1.776301 
311 1.752450 
312 1.726742 
313 1.699371 
314 1.670524 
315 1.640376 
316 1.609095 
317 1.576839 
318 1.543758 
319 1.509990 
320 1.475669 
321 1.440917 
322 1.405847 
323 1.370568 
324 1.335178 
325 1.299767 
326 1.264421 
327 1.229215 
328 1.194222 
329 1.159504 
330 1.125121 
331 1.091124 
332 1.057562 
333 1.024477 
334 0.991907 
335 0.959883 
336 0.928437 
337 0.897592 
338 0.867370 
339 0.837789 
340 0.808864 
341 0.780607 
342 0.753027 
343 0.726131 
344 0.699924 
345 0.674407 
346 0.649581 
347 0.625445 
348 0.601996 
349 0.579228 
350 0.557137 
351 0.535716 
352 0.514956 
353 0.494849 
354 0.475384 
355 0.456551 
356 0.438339 
357 0.420736 
358 0.403730 
359 0.387308 
360 0.371458 
361 0.356166 
362 0.341418 
363 0.327201 
364 0.315116 
365 0.306358 
366 0.301786 
367 0.301971 
368 0.307247 
369 0.317755 
370 0.333474 
371 0.354259 
372 0.379863 
373 0.409963 
374 0.444176 
375 0.482083 
376 0.523235 
377 0.567171 
378 0.613425 
379 0.661535 
380 0.711050 
381 0.761533 
382 0.812568 
383 0.863762 
384 0.914748 
385 0.965185 
386 1.014759 
387 1.063185 
388 1.110208 
389 1.155597 
390 1.199153 
391 1.240701 
392 1.280091 
393 1.317198 
394 1.351920 
395 1.384177 
396 1.413909 
397 1.441075 
398 1.465650 
399 1.487627 
400 1.507013 
401 1.523828 
402 1.538103 
403 1.549882 
404 1.559216 
405 1.566166 
406 1.570799 
407 1.573190 
408 1.573418 
409 1.571565 
410 1.567720 
411 1.561972 
412 1.554412 
413 1.545135 
414 1.534234 
415 1.521804 
416 1.507940 
417 1.492733 
418 1.476278 
419 1.458666 
420 1.439985 
421 1.420324 
422 1.399768 
423 1.378400 
424 1.356300 
425 1.333546 
426 1.310213 
427 1.286374 
428 1.262098 
429 1.237450 
430 1.212494 
431 1.187291 
432 1.161896 
433 1.136365 
434 1.110750 
435 1.085097 
436 1.059452 
437 1.033859 
438 1.008357 
439 0.982983 
440 0.957771 
441 0.932755 
442 0.907963 
443 0.883422 
444 0.859159 
445 0.835195 
446 0.811552 
447 0.788247 
448 0.765299 
449 0.742722 
450 0.720529 
451 0.698732 
452 0.677341 
453 0.656365 
454 0.635812 
455 0.615786 
456 0.596465 
457 0.578064 
458 0.560824 
459 0.544990 
460 0.530801 
461 0.518479 
462 0.508225 
463 0.500210 
464 0.494575 
465 0.491428 
466 0.490844 
467 0.492867 
468 0.497507 
469 0.504745 
470 0.514536 
471 0.526807 
472 0.541464 
473 0.558393 
474 0.577461 
475 0.598523 
476 0.621418 
477 0.645980 
478 0.672032 
479 0.699393 
480 0.727880 
481 0.757308 
482 0.787493 
483 0.818252 
484 0.849408 
485 0.880786 
486 0.912220 
487 0.943547 
488 0.974614 
489 1.005275 
490 1.035395 
491 1.064844 
492 1.093504 
493 1.121266 
494 1.148030 
495 1.173705 
496 1.198211 
497 1.221476 
498 1.243438 
499 1.264042 
500 1.283244 
501 1.301007 
502 1.317302 
503 1.332107 
504 1.345409 
505 1.357199 
506 1.367477 
507 1.376247 
508 1.383520 
509 1.389312 
510 1.393642 
511 1.396535 
512 1.398020 
513 1.398129 
514 1.396896 
515 1.394361 
516 1.390563 
517 1.385545 
518 1.379353 
519 1.372031 
520 1.363627 
521 1.354189 
522 1.343768 
523 1.332411 
524 1.320169 
525 1.307092 
526 1.293230 
527 1.278633 
528 1.263348 
529 1.247426 
530 1.230914 
531 1.213858 
532 1.196305 
533 1.178301 
534 1.159888 
535 1.141110 
536 1.122008 
537 1.102623 
538 1.082992 
539 1.063155 
540 1.043147 
541 1.023002 
542 1.002754 
543 0.982435 
544 0.962075 
545 0.941702 
546 0.921351 
547 0.901065 
548 0.880896 
549 0.860910 
550 0.841184 
551 0.821803 
552 0.802863 
553 0.784465 
554 0.766716 
555 0.749723 
556 0.733594 
557 0.718437 
558 0.704352 
559 0.691436 
560 0.679779 
561 0.669461 
562 0.660553 
563 0.653117 
564 0.647202 
565 0.642848 
566 0.640080 
567 0.638915 
568 0.639356 
569 0.641397 
570 0.645019 
571 0.650193 
572 0.656882 
573 0.665038 
574 0.674605 
575 0.685521 
576 0.697714 
577 0.711108 
578 0.725623 
579 0.741171 
580 0.757662 
581 0.775005 
582 0.793103 
583 0.811861 
584 0.831182 
585 0.850967 
586 0.871119 
587 0.891544 
588 0.912146 
589 0.932833 
590 0.953514 
591 0.974103 
592 0.994516 
593 1.014671 
594 1.034493 
595 1.053907 
596 1.072845 
597 1.091242 
598 1.109038 
599 1.126177 
600 1.142607 
601 1.158282 
602 1.173159 
603 1.187199 
604 1.200369 
605 1.212640 
606 1.223987 
607 1.234388 
608 1.243825 
609 1.252287 
610 1.259764 
611 1.266249 
612 1.271739 
613 1.276236 
614 1.279743 
615 1.282267 
616 1.283816 
617 1.284403 
618 1.284043 
619 1.282750 
620 1.280544 
621 1.277444 
622 1.273473 
623 1.268654 
624 1.263012 
625 1.256572 
626 1.249363 
627 1.241410 
628 1.232744 
629 1.223393 
630 1.213387 
631 1.202757 
632 1.191533 
633 1.179745 
634 1.167425 
635 1.154602 
636 1.141309 
637 1.127574 
638 1.113431 
639 1.098911 
640 1.084050 
641 1.068886 
642 1.053458 
643 1.037810 
644 1.021991 
645 1.006052 
646 0.990046 
647 0.974033 
648 0.958074 
649 0.942231 
650 0.926572 
651 0.911162 
652 0.896070 
653 0.881364 
654 0.867112 
655 0.853381 
656 0.840235 
657 0.827738 
658 0.815947 
659 0.804921 
660 0.794711 
661 0.785364 
662 0.776924 
663 0.769429 
664 0.762911 
665 0.757397 
666 0.752909 
667 0.749463 
668 0.747069 
669 0.745730 
670 0.745446 
671 0.746209 
672 0.748007 
673 0.750824 
674 0.754635 
675 0.759415 
676 0.765132 
677 0.771751 
678 0.779231 
679 0.787531 
680 0.796604 
681 0.806403 
682 0.816874 
683 0.827967 
684 0.839626 
685 0.851794 
686 0.864414 
687 0.877429 
688 0.890780 
689 0.904409 
690 0.918257 
691 0.932266 
692 0.946378 
693 0.960539 
694 0.974692 
695 0.988783 
696 1.002761 
697 1.016575 
698 1.030175 
699 1.043515 
700 1.056551 
701 1.069239 
702 1.081540 
703 1.093416 
704 1.104831 
705 1.115752 
706 1.126149 
707 1.135993 
708 1.145259 
709 1.153924 
710 1.161967 
711 1.169371 
712 1.176118 
713 1.182196 
714 1.187594 
715 1.192302 
716 1.196314 
717 1.199626 
718 1.202234 
719 1.204138 
720 1.205340 
721 1.205842 
722 1.205648 
723 1.204766 
724 1.203203 
725 1.200969 
726 1.198073 
727 1.194528 
728 1.190347 
729 1.185544 
730 1.180134 
731 1.174134 
732 1.167562 
733 1.160437 
734 1.152780 
735 1.144613 
736 1.135962 
737 1.126851 
738 1.117309 
739 1.107366 
740 1.097055 
741 1.086410 
742 1.075468 
743 1.064266 
744 1.052846 
745 1.041249 
746 1.029519 
747 1.017700 
748 1.005839 
749 0.993983 
750 0.982178 
751 0.970473 
752 0.958915 
753 0.947552 
754 0.936431 
755 0.925596 
756 0.915095 
757 0.904968 
758 0.895259 
759 0.886006 
760 0.877248 
761 0.869019 
762 0.861351 
763 0.854274 
764 0.847815 
765 0.841998 
766 0.836842 
767 0.832365 
768 0.828581 
769 0.825500 
770 0.823130 
771 0.821474 
772 0.820533 
773 0.820306 
774 0.820785 
775 0.821962 
776 0.823825 
777 0.826360 
778 0.829549 
779 0.833373 
780 0.837809 
781 0.842833 
782 0.848418 
783 0.854535 
784 0.861154 
785 0.868244 
786 0.875771 
787 0.883701 
788 0.891998 
789 0.900626 
790 0.909548 
791 0.918727 
792 0.928125 
793 0.937705 
794 0.947428 
795 0.957256 
796 0.967152 
797 0.977080 
798 0.987002 
799 0.996883 
800 1.006689 
801 1.016384 
802 1.025936 
803 1.035313 
804 1.044483 
805 1.053419 
806 1.062090 
807 1.070470 
808 1.078533 
809 1.086256 
810 1.093616 
811 1.100591 
812 1.107162 
813 1.113310 
814 1.119020 
815 1.124275 
816 1.129062 
817 1.133370 
818 1.137188 
819 1.140506 
820 1.143317 
821 1.145615 
822 1.147394 
823 1.148652 
824 1.149387 
825 1.149598 
826 1.149286 
827 1.148453 
828 1.147103 
829 1.145242 
830 1.142877 
831 1.140015 
832 1.136667 
833 1.132846 
834 1.128563 
835 1.123835 
836 1.118678 
837 1.113111 
838 1.107154 
839 1.100827 
840 1.094156 
841 1.087165 
842 1.079879 
843 1.072326 
844 1.064536 
845 1.056537 
846 1.048362 
847 1.040041 
848 1.031608 
849 1.023095 
850 1.014536 
851 1.005964 
852 0.997414 
853 0.988919 
854 0.980513 
855 0.972228 
856 0.964098 
857 0.956153 
858 0.948424 
859 0.940942 
860 0.933735 
861 0.926830 
862 0.920253 
863 0.914027 
864 0.908176 
865 0.902721 
866 0.897679 
867 0.893069 
868 0.888904 
869 0.885199 
870 0.881964 
871 0.879208 
872 0.876938 
873 0.875158 
874 0.873871 
875 0.873078 
876 0.872777 
877 0.872965 
878 0.873636 
879 0.874784 
880 0.876398 
881 0.878469 
882 0.880983 
883 0.883927 
884 0.887286 
885 0.891042 
886 0.895177 
887 0.899671 
888 0.904505 
889 0.909656 
890 0.915103 
891 0.920822 
892 0.926789 
893 0.932980 
894 0.939369 
895 0.945933 
896 0.952644 
897 0.959477 
898 0.966407 
899 0.973408 
900 0.980454 
901 0.987519 
902 0.994578 
903 1.001607 
904 1.008581 
905 1.015476 
906 1.022268 
907 1.028935 
908 1.035455 
909 1.041806 
910 1.047967 
911 1.053919 
912 1.059643 
913 1.065121 
914 1.070335 
915 1.075269 
916 1.079909 
917 1.084239 
918 1.088247 
919 1.091920 
920 1.095248 
921 1.098220 
922 1.100828 
923 1.103064 
924 1.104922 
925 1.106397 
926 1.107484 
927 1.108182 
928 1.108488 
929 1.108403 
930 1.107929 
931 1.107068 
932 1.105824 
933 1.104203 
934 1.102212 
935 1.099859 
936 1.097153 
937 1.094106 
938 1.090730 
939 1.087039 
940 1.083046 
941 1.078768 
942 1.074222 
943 1.069427 
944 1.064400 
945 1.059163 
946 1.053735 
947 1.048139 
948 1.042396 
949 1.036530 
950 1.030562 
951 1.024517 
952 1.018419 
953 1.012291 
954 1.006156 
955 1.000040 
956 0.993965 
957 0.987954 
958 0.982031 
959 0.976218 
960 0.970536 
961 0.965008 
962 0.959652 
963 0.954489 
964 0.949537 
965 0.944814 
966 0.940337 
967 0.936120 
968 0.932178 
969 0.928525 
970 0.925171 
971 0.922127 
972 0.919403 
973 0.917005 
974 0.914942 
975 0.913216 
976 0.911833 
977 0.910795 
978 0.910101 
979 0.909753 
980 0.909749 
981 0.910084 
982 0.910756 
983 0.911758 
984 0.913084 
985 0.914726 
986 0.916676 
987 0.918922 
988 0.921455 
989 0.924263 
990 0.927332 
991 0.930649 
992 0.934200 
993 0.937970 
994 0.941944 
995 0.946105 
996 0.950436 
997 0.954921 
998 0.959542 
999 0.964281 
1000 0.969121 
1001 0.974044 
1002 0.979030 
1003 0.984062 
1004 0.989123 
1005 0.994192 
1006 0.999253 
1007 1.004288 
1008 1.009278 
1009 1.014207 
1010 1.019058 
1011 1.023813 
1012 1.028457 
1013 1.032974 
1014 1.037348 
1015 1.041565 
1016 1.045611 
1017 1.049472 
1018 1.053135 
1019 1.056589 
1020 1.059822 
1021 1.062823 
1022 1.065583 
1023 1.068094 
1024 1.070346 
1025 1.072333 
1026 1.074050 
1027 1.075490 
1028 1.076650 
1029 1.077527 
1030 1.078119 
1031 1.078425 
1032 1.078445 
1033 1.078179 
1034 1.077631 
1035 1.076804 
1036 1.075701 
1037 1.074328 
1038 1.072692 
1039 1.070800 
1040 1.068659 
1041 1.066280 
1042 1.063672 
1043 1.060847 
1044 1.057815 
1045 1.054590 
1046 1.051184 
1047 1.047612 
1048 1.043888 
1049 1.040026 
1050 1.036043 
1051 1.031954 
1052 1.027775 
1053 1.023523 
1054 1.019214 
1055 1.014865 
1056 1.010493 
1057 1.006115 
1058 1.001746 
1059 0.997405 
1060 0.993106 
1061 0.988867 
1062 0.984702 
1063 0.980627 
1064 0.976657 
1065 0.972806 
1066 0.969088 
1067 0.965515 
1068 0.962101 
1069 0.958857 
1070 0.955794 
1071 0.952921 
1072 0.950249 
1073 0.947786 
1074 0.945539 
1075 0.943515 
1076 0.941719 
1077 0.940158 
1078 0.938834 
1079 0.937752 
1080 0.936911 
1081 0.936315 
1082 0.935964 
1083 0.935855 
1084 0.935989 
1085 0.936363 
1086 0.936972 
1087 0.937815 
1088 0.938884 
1089 0.940175 
1090 0.941681 
1091 0.943395 
1092 0.945310 
1093 0.947416 
1094 0.949705 
1095 0.952166 
1096 0.954790 
1097 0.957566 
1098 0.960483 
1099 0.963530 
1100 0.966693 
1101 0.969962 
1102 0.973324 
1103 0.976765 
1104 0.980273 
1105 0.983836 
1106 0.987439 
1107 0.991069 
1108 0.994714 
1109 0.998359 
1110 1.001993 
1111 1.005601 
1112 1.009172 
1113 1.012691 
1114 1.016148 
1115 1.019529 
1116 1.022823 
1117 1.026018 
1118 1.029104 
1119 1.032069 
1120 1.034904 
1121 1.037599 
1122 1.040145 
1123 1.042533 
1124 1.044755 
1125 1.046805 
1126 1.048674 
1127 1.050359 
1128 1.051852 
1129 1.053150 
1130 1.054249 
1131 1.055146 
1132 1.055838 
1133 1.056324 
1134 1.056604 
1135 1.056677 
1136 1.056545 
1137 1.056208 
1138 1.055669 
1139 1.054932 
1140 1.053999 
1141 1.052877 
1142 1.051569 
1143 1.050083 
1144 1.048424 
1145 1.046600 
1146 1.044618 
1147 1.042487 
1148 1.040217 
1149 1.037815 
1150 1.035293 
1151 1.032660 
1152 1.029926 
1153 1.027104 
1154 1.024204 
1155 1.021237 
1156 1.018215 
1157 1.015150 
1158 1.012053 
1159 1.008937 
1160 1.005813 
1161 1.002692 
1162 0.999588 
1163 0.996510 
1164 0.993471 
1165 0.990482 
1166 0.987553 
1167 0.984695 
1168 0.981917 
1169 0.979231 
1170 0.976645 
1171 0.974168 
1172 0.971808 
1173 0.969574 
1174 0.967472 
1175 0.965510 
1176 0.963694 
1177 0.962029 
1178 0.960521 
1179 0.959173 
1180 0.957991 
1181 0.956976 
1182 0.956131 
1183 0.955458 
1184 0.954959 
1185 0.954634 
1186 0.954483 
1187 0.954504 
1188 0.954698 
1189 0.955062 
1190 0.955592 
1191 0.956287 
1192 0.957143 
1193 0.958155 
1194 0.959318 
1195 0.960627 
1196 0.962077 
1197 0.963661 
1198 0.965373 
1199 0.967205 
1200 0.969150 
1201 0.971200 
1202 0.973348 
1203 0.975584 
1204 0.977899 
1205 0.980286 
1206 0.982735 
1207 0.985236 
1208 0.987780 
1209 0.990358 
1210 0.992960 
1211 0.995576 
1212 0.998197 
1213 1.000813 
1214 1.003414 
1215 1.005992 
1216 1.008536 
1217 1.011038 
1218 1.013489 
1219 1.015880 
1220 1.018203 
1221 1.020449 
1222 1.022611 
1223 1.024681 
1224 1.026652 
1225 1.028517 
1226 1.030271 
1227 1.031906 
1228 1.033419 
1229 1.034803 
1230 1.036055 
1231 1.037171 
1232 1.038147 
1233 1.038981 
1234 1.039670 
1235 1.040212 
1236 1.040607 
1237 1.040854 
1238 1.040953 
1239 1.040903 
1240 1.040707 
1241 1.040367 
1242 1.039883 
1243 1.039259 
1244 1.038498 
1245 1.037604 
1246 1.036581 
1247 1.035433 
1248 1.034166 
1249 1.032785 
1250 1.031296 
1251 1.029705 
1252 1.028019 
1253 1.026245 
1254 1.024390 
1255 1.022461 
1256 1.020466 
1257 1.018413 
1258 1.016310 
1259 1.014166 
1260 1.011988 
1261 1.009784 
1262 1.007564 
1263 1.005335 
1264 1.003107 
1265 1.000886 
1266 0.998682 
1267 0.996502 
1268 0.994354 
1269 0.992246 
1270 0.990186 
1271 0.988181 
1272 0.986238 
1273 0.984364 
1274 0.982564 
1275 0.980846 
1276 0.979215 
1277 0.977676 
1278 0.976234 
1279 0.974895 
1280 0.973662 
1281 0.972539 
1282 0.971529 
1283 0.970636 
1284 0.969862 
1285 0.969208 
1286 0.968677 
1287 0.968269 
1288 0.967985 
1289 0.967826 
1290 0.967791 
1291 0.967880 
1292 0.968090 
1293 0.968421 
1294 0.968871 
1295 0.969437 
1296 0.970117 
1297 0.970907 
1298 0.971803 
1299 0.972801 
1300 0.973899 
1301 0.975089 
1302 0.976368 
1303 0.977731 
1304 0.979172 
1305 0.980684 
1306 0.982263 
1307 0.983902 
1308 0.985594 
1309 0.987334 
1310 0.989114 
1311 0.990927 
1312 0.992767 
1313 0.994626 
1314 0.996499 
1315 0.998377 
1316 1.000254 
1317 1.002124 
1318 1.003978 
1319 1.005811 
1320 1.007615 
1321 1.009385 
1322 1.011114 
1323 1.012796 
1324 1.014424 
1325 1.015994 
1326 1.017500 
1327 1.018936 
1328 1.020298 
1329 1.021580 
1330 1.022780 
1331 1.023893 
1332 1.024915 
1333 1.025843 
1334 1.026674 
1335 1.027406 
1336 1.028037 
1337 1.028564 
1338 1.028987 
1339 1.029305 
1340 1.029517 
1341 1.029623 
1342 1.029624 
1343 1.029519 
1344 1.029311 
1345 1.029000 
1346 1.028589 
1347 1.028079 
1348 1.027473 
1349 1.026774 
1350 1.025985 
1351 1.025110 
1352 1.024153 
1353 1.023117 
1354 1.022007 
1355 1.020828 
1356 1.019584 
1357 1.018280 
1358 1.016923 
1359 1.015516 
1360 1.014066 
1361 1.012579 
1362 1.011059 
1363 1.009514 
1364 1.007948 
1365 1.006368 
1366 1.004780 
1367 1.003189 
1368 1.001602 
1369 1.000024 
1370 0.998462 
1371 0.996920 
1372 0.995405 
1373 0.993921 
1374 0.992474 
1375 0.991070 
1376 0.989712 
1377 0.988406 
1378 0.987157 
1379 0.985967 
1380 0.984842 
1381 0.983785 
1382 0.982800 
1383 0.981889 
1384 0.981055 
1385 0.980302 
1386 0.979631 
1387 0.979044 
1388 0.978542 
1389 0.978128 
1390 0.977802 
1391 0.977564 
1392 0.977415 
1393 0.977355 
1394 0.977384 
1395 0.977500 
1396 0.977703 
1397 0.977992 
1398 0.978364 
1399 0.978819 
1400 0.979353 
1401 0.979965 
1402 0.980651 
1403 0.981409 
1404 0.982235 
1405 0.983126 
1406 0.984078 
1407 0.985087 
1408 0.986149 
1409 0.987261 
1410 0.988417 
1411 0.989613 
1412 0.990844 
1413 0.992106 
1414 0.993394 
1415 0.994702 
1416 0.996026 
1417 0.997361 
1418 0.998702 
1419 1.000044 
1420 1.001382 
1421 1.002711 
1422 1.004026 
1423 1.005322 
1424 1.006595 
1425 1.007840 
1426 1.009053 
1427 1.010230 
1428 1.011365 
1429 1.012456 
1430 1.013499 
1431 1.014490 
1432 1.015425 
1433 1.016302 
1434 1.017118 
1435 1.017870 
1436 1.018556 
1437 1.019173 
1438 1.019720 
1439 1.020196 
1440 1.020598 
1441 1.020926 
1442 1.021180 
1443 1.021358 
1444 1.021461 
1445 1.021488 
1446 1.021441 
1447 1.021320 
1448 1.021125 
1449 1.020858 
1450 1.020520 
1451 1.020114 
1452 1.019641 
1453 1.019103 
1454 1.018502 
1455 1.017842 
1456 1.017126 
1457 1.016355 
1458 1.015534 
1459 1.014666 
1460 1.013754 
1461 1.012802 
1462 1.011813 
1463 1.010793 
1464 1.009744 
1465 1.008671 
1466 1.007578 
1467 1.006468 
1468 1.005347 
1469 1.004219 
1470 1.003087 
1471 1.001956 
1472 1.000830 
1473 0.999713 
1474 0.998609 
1475 0.997523 
1476 0.996458 
1477 0.995417 
1478 0.994405 
1479 0.993425 
1480 0.992480 
1481 0.991575 
1482 0.990711 
1483 0.989891 
1484 0.989119 
1485 0.988397 
1486 0.987727 
1487 0.987112 
1488 0.986553 
1489 0.986052 
1490 0.985610 
1491 0.985229 
1492 0.984909 
1493 0.984652 
1494 0.984459 
1495 0.984328 
1496 0.984261 
1497 0.984256 
1498 0.984315 
1499 0.984436 
1500 0.984618 
1501 0.984860 
1502 0.985161 
1503 0.985520 
1504 0.985935 
1505 0.986403 
1506 0.986923 
1507 0.987493 
1508 0.988110 
1509 0.988771 
1510 0.989474 
1511 0.990216 
1512 0.990994 
1513 0.991804 
1514 0.992645 
1515 0.993511 
1516 0.994401 
1517 0.995310 
1518 0.996235 
1519 0.997173 
1520 0.998119 
1521 0.999071 
1522 1.000025 
1523 1.000977 
1524 1.001924 
1525 1.002862 
1526 1.003788 
1527 1.004698 
1528 1.005590 
1529 1.006460 
1530 1.007306 
1531 1.008123 
1532 1.008909 
1533 1.009662 
1534 1.010379 
1535 1.011058 
1536 1.011696 
1537 1.012291 
1538 1.012842 
1539 1.013346 
1540 1.013802 
1541 1.014209 
1542 1.014566 
1543 1.014871 
1544 1.015124 
1545 1.015324 
1546 1.015471 
1547 1.015564 
1548 1.015604 
1549 1.015591 
1550 1.015526 
1551 1.015408 
1552 1.015238 
1553 1.015019 
1554 1.014750 
1555 1.014433 
1556 1.014070 
1557 1.013662 
1558 1.013212 
1559 1.012720 
1560 1.012189 
1561 1.011622 
1562 1.011020 
1563 1.010387 
1564 1.009724 
1565 1.009034 
1566 1.008321 
1567 1.007586 
1568 1.006833 
1569 1.006065 
1570 1.005284 
1571 1.004494 
1572 1.003697 
1573 1.002897 
1574 1.002096 
1575 1.001297 
1576 1.000504 
1577 0.999719 
1578 0.998945 
1579 0.998185 
1580 0.997441 
1581 0.996716 
1582 0.996014 
1583 0.995335 
1584 0.994683 
1585 0.994059 
1586 0.993467 
1587 0.992907 
1588 0.992382 
1589 0.991893 
1590 0.991442 
1591 0.991031 
1592 0.990660 
1593 0.990331 
1594 0.990044 
1595 0.989801 
1596 0.989601 
1597 0.989446 
1598 0.989336 
1599 0.989271 
1600 0.989250 
1601 0.989274 
1602 0.989342 
1603 0.989453 
1604 0.989608 
1605 0.989804 
1606 0.990041 
1607 0.990319 
1608 0.990634 
1609 0.990987 
1610 0.991375 
1611 0.991798 
1612 0.992252 
1613 0.992736 
1614 0.993249 
1615 0.993788 
1616 0.994350 
1617 0.994935 
1618 0.995538 
1619 0.996159 
1620 0.996794 
1621 0.997442 
1622 0.998099 
1623 0.998763 
1624 0.999432 
1625 1.000103 
1626 1.000774 
1627 1.001442 
1628 1.002104 
1629 1.002759 
1630 1.003405 
1631 1.004037 
1632 1.004655 
1633 1.005257 
1634 1.005839 
1635 1.006401 
1636 1.006940 
1637 1.007454 
1638 1.007942 
1639 1.008402 
1640 1.008832 
1641 1.009232 
1642 1.009599 
1643 1.009934 
1644 1.010234 
1645 1.010499 
1646 1.010728 
1647 1.010921 
1648 1.011077 
1649 1.011195 
1650 1.011277 
1651 1.011321 
1652 1.011327 
1653 1.011297 
1654 1.011230 
1655 1.011127 
1656 1.010988 
1657 1.010814 
1658 1.010607 
1659 1.010366 
1660 1.010094 
1661 1.009791 
1662 1.009459 
1663 1.009099 
1664 1.008713 
1665 1.008302 
1666 1.007868 
1667 1.007413 
1668 1.006938 
1669 1.006446 
1670 1.005938 
1671 1.005417 
1672 1.004884 
1673 1.004341 
1674 1.003791 
1675 1.003235 
1676 1.002676 
1677 1.002116 
1678 1.001557 
1679 1.001001 
1680 1.000449 
1681 0.999905 
1682 0.999369 
1683 0.998844 
1684 0.998332 
1685 0.997835 
1686 0.997353 
1687 0.996890 
1688 0.996446 
1689 0.996023 
1690 0.995623 
1691 0.995246 
1692 0.994894 
1693 0.994568 
1694 0.994269 
1695 0.993998 
1696 0.993756 
1697 0.993544 
1698 0.993362 
1699 0.993210 
1700 0.993089 
1701 0.992999 
1702 0.992940 
1703 0.992912 
1704 0.992916 
1705 0.992950 
1706 0.993015 
1707 0.993109 
1708 0.993233 
1709 0.993386 
1710 0.993567 
1711 0.993775 
1712 0.994008 
1713 0.994267 
1714 0.994550 
1715 0.994856 
1716 0.995183 
1717 0.995530 
1718 0.995895 
1719 0.996278 
1720 0.996676 
1721 0.997088 
1722 0.997512 
1723 0.997947 
1724 0.998391 
1725 0.998843 
1726 0.999300 
1727 0.999761 
1728 1.000224 
1729 1.000687 
1730 1.001149 
1731 1.001608 
1732 1.002063 
1733 1.002511 
1734 1.002951 
1735 1.003382 
1736 1.003802 
1737 1.004210 
1738 1.004603 
1739 1.004982 
1740 1.005344 
1741 1.005689 
1742 1.006015 
1743 1.006321 
1744 1.006606 
1745 1.006869 
1746 1.007110 
1747 1.007328 
1748 1.007522 
1749 1.007692 
1750 1.007837 
1751 1.007957 
1752 1.008051 
1753 1.008120 
1754 1.008163 
1755 1.008180 
1756 1.008172 
1757 1.008139 
1758 1.008081 
1759 1.007998 
1760 1.007891 
1761 1.007760 
1762 1.007607 
1763 1.007431 
1764 1.007234 
1765 1.007017 
1766 1.006780 
1767 1.006525 
1768 1.006252 
1769 1.005962 
1770 1.005658 
1771 1.005340 
1772 1.005009 
1773 1.004667 
1774 1.004315 
1775 1.003955 
1776 1.003587 
1777 1.003214 
1778 1.002836 
1779 1.002456 
1780 1.002074 
1781 1.001692 
1782 1.001312 
1783 1.000935 
1784 1.000561 
1785 1.000194 
1786 0.999833 
1787 0.999480 
1788 0.999137 
1789 0.998805 
1790 0.998484 
1791 0.998176 
1792 0.997882 
1793 0.997603 
1794 0.997340 
1795 0.997093 
1796 0.996864 
1797 0.996653 
1798 0.996461 
1799 0.996288 
1800 0.996135 
1801 0.996002 
1802 0.995889 
1803 0.995797 
1804 0.995727 
1805 0.995677 
1806 0.995648 
1807 0.995640 
1808 0.995653 
1809 0.995686 
1810 0.995740 
1811 0.995813 
1812 0.995906 
1813 0.996018 
1814 0.996148 
1815 0.996296 
1816 0.996461 
1817 0.996641 
1818 0.996838 
1819 0.997049 
1820 0.997273 
1821 0.997510 
1822 0.997759 
1823 0.998019 
1824 0.998288 
1825 0.998566 
1826 0.998852 
1827 0.999144 
1828 0.999441 
1829 0.999742 
1830 1.000046 
1831 1.000353 
1832 1.000660 
1833 1.000966 
1834 1.001272 
1835 1.001574 
1836 1.001874 
1837 1.002168 
1838 1.002457 
1839 1.002739 
1840 1.003014 
1841 1.003280 
1842 1.003536 
1843 1.003782 
1844 1.004017 
1845 1.004241 
1846 1.004451 
1847 1.004649 
1848 1.004832 
1849 1.005001 
1850 1.005155 
1851 1.005294 
1852 1.005417 
1853 1.005523 
1854 1.005614 
1855 1.005687 
1856 1.005744 
1857 1.005784 
1858 1.005807 
1859 1.005814 
1860 1.005803 
1861 1.005776 
1862 1.005732 
1863 1.005673 
1864 1.005597 
1865 1.005507 
1866 1.005401 
1867 1.005281 
1868 1.005148 
1869 1.005001 
1870 1.004841 
1871 1.004670 
1872 1.004488 
1873 1.004296 
1874 1.004094 
1875 1.003883 
1876 1.003665 
1877 1.003440 
1878 1.003209 
1879 1.002973 
1880 1.002734 
1881 1.002491 
1882 1.002245 
1883 1.001999 
1884 1.001753 
1885 1.001507 
1886 1.001262 
1887 1.001021 
1888 1.000782 
1889 1.000548 
1890 1.000319 
1891 1.000096 
1892 0.999879 
1893 0.999670 
1894 0.999469 
1895 0.999277 
1896 0.999094 
1897 0.998921 
1898 0.998758 
1899 0.998607 
1900 0.998467 
1901 0.998338 
1902 0.998222 
1903 0.998118 
1904 0.998027 
1905 0.997948 
1906 0.997883 
1907 0.997830 
1908 0.997791 
1909 0.997765 
1910 0.997751 
1911 0.997751 
1912 0.997763 
1913 0.997787 
1914 0.997824 
1915 0.997873 
1916 0.997934 
1917 0.998005 
1918 0.998088 
1919 0.998181 
1920 0.998284 
1921 0.998396 
1922 0.998518 
1923 0.998648 
1924 0.998785 
1925 0.998930 
1926 0.999082 
1927 0.999240 
1928 0.999404 
1929 0.999572 
1930 0.999745 
1931 0.999921 
1932 1.000100 
1933 1.000282 
1934 1.000465 
1935 1.000650 
1936 1.000834 
1937 1.001019 
1938 1.001203 
1939 1.001386 
1940 1.001566 
1941 1.001744 
1942 1.001919 
1943 1.002089 
1944 1.002256 
1945 1.002417 
1946 1.002573 
1947 1.002723 
1948 1.002867 
1949 1.003003 
1950 1.003132 
1951 1.003253 
1952 1.003366 
1953 1.003470 
1954 1.003565 
1955 1.003650 
1956 1.003726 
1957 1.003792 
1958 1.003848 
1959 1.003894 
1960 1.003929 
1961 1.003954 
1962 1.003968 
1963 1.003973 
1964 1.003967 
1965 1.003951 
1966 1.003925 
1967 1.003889 
1968 1.003844 
1969 1.003790 
1970 1.003727 
1971 1.003656 
1972 1.003577 
1973 1.003490 
1974 1.003396 
1975 1.003295 
1976 1.003188 
1977 1.003076 
1978 1.002958 
1979 1.002836 
1980 1.002710 
1981 1.002580 
1982 1.002448 
1983 1.002313 
1984 1.002176 
1985 1.002039 
1986 1.001900 
1987 1.001762 
1988 1.001624 
1989 1.001488 
1990 1.001353 
1991 1.001220 
1992 1.001089 
1993 1.000962 
1994 1.000837 
1995 1.000717 
1996 1.000601 
1997 1.000490 
1998 1.000383 
1999 1.000282 
