-6.000000 0.000000 50.605068 171.500000 114.706603 
-3.600000 0.000000 60.526149 158.250000 111.350458 
-1.200000 0.000000 66.626692 148.500000 107.993655 
1.200000 0.000000 70.921286 140.750000 105.005341 
3.600000 0.000000 74.139960 134.750000 102.537004 
6.000000 0.000000 76.611294 130.750000 100.587036 
8.400000 0.000000 78.533053 127.250000 99.076417 
10.800000 0.000000 80.045974 125.000000 97.907573 
13.200000 0.000000 81.254473 123.000000 96.993740 
15.600000 0.000000 82.232677 121.500000 96.269570 
18.000000 0.000000 83.034438 120.500000 95.687275 
20.400000 0.000000 83.738478 119.250000 95.184562 
22.800000 0.000000 84.256831 118.750000 94.819642 
25.200000 0.000000 84.830094 117.750000 94.421160 
27.600000 0.000000 85.117377 117.500000 94.223465 
30.000000 0.000000 85.635457 116.750000 93.870259 
32.400000 0.000000 85.955203 116.500000 93.654392 
34.800000 0.000000 86.043277 116.250000 93.595210 
37.200000 0.000000 86.356623 115.750000 93.385616 
39.600000 0.000000 86.859550 115.000000 93.052374 
