-9.000000 -0.000000 51.335014 185.000000 58.675720 
-8.850000 -0.000000 54.456757 182.250000 57.362707 
-8.700000 -0.000000 57.640348 179.750000 55.993832 
-8.550000 -0.000000 60.888494 177.250000 54.572883 
-8.400000 -0.000000 64.205147 174.750000 53.104217 
-8.250000 -0.000000 67.595300 172.250000 51.592734 
-8.100000 -0.000000 71.064756 170.000000 50.043853 
-7.950000 -0.000000 74.619878 167.750000 48.463466 
-7.800000 -0.000000 78.267331 165.500000 46.857900 
-7.650000 -0.000000 82.013812 163.250000 45.233849 
-7.500000 -0.000000 85.865780 161.250000 43.598304 
-7.350000 -0.000000 89.829184 159.250000 41.958463 
-7.200000 -0.000000 93.909196 157.250000 40.321632 
-7.050000 -0.000000 98.109956 155.250000 38.695113 
-6.900000 -0.000000 102.434338 153.250000 37.086082 
-6.750000 -0.000000 106.883748 151.500000 35.501462 
-6.600000 -0.000000 111.457955 149.500000 33.947798 
-6.450000 -0.000000 116.154979 147.750000 32.431129 
-6.300000 -0.000000 120.971042 145.500000 30.956887 
-6.150000 -0.000000 125.900578 144.250000 29.529792 
