-40.800000 0.274000 50.055912 195.500000 143.419944 
-36.600000 0.274000 54.661986 181.750000 143.020171 
-32.400000 0.274000 56.858535 175.000000 142.501191 
-28.200000 0.274000 58.208093 171.250000 141.829708 
-24.000000 0.274000 59.234878 168.500000 140.939935 
-19.800000 0.274000 60.197047 166.250000 139.685151 
-15.600000 0.274000 61.271704 163.500000 137.812532 
-11.400000 0.274000 62.659557 159.500000 134.975572 
-7.200000 0.274000 64.642350 153.000000 130.685376 
-3.000000 0.274000 67.576806 144.000000 124.460462 
1.200000 0.274000 71.530838 143.500000 116.694326 
5.400000 0.274000 75.835128 133.750000 109.113406 
9.600000 0.274000 79.450642 126.250000 103.416242 
13.800000 0.274000 81.974874 121.750000 99.799657 
18.000000 0.274000 83.649861 119.250000 97.579254 
22.200000 0.274000 84.801936 117.750000 96.147989 
26.400000 0.274000 85.640575 116.500000 95.165664 
30.600000 0.274000 86.061038 116.250000 94.688729 
34.800000 0.274000 86.832337 115.250000 93.860911 
39.000000 0.274000 86.998428 115.000000 93.684757 
