0.027695 0.027695 0.027695 
0.027205 0.027205 0.027205 
0.026725 0.026725 0.026725 
0.026252 0.026252 0.026252 
0.025789 0.025789 0.025789 
0.025333 0.025333 0.025333 
0.024885 0.024885 0.024885 
0.024446 0.024446 0.024446 
0.024014 0.024014 0.024014 
0.023589 0.023589 0.023589 
0.023172 0.023172 0.023172 
0.022763 0.022763 0.022763 
0.022361 0.022361 0.022361 
0.021966 0.021966 0.021966 
0.021577 0.021577 0.021577 
0.021196 0.021196 0.021196 
0.020822 0.020822 0.020822 
0.020454 0.020454 0.020454 
0.020092 0.020092 0.020092 
0.019737 0.019737 0.019737 
0.019388 0.019388 0.019388 
0.019046 0.019046 0.019046 
0.018709 0.018709 0.018709 
0.018379 0.018379 0.018379 
0.018054 0.018054 0.018054 
0.017735 0.017735 0.017735 
0.017422 0.017422 0.017422 
0.017114 0.017114 0.017114 
0.016811 0.016811 0.016811 
0.016514 0.016514 0.016514 
0.016222 0.016222 0.016222 
0.015936 0.015936 0.015936 
0.015654 0.015654 0.015654 
0.015378 0.015378 0.015378 
0.015106 0.015106 0.015106 
0.014839 0.014839 0.014839 
0.014577 0.014577 0.014577 
0.014319 0.014319 0.014319 
0.014066 0.014066 0.014066 
0.013818 0.013818 0.013818 
0.013573 0.013573 0.013573 
0.013334 0.013334 0.013334 
0.013098 0.013098 0.013098 
0.012867 0.012867 0.012867 
0.012639 0.012639 0.012639 
0.012416 0.012416 0.012416 
0.012196 0.012196 0.012196 
0.011981 0.011981 0.011981 
0.011769 0.011769 0.011769 
0.011561 0.011561 0.011561 
0.011357 0.011357 0.011357 
0.011156 0.011156 0.011156 
0.010959 0.010959 0.010959 
0.010765 0.010765 0.010765 
0.010575 0.010575 0.010575 
0.010388 0.010388 0.010388 
0.010205 0.010205 0.010205 
