-62.000000 0.411000 52.920219 180.250000 144.891366 
-56.700000 0.411000 61.308455 162.000000 144.671854 
-51.400000 0.411000 64.289236 154.750000 144.385459 
-46.100000 0.411000 65.863191 151.500000 144.018660 
-40.800000 0.411000 66.921891 149.000000 143.530931 
-35.500000 0.411000 67.811850 147.250000 142.806030 
-30.200000 0.411000 68.516297 146.000000 141.980447 
-24.900000 0.411000 69.422358 144.250000 140.683860 
-19.600000 0.411000 70.791058 141.500000 138.389285 
-14.300000 0.411000 73.065204 136.500000 134.364437 
-9.000000 0.411000 77.440339 126.000000 126.941808 
-3.700000 0.411000 84.980440 122.000000 115.753077 
1.600000 0.411000 93.441202 108.000000 105.336612 
6.900000 0.411000 99.087336 100.500000 99.445902 
12.200000 0.411000 102.138509 97.750000 96.606850 
17.500000 0.411000 103.904343 96.000000 95.090771 
22.800000 0.411000 105.009361 95.250000 94.198316 
28.100000 0.411000 105.932526 94.250000 93.492034 
33.400000 0.411000 106.357652 93.750000 93.183598 
38.700000 0.411000 106.991207 93.250000 92.732017 
