0 0.000000 
1 0.000000 
2 0.000000 
3 0.000000 
4 0.000000 
5 0.000000 
6 0.000000 
7 0.000000 
8 0.000000 
9 0.000000 
10 0.000000 
11 0.000000 
12 0.000000 
13 0.000000 
14 0.000000 
15 0.000000 
16 0.000000 
17 0.000000 
18 0.000000 
19 0.000000 
20 0.000000 
21 0.000000 
22 0.000000 
23 0.000000 
24 0.000000 
25 0.000000 
26 0.000000 
27 0.000000 
28 0.000000 
29 0.000000 
30 0.000000 
31 0.000000 
32 0.000000 
33 0.000000 
34 0.000000 
35 0.000000 
36 0.000000 
37 0.000000 
38 0.000000 
39 0.000000 
40 0.000000 
41 0.000000 
42 0.000000 
43 0.000000 
44 0.000000 
45 0.000000 
46 0.000000 
47 0.000000 
48 0.000000 
49 0.000000 
50 0.000000 
51 0.000000 
52 0.000000 
53 0.000000 
54 0.000000 
55 0.000000 
56 0.000000 
57 0.000000 
58 0.000000 
59 0.000000 
60 0.000000 
61 0.000000 
62 0.000000 
63 0.000000 
64 0.000000 
65 0.000000 
66 0.000000 
67 0.000000 
68 0.000000 
69 0.000000 
70 0.000000 
71 0.000000 
72 0.000000 
73 0.000000 
74 0.000000 
75 0.000000 
76 0.000000 
77 0.000000 
78 0.000000 
79 0.000000 
80 0.000000 
81 0.000000 
82 0.000000 
83 0.000000 
84 0.000000 
85 0.000000 
86 0.000000 
87 0.000000 
88 0.000000 
89 0.000000 
90 0.000000 
91 0.000000 
92 0.000000 
93 0.000000 
94 0.000000 
95 0.000000 
96 0.000000 
97 0.000000 
98 0.000000 
99 0.000000 
100 0.000000 
101 0.000000 
102 0.000000 
103 0.000000 
104 0.000000 
105 0.000000 
106 0.000000 
107 0.000000 
108 0.000000 
109 0.000000 
110 0.000000 
111 0.000000 
112 0.000000 
113 0.000000 
114 0.000000 
115 0.000000 
116 0.000000 
117 0.000000 
118 0.000000 
119 0.000000 
120 0.000000 
121 0.000000 
122 0.000000 
123 0.000000 
124 0.000000 
125 0.000000 
126 0.000000 
127 0.000000 
128 0.000000 
129 0.000000 
130 0.000000 
131 0.000000 
132 0.000000 
133 0.000000 
134 0.000000 
135 0.000000 
136 0.000000 
137 0.000000 
138 0.000000 
139 0.000000 
140 0.000000 
141 0.000000 
142 0.000000 
143 0.000000 
144 0.000000 
145 0.000000 
146 0.000000 
147 8.695089 
148 8.237569 
149 7.804124 
150 7.393489 
151 7.004461 
152 6.635906 
153 6.286744 
154 5.955957 
155 5.642576 
156 5.345687 
157 5.064421 
158 4.797956 
159 4.545513 
160 4.306354 
161 4.079781 
162 3.865131 
163 3.661776 
164 3.469122 
165 3.286606 
166 3.113695 
167 2.949882 
168 2.794690 
169 2.647664 
170 2.508375 
171 2.376415 
172 2.251398 
173 2.132961 
174 2.020755 
175 1.914453 
176 1.813745 
177 1.718335 
178 1.627946 
179 1.542313 
180 1.461185 
181 1.384326 
182 1.311511 
183 1.242527 
184 1.177172 
185 1.115256 
186 1.056597 
187 1.001024 
188 0.948375 
189 0.898496 
190 0.851241 
191 0.806471 
192 0.764057 
193 0.723874 
194 0.685805 
195 0.649738 
196 0.615569 
197 0.583196 
198 0.552527 
199 0.523471 
200 0.495943 
201 0.469863 
202 0.445155 
203 0.421746 
204 0.399569 
205 0.378558 
206 0.358652 
207 0.339792 
208 0.321925 
209 0.304997 
210 0.288960 
211 0.273766 
212 0.259371 
213 0.245733 
214 0.232812 
215 0.220570 
216 0.208973 
217 0.197985 
218 0.187575 
219 0.177712 
220 0.168368 
221 0.159515 
222 0.151128 
223 0.143182 
224 0.135653 
225 0.128520 
226 0.121763 
227 0.115361 
228 0.109295 
229 0.103548 
230 0.098103 
231 0.092945 
232 0.088058 
233 0.083428 
234 0.079041 
235 0.074885 
236 0.070947 
237 0.067217 
238 0.063682 
239 0.060333 
240 0.057161 
241 0.054155 
242 0.051307 
243 0.048609 
244 0.046053 
245 0.043631 
246 0.041337 
247 0.039163 
248 0.037103 
249 0.035152 
250 0.033303 
251 0.031552 
252 0.029893 
253 0.028320 
254 0.026831 
255 0.025420 
256 0.024083 
257 0.022816 
258 0.021616 
259 0.020479 
260 0.019402 
261 0.018382 
262 0.017415 
263 0.016499 
264 0.015631 
265 0.014809 
266 0.014030 
267 0.013292 
268 0.012592 
269 0.011930 
270 0.011302 
271 0.010708 
272 0.010144 
273 0.009611 
274 0.009105 
275 0.008626 
276 0.008172 
277 0.007742 
278 0.007335 
279 0.006949 
280 0.006583 
281 0.006237 
282 0.005909 
283 0.005598 
284 0.005303 
285 0.005024 
286 0.004760 
287 0.004510 
288 0.004272 
289 0.004047 
290 0.003835 
291 0.003633 
292 0.003442 
293 0.003260 
294 0.460609 
295 0.869815 
296 1.234680 
297 1.558736 
298 1.845267 
299 2.097325 
300 2.317746 
301 2.509159 
302 2.674009 
303 2.814561 
304 2.932915 
305 3.031018 
306 3.110675 
307 3.173555 
308 3.221204 
309 3.255050 
310 3.276414 
311 3.286517 
312 3.286485 
313 3.277356 
314 3.260089 
315 3.235565 
316 3.204596 
317 3.167929 
318 3.126249 
319 3.080185 
320 3.030314 
321 2.977165 
322 2.921221 
323 2.862923 
324 2.802674 
325 2.740842 
326 2.677759 
327 2.613728 
328 2.549024 
329 2.483896 
330 2.418566 
331 2.353238 
332 2.288090 
333 2.223286 
334 2.158970 
335 2.095269 
336 2.032297 
337 1.970154 
338 1.908926 
339 1.848690 
340 1.789511 
341 1.731444 
342 1.674535 
343 1.618825 
344 1.564343 
345 1.511116 
346 1.459161 
347 1.408493 
348 1.359119 
349 1.311044 
350 1.264267 
351 1.218786 
352 1.174592 
353 1.131677 
354 1.090028 
355 1.049631 
356 1.010469 
357 0.972524 
358 0.935776 
359 0.900204 
360 0.865787 
361 0.832501 
362 0.800322 
363 0.769225 
364 0.739187 
365 0.710182 
366 0.682183 
367 0.655166 
368 0.629104 
369 0.603972 
370 0.579744 
371 0.556394 
372 0.533897 
373 0.512228 
374 0.491362 
375 0.471275 
376 0.451941 
377 0.433338 
378 0.415442 
379 0.398230 
380 0.381679 
381 0.365769 
382 0.350476 
383 0.335780 
384 0.321661 
385 0.308098 
386 0.295072 
387 0.282565 
388 0.270556 
389 0.259030 
390 0.247967 
391 0.237352 
392 0.227168 
393 0.217398 
394 0.208027 
395 0.199041 
396 0.190425 
397 0.182164 
398 0.174246 
399 0.166656 
400 0.159383 
401 0.152414 
402 0.145737 
403 0.139341 
404 0.133214 
405 0.127346 
406 0.121727 
407 0.116347 
408 0.111196 
409 0.106265 
410 0.101545 
411 0.097027 
412 0.092704 
413 0.088566 
414 0.084608 
415 0.080821 
416 0.077198 
417 0.073733 
418 0.070418 
419 0.067248 
420 0.064217 
421 0.061319 
422 0.058547 
423 0.055898 
424 0.053365 
425 0.050944 
426 0.048630 
427 0.046418 
428 0.044305 
429 0.042285 
430 0.040355 
431 0.038511 
432 0.036750 
433 0.035067 
434 0.033459 
435 0.031924 
436 0.030457 
437 0.029057 
438 0.027719 
439 0.026442 
440 0.025222 
441 0.048133 
442 0.091372 
443 0.151536 
444 0.225587 
445 0.310819 
446 0.404831 
447 0.505496 
448 0.610935 
449 0.719502 
450 0.829751 
451 0.940426 
452 1.050439 
453 1.158853 
454 1.264870 
455 1.367815 
456 1.467122 
457 1.562325 
458 1.653049 
459 1.738995 
460 1.819936 
461 1.895706 
462 1.966198 
463 2.031347 
464 2.091138 
465 2.145586 
466 2.194743 
467 2.238688 
468 2.277521 
469 2.311366 
470 2.340360 
471 2.364657 
472 2.384420 
473 2.399822 
474 2.411044 
475 2.418270 
476 2.421688 
477 2.421488 
478 2.417861 
479 2.410996 
480 2.401082 
481 2.388306 
482 2.372851 
483 2.354896 
484 2.334617 
485 2.312183 
486 2.287762 
487 2.261513 
488 2.233590 
489 2.204144 
490 2.173317 
491 2.141247 
492 2.108065 
493 2.073897 
494 2.038862 
495 2.003075 
496 1.966642 
497 1.929668 
498 1.892247 
499 1.854472 
500 1.816428 
501 1.778196 
502 1.739852 
503 1.701467 
504 1.663106 
505 1.624833 
506 1.586703 
507 1.548769 
508 1.511083 
509 1.473687 
510 1.436624 
511 1.399932 
512 1.363646 
513 1.327798 
514 1.292415 
515 1.257524 
516 1.223147 
517 1.189306 
518 1.156017 
519 1.123297 
520 1.091160 
521 1.059616 
522 1.028675 
523 0.998346 
524 0.968635 
525 0.939546 
526 0.911082 
527 0.883245 
528 0.856036 
529 0.829454 
530 0.803498 
531 0.778164 
532 0.753451 
533 0.729352 
534 0.705863 
535 0.682978 
536 0.660690 
537 0.638993 
538 0.617879 
539 0.597340 
540 0.577367 
541 0.557952 
542 0.539086 
543 0.520758 
544 0.502960 
545 0.485681 
546 0.468911 
547 0.452641 
548 0.436860 
549 0.421558 
550 0.406723 
551 0.392347 
552 0.378417 
553 0.364925 
554 0.351859 
555 0.339209 
556 0.326964 
557 0.315115 
558 0.303651 
559 0.292563 
560 0.281840 
561 0.271472 
562 0.261451 
563 0.251765 
564 0.242406 
565 0.233365 
566 0.224633 
567 0.216200 
568 0.208058 
569 0.200198 
570 0.192612 
571 0.185291 
572 0.178228 
573 0.171414 
574 0.164842 
575 0.158505 
576 0.152394 
577 0.146503 
578 0.140825 
579 0.135353 
580 0.130079 
581 0.124999 
582 0.120104 
583 0.115390 
584 0.110850 
585 0.106478 
586 0.102269 
587 0.098217 
588 0.095583 
589 0.095363 
590 0.098320 
591 0.105018 
592 0.115849 
593 0.131057 
594 0.150762 
595 0.174980 
596 0.203636 
597 0.236587 
598 0.273628 
599 0.314510 
600 0.358947 
601 0.406625 
602 0.457212 
603 0.510364 
604 0.565729 
605 0.622956 
606 0.681694 
607 0.741601 
608 0.802342 
609 0.863597 
610 0.925057 
611 0.986428 
612 1.047434 
613 1.107816 
614 1.167332 
615 1.225759 
616 1.282890 
617 1.338540 
618 1.392538 
619 1.444733 
620 1.494990 
621 1.543190 
622 1.589233 
623 1.633031 
624 1.674511 
625 1.713615 
626 1.750298 
627 1.784527 
628 1.816280 
629 1.845547 
630 1.872327 
631 1.896629 
632 1.918470 
633 1.937874 
634 1.954874 
635 1.969509 
636 1.981823 
637 1.991865 
638 1.999690 
639 2.005356 
640 2.008925 
641 2.010463 
642 2.010035 
643 2.007712 
644 2.003566 
645 1.997669 
646 1.990094 
647 1.980917 
648 1.970210 
649 1.958050 
650 1.944511 
651 1.929666 
652 1.913590 
653 1.896354 
654 1.878029 
655 1.858688 
656 1.838397 
657 1.817226 
658 1.795239 
659 1.772502 
660 1.749076 
661 1.725023 
662 1.700401 
663 1.675267 
664 1.649678 
665 1.623684 
666 1.597339 
667 1.570691 
668 1.543787 
669 1.516673 
670 1.489391 
671 1.461983 
672 1.434488 
673 1.406945 
674 1.379387 
675 1.351850 
676 1.324364 
677 1.296960 
678 1.269667 
679 1.242511 
680 1.215517 
681 1.188709 
682 1.162109 
683 1.135737 
684 1.109612 
685 1.083752 
686 1.058173 
687 1.032889 
688 1.007916 
689 0.983264 
690 0.958946 
691 0.934972 
692 0.911351 
693 0.888090 
694 0.865198 
695 0.842681 
696 0.820543 
697 0.798790 
698 0.777426 
699 0.756453 
700 0.735873 
701 0.715689 
702 0.695902 
703 0.676511 
704 0.657517 
705 0.638919 
706 0.620716 
707 0.602907 
708 0.585489 
709 0.568459 
710 0.551816 
711 0.535556 
712 0.519676 
713 0.504171 
714 0.489038 
715 0.474272 
716 0.459869 
717 0.445824 
718 0.432133 
719 0.418790 
720 0.405790 
721 0.393128 
722 0.380798 
723 0.368795 
724 0.357113 
725 0.345747 
726 0.334689 
727 0.323936 
728 0.313481 
729 0.303318 
730 0.293441 
731 0.283844 
732 0.274522 
733 0.265468 
734 0.256677 
735 0.248210 
736 0.240176 
737 0.232719 
738 0.226007 
739 0.220218 
740 0.215533 
741 0.212130 
742 0.210181 
743 0.209842 
744 0.211254 
745 0.214540 
746 0.219805 
747 0.227131 
748 0.236580 
749 0.248195 
750 0.261995 
751 0.277983 
752 0.296142 
753 0.316436 
754 0.338816 
755 0.363215 
756 0.389555 
757 0.417743 
758 0.447678 
759 0.479249 
760 0.512337 
761 0.546817 
762 0.582557 
763 0.619424 
764 0.657280 
765 0.695985 
766 0.735401 
767 0.775387 
768 0.815806 
769 0.856521 
770 0.897398 
771 0.938306 
772 0.979119 
773 1.019714 
774 1.059972 
775 1.099783 
776 1.139037 
777 1.177634 
778 1.215477 
779 1.252476 
780 1.288547 
781 1.323614 
782 1.357603 
783 1.390449 
784 1.422094 
785 1.452482 
786 1.481568 
787 1.509308 
788 1.535668 
789 1.560615 
790 1.584125 
791 1.606178 
792 1.626757 
793 1.645853 
794 1.663459 
795 1.679573 
796 1.694197 
797 1.707337 
798 1.719003 
799 1.729207 
800 1.737965 
801 1.745298 
802 1.751225 
803 1.755771 
804 1.758963 
805 1.760830 
806 1.761401 
807 1.760708 
808 1.758786 
809 1.755670 
810 1.751394 
811 1.745997 
812 1.739517 
813 1.731991 
814 1.723460 
815 1.713963 
816 1.703540 
817 1.692230 
818 1.680074 
819 1.667112 
820 1.653384 
821 1.638930 
822 1.623789 
823 1.608000 
824 1.591601 
825 1.574631 
826 1.557126 
827 1.539124 
828 1.520660 
829 1.501771 
830 1.482489 
831 1.462849 
832 1.442884 
833 1.422625 
834 1.402104 
835 1.381351 
836 1.360394 
837 1.339263 
838 1.317984 
839 1.296583 
840 1.275086 
841 1.253518 
842 1.231902 
843 1.210260 
844 1.188613 
845 1.166984 
846 1.145390 
847 1.123851 
848 1.102385 
849 1.081008 
850 1.059738 
851 1.038588 
852 1.017574 
853 0.996709 
854 0.976005 
855 0.955476 
856 0.935131 
857 0.914983 
858 0.895039 
859 0.875310 
860 0.855804 
861 0.836528 
862 0.817490 
863 0.798697 
864 0.780154 
865 0.761866 
866 0.743839 
867 0.726076 
868 0.708582 
869 0.691360 
870 0.674412 
871 0.657742 
872 0.641350 
873 0.625239 
874 0.609409 
875 0.593863 
876 0.578599 
877 0.563618 
878 0.548920 
879 0.534505 
880 0.520372 
881 0.506519 
882 0.492949 
883 0.479670 
884 0.466697 
885 0.454052 
886 0.441768 
887 0.429883 
888 0.418444 
889 0.407503 
890 0.397119 
891 0.387356 
892 0.378278 
893 0.369954 
894 0.362453 
895 0.355843 
896 0.350192 
897 0.345563 
898 0.342019 
899 0.339616 
900 0.338407 
901 0.338438 
902 0.339752 
903 0.342382 
904 0.346357 
905 0.351698 
906 0.358419 
907 0.366528 
908 0.376025 
909 0.386903 
910 0.399149 
911 0.412743 
912 0.427659 
913 0.443865 
914 0.461323 
915 0.479990 
916 0.499818 
917 0.520754 
918 0.542742 
919 0.565722 
920 0.589629 
921 0.614397 
922 0.639957 
923 0.666239 
924 0.693169 
925 0.720674 
926 0.748679 
927 0.777108 
928 0.805887 
929 0.834940 
930 0.864192 
931 0.893570 
932 0.923001 
933 0.952413 
934 0.981736 
935 1.010902 
936 1.039845 
937 1.068502 
938 1.096809 
939 1.124708 
940 1.152142 
941 1.179057 
942 1.205402 
943 1.231128 
944 1.256190 
945 1.280544 
946 1.304152 
947 1.326976 
948 1.348982 
949 1.370139 
950 1.390421 
951 1.409800 
952 1.428255 
953 1.445767 
954 1.462318 
955 1.477894 
956 1.492485 
957 1.506080 
958 1.518674 
959 1.530262 
960 1.540842 
961 1.550414 
962 1.558981 
963 1.566547 
964 1.573118 
965 1.578702 
966 1.583309 
967 1.586950 
968 1.589638 
969 1.591386 
970 1.592211 
971 1.592129 
972 1.591158 
973 1.589317 
974 1.586625 
975 1.583103 
976 1.578773 
977 1.573656 
978 1.567776 
979 1.561155 
980 1.553817 
981 1.545787 
982 1.537088 
983 1.527745 
984 1.517783 
985 1.507227 
986 1.496102 
987 1.484433 
988 1.472245 
989 1.459562 
990 1.446409 
991 1.432812 
992 1.418794 
993 1.404379 
994 1.389591 
995 1.374454 
996 1.358991 
997 1.343224 
998 1.327176 
999 1.310869 
1000 1.294324 
1001 1.277562 
1002 1.260605 
1003 1.243471 
1004 1.226180 
1005 1.208752 
1006 1.191205 
1007 1.173557 
1008 1.155825 
1009 1.138026 
1010 1.120177 
1011 1.102292 
1012 1.084389 
1013 1.066480 
1014 1.048581 
1015 1.030704 
1016 1.012864 
1017 0.995071 
1018 0.977339 
1019 0.959679 
1020 0.942102 
1021 0.924617 
1022 0.907236 
1023 0.889967 
1024 0.872819 
1025 0.855801 
1026 0.838920 
1027 0.822185 
1028 0.805602 
1029 0.789178 
1030 0.772920 
1031 0.756836 
1032 0.740932 
1033 0.725219 
1034 0.709708 
1035 0.694411 
1036 0.679344 
1037 0.664523 
1038 0.649967 
1039 0.635700 
1040 0.621746 
1041 0.608130 
1042 0.594883 
1043 0.582035 
1044 0.569619 
1045 0.557669 
1046 0.546222 
1047 0.535312 
1048 0.524977 
1049 0.515254 
1050 0.506181 
1051 0.497794 
1052 0.490128 
1053 0.483219 
1054 0.477099 
1055 0.471800 
1056 0.467352 
1057 0.463782 
1058 0.461115 
1059 0.459372 
1060 0.458573 
1061 0.458735 
1062 0.459870 
1063 0.461989 
1064 0.465098 
1065 0.469200 
1066 0.474296 
1067 0.480381 
1068 0.487451 
1069 0.495493 
1070 0.504495 
1071 0.514442 
1072 0.525313 
1073 0.537086 
1074 0.549736 
1075 0.563235 
1076 0.577554 
1077 0.592659 
1078 0.608516 
1079 0.625088 
1080 0.642336 
1081 0.660220 
1082 0.678698 
1083 0.697728 
1084 0.717264 
1085 0.737262 
1086 0.757677 
1087 0.778461 
1088 0.799567 
1089 0.820950 
1090 0.842560 
1091 0.864352 
1092 0.886278 
1093 0.908292 
1094 0.930348 
1095 0.952401 
1096 0.974405 
1097 0.996317 
1098 1.018095 
1099 1.039697 
1100 1.061081 
1101 1.082209 
1102 1.103044 
1103 1.123547 
1104 1.143686 
1105 1.163424 
1106 1.182732 
1107 1.201577 
1108 1.219933 
1109 1.237770 
1110 1.255064 
1111 1.271792 
1112 1.287930 
1113 1.303459 
1114 1.318359 
1115 1.332614 
1116 1.346208 
1117 1.359127 
1118 1.371359 
1119 1.382895 
1120 1.393723 
1121 1.403838 
1122 1.413233 
1123 1.421903 
1124 1.429846 
1125 1.437059 
1126 1.443542 
1127 1.449297 
1128 1.454324 
1129 1.458627 
1130 1.462212 
1131 1.465082 
1132 1.467244 
1133 1.468707 
1134 1.469478 
1135 1.469566 
1136 1.468982 
1137 1.467737 
1138 1.465841 
1139 1.463308 
1140 1.460150 
1141 1.456380 
1142 1.452013 
1143 1.447062 
1144 1.441544 
1145 1.435472 
1146 1.428863 
1147 1.421732 
1148 1.414096 
1149 1.405971 
1150 1.397373 
1151 1.388319 
1152 1.378827 
1153 1.368913 
1154 1.358594 
1155 1.347886 
1156 1.336808 
1157 1.325375 
1158 1.313605 
1159 1.301514 
1160 1.289119 
1161 1.276437 
1162 1.263484 
1163 1.250276 
1164 1.236829 
1165 1.223159 
1166 1.209281 
1167 1.195211 
1168 1.180963 
1169 1.166553 
1170 1.151994 
1171 1.137302 
1172 1.122489 
1173 1.107569 
1174 1.092556 
1175 1.077463 
1176 1.062301 
1177 1.047083 
1178 1.031822 
1179 1.016529 
1180 1.001215 
1181 0.985893 
1182 0.970574 
1183 0.955269 
1184 0.939991 
1185 0.924753 
1186 0.909567 
1187 0.894447 
1188 0.879408 
1189 0.864464 
1190 0.849631 
1191 0.834926 
1192 0.820367 
1193 0.805972 
1194 0.791761 
1195 0.777755 
1196 0.763975 
1197 0.750442 
1198 0.737181 
1199 0.724214 
1200 0.711566 
1201 0.699262 
1202 0.687326 
1203 0.675784 
1204 0.664661 
1205 0.653983 
1206 0.643774 
1207 0.634061 
1208 0.624867 
1209 0.616215 
1210 0.608130 
1211 0.600634 
1212 0.593748 
1213 0.587491 
1214 0.581883 
1215 0.576942 
1216 0.572684 
1217 0.569123 
1218 0.566273 
1219 0.564144 
1220 0.562747 
1221 0.562088 
1222 0.562175 
1223 0.563010 
1224 0.564596 
1225 0.566933 
1226 0.570019 
1227 0.573851 
1228 0.578422 
1229 0.583725 
1230 0.589751 
1231 0.596488 
1232 0.603924 
1233 0.612043 
1234 0.620829 
1235 0.630264 
1236 0.640328 
1237 0.651000 
1238 0.662258 
1239 0.674077 
1240 0.686434 
1241 0.699302 
1242 0.712653 
1243 0.726460 
1244 0.740694 
1245 0.755325 
1246 0.770323 
1247 0.785658 
1248 0.801297 
1249 0.817209 
1250 0.833363 
1251 0.849725 
1252 0.866265 
1253 0.882950 
1254 0.899748 
1255 0.916627 
1256 0.933555 
1257 0.950501 
1258 0.967434 
1259 0.984323 
1260 1.001140 
1261 1.017853 
1262 1.034435 
1263 1.050858 
1264 1.067094 
1265 1.083117 
1266 1.098901 
1267 1.114422 
1268 1.129656 
1269 1.144579 
1270 1.159171 
1271 1.173409 
1272 1.187275 
1273 1.200750 
1274 1.213815 
1275 1.226454 
1276 1.238651 
1277 1.250392 
1278 1.261663 
1279 1.272452 
1280 1.282747 
1281 1.292538 
1282 1.301816 
1283 1.310572 
1284 1.318800 
1285 1.326492 
1286 1.333643 
1287 1.340250 
1288 1.346309 
1289 1.351817 
1290 1.356773 
1291 1.361176 
1292 1.365027 
1293 1.368325 
1294 1.371074 
1295 1.373275 
1296 1.374933 
1297 1.376049 
1298 1.376630 
1299 1.376681 
1300 1.376207 
1301 1.375215 
1302 1.373712 
1303 1.371706 
1304 1.369203 
1305 1.366214 
1306 1.362746 
1307 1.358810 
1308 1.354414 
1309 1.349569 
1310 1.344286 
1311 1.338574 
1312 1.332444 
1313 1.325909 
1314 1.318979 
1315 1.311665 
1316 1.303980 
1317 1.295935 
1318 1.287542 
1319 1.278813 
1320 1.269761 
1321 1.260397 
1322 1.250733 
1323 1.240783 
1324 1.230558 
1325 1.220070 
1326 1.209332 
1327 1.198355 
1328 1.187152 
1329 1.175735 
1330 1.164116 
1331 1.152307 
1332 1.140319 
1333 1.128166 
1334 1.115860 
1335 1.103411 
1336 1.090834 
1337 1.078141 
1338 1.065344 
1339 1.052457 
1340 1.039493 
1341 1.026465 
1342 1.013388 
1343 1.000276 
1344 0.987144 
1345 0.974007 
1346 0.960881 
1347 0.947782 
1348 0.934727 
1349 0.921732 
1350 0.908815 
1351 0.895994 
1352 0.883287 
1353 0.870713 
1354 0.858291 
1355 0.846040 
1356 0.833979 
1357 0.822128 
1358 0.810508 
1359 0.799137 
1360 0.788036 
1361 0.777224 
1362 0.766722 
1363 0.756549 
1364 0.746724 
1365 0.737267 
1366 0.728195 
1367 0.719527 
1368 0.711281 
1369 0.703473 
1370 0.696120 
1371 0.689238 
1372 0.682840 
1373 0.676941 
1374 0.671555 
1375 0.666692 
1376 0.662364 
1377 0.658581 
1378 0.655351 
1379 0.652683 
1380 0.650582 
1381 0.649054 
1382 0.648102 
1383 0.647731 
1384 0.647941 
1385 0.648732 
1386 0.650104 
1387 0.652054 
1388 0.654579 
1389 0.657673 
1390 0.661332 
1391 0.665548 
1392 0.670312 
1393 0.675615 
1394 0.681447 
1395 0.687795 
1396 0.694646 
1397 0.701988 
1398 0.709805 
1399 0.718081 
1400 0.726800 
1401 0.735945 
1402 0.745497 
1403 0.755437 
1404 0.765746 
1405 0.776403 
1406 0.787389 
1407 0.798681 
1408 0.810258 
1409 0.822099 
1410 0.834180 
1411 0.846479 
1412 0.858973 
1413 0.871639 
1414 0.884455 
1415 0.897396 
1416 0.910441 
1417 0.923565 
1418 0.936746 
1419 0.949962 
1420 0.963189 
1421 0.976405 
1422 0.989589 
1423 1.002718 
1424 1.015772 
1425 1.028729 
1426 1.041569 
1427 1.054272 
1428 1.066819 
1429 1.079190 
1430 1.091369 
1431 1.103335 
1432 1.115074 
1433 1.126568 
1434 1.137801 
1435 1.148759 
1436 1.159426 
1437 1.169790 
1438 1.179836 
1439 1.189553 
1440 1.198929 
1441 1.207953 
1442 1.216615 
1443 1.224905 
1444 1.232815 
1445 1.240337 
1446 1.247463 
1447 1.254186 
1448 1.260501 
1449 1.266402 
1450 1.271885 
1451 1.276946 
1452 1.281581 
1453 1.285789 
1454 1.289566 
1455 1.292912 
1456 1.295826 
1457 1.298307 
1458 1.300356 
1459 1.301974 
1460 1.303163 
1461 1.303924 
1462 1.304259 
1463 1.304172 
1464 1.303667 
1465 1.302747 
1466 1.301415 
1467 1.299678 
1468 1.297540 
1469 1.295007 
1470 1.292084 
1471 1.288777 
1472 1.285094 
1473 1.281040 
1474 1.276623 
1475 1.271850 
1476 1.266729 
1477 1.261268 
1478 1.255474 
1479 1.249356 
1480 1.242921 
1481 1.236180 
1482 1.229141 
1483 1.221812 
1484 1.214203 
1485 1.206323 
1486 1.198181 
1487 1.189789 
1488 1.181154 
1489 1.172289 
1490 1.163202 
1491 1.153906 
1492 1.144409 
1493 1.134725 
1494 1.124863 
1495 1.114836 
1496 1.104655 
1497 1.094334 
1498 1.083883 
1499 1.073316 
1500 1.062647 
1501 1.051888 
1502 1.041053 
1503 1.030156 
1504 1.019212 
1505 1.008234 
1506 0.997239 
1507 0.986240 
1508 0.975254 
1509 0.964296 
1510 0.953381 
1511 0.942525 
1512 0.931746 
1513 0.921058 
1514 0.910479 
1515 0.900024 
1516 0.889711 
1517 0.879555 
1518 0.869572 
1519 0.859780 
1520 0.850195 
1521 0.840832 
1522 0.831706 
1523 0.822835 
1524 0.814232 
1525 0.805913 
1526 0.797893 
1527 0.790185 
1528 0.782803 
1529 0.775760 
1530 0.769069 
1531 0.762741 
1532 0.756789 
1533 0.751223 
1534 0.746053 
1535 0.741288 
1536 0.736938 
1537 0.733009 
1538 0.729509 
1539 0.726445 
1540 0.723821 
1541 0.721643 
1542 0.719914 
1543 0.718637 
1544 0.717813 
1545 0.717445 
1546 0.717532 
1547 0.718074 
1548 0.719069 
1549 0.720515 
1550 0.722408 
1551 0.724745 
1552 0.727520 
1553 0.730727 
1554 0.734361 
1555 0.738412 
1556 0.742874 
1557 0.747738 
1558 0.752993 
1559 0.758629 
1560 0.764635 
1561 0.771000 
1562 0.777711 
1563 0.784756 
1564 0.792120 
1565 0.799790 
1566 0.807751 
1567 0.815989 
1568 0.824489 
1569 0.833234 
1570 0.842209 
1571 0.851398 
1572 0.860784 
1573 0.870350 
1574 0.880079 
1575 0.889956 
1576 0.899961 
1577 0.910079 
1578 0.920292 
1579 0.930583 
1580 0.940934 
1581 0.951329 
1582 0.961751 
1583 0.972182 
1584 0.982607 
1585 0.993009 
1586 1.003371 
1587 1.013677 
1588 1.023913 
1589 1.034062 
1590 1.044109 
1591 1.054041 
1592 1.063841 
1593 1.073497 
1594 1.082995 
1595 1.092322 
1596 1.101464 
1597 1.110411 
1598 1.119149 
1599 1.127668 
1600 1.135957 
1601 1.144005 
1602 1.151802 
1603 1.159340 
1604 1.166608 
1605 1.173599 
1606 1.180305 
1607 1.186718 
1608 1.192831 
1609 1.198637 
1610 1.204132 
1611 1.209309 
1612 1.214163 
1613 1.218690 
1614 1.222886 
1615 1.226746 
1616 1.230269 
1617 1.233452 
1618 1.236291 
1619 1.238787 
1620 1.240936 
1621 1.242739 
1622 1.244195 
1623 1.245304 
1624 1.246067 
1625 1.246484 
1626 1.246557 
1627 1.246287 
1628 1.245676 
1629 1.244727 
1630 1.243441 
1631 1.241824 
1632 1.239877 
1633 1.237604 
1634 1.235009 
1635 1.232098 
1636 1.228873 
1637 1.225341 
1638 1.221507 
1639 1.217376 
1640 1.212953 
1641 1.208246 
1642 1.203260 
1643 1.198002 
1644 1.192480 
1645 1.186700 
1646 1.180670 
1647 1.174397 
1648 1.167891 
1649 1.161159 
1650 1.154210 
1651 1.147053 
1652 1.139698 
1653 1.132154 
1654 1.124430 
1655 1.116537 
1656 1.108486 
1657 1.100287 
1658 1.091951 
1659 1.083490 
1660 1.074914 
1661 1.066236 
1662 1.057467 
1663 1.048620 
1664 1.039708 
1665 1.030742 
1666 1.021736 
1667 1.012702 
1668 1.003654 
1669 0.994605 
1670 0.985568 
1671 0.976558 
1672 0.967586 
1673 0.958668 
1674 0.949816 
1675 0.941045 
1676 0.932367 
1677 0.923796 
1678 0.915347 
1679 0.907031 
1680 0.898862 
1681 0.890854 
1682 0.883019 
1683 0.875369 
1684 0.867918 
1685 0.860677 
1686 0.853657 
1687 0.846871 
1688 0.840330 
1689 0.834043 
1690 0.828022 
1691 0.822277 
1692 0.816816 
1693 0.811648 
1694 0.806783 
1695 0.802228 
1696 0.797989 
1697 0.794075 
1698 0.790492 
1699 0.787244 
1700 0.784337 
1701 0.781776 
1702 0.779564 
1703 0.777704 
1704 0.776199 
1705 0.775051 
1706 0.774261 
1707 0.773830 
1708 0.773758 
1709 0.774043 
1710 0.774685 
1711 0.775681 
1712 0.777030 
1713 0.778727 
1714 0.780769 
1715 0.783152 
1716 0.785870 
1717 0.788917 
1718 0.792288 
1719 0.795976 
1720 0.799973 
1721 0.804272 
1722 0.808864 
1723 0.813740 
1724 0.818892 
1725 0.824309 
1726 0.829982 
1727 0.835900 
1728 0.842053 
1729 0.848428 
1730 0.855015 
1731 0.861803 
1732 0.868778 
1733 0.875929 
1734 0.883244 
1735 0.890709 
1736 0.898313 
1737 0.906042 
1738 0.913883 
1739 0.921824 
1740 0.929851 
1741 0.937952 
1742 0.946113 
1743 0.954321 
1744 0.962564 
1745 0.970829 
1746 0.979103 
1747 0.987372 
1748 0.995626 
1749 1.003852 
1750 1.012036 
1751 1.020169 
1752 1.028237 
1753 1.036229 
1754 1.044134 
1755 1.051942 
1756 1.059640 
1757 1.067219 
1758 1.074669 
1759 1.081979 
1760 1.089140 
1761 1.096142 
1762 1.102976 
1763 1.109634 
1764 1.116107 
1765 1.122386 
1766 1.128464 
1767 1.134334 
1768 1.139987 
1769 1.145418 
1770 1.150619 
1771 1.155585 
1772 1.160309 
1773 1.164787 
1774 1.169012 
1775 1.172982 
1776 1.176691 
1777 1.180135 
1778 1.183311 
1779 1.186215 
1780 1.188846 
1781 1.191200 
1782 1.193275 
1783 1.195070 
1784 1.196583 
1785 1.197814 
1786 1.198761 
1787 1.199424 
1788 1.199804 
1789 1.199900 
1790 1.199714 
1791 1.199246 
1792 1.198498 
1793 1.197471 
1794 1.196168 
1795 1.194590 
1796 1.192742 
1797 1.190624 
1798 1.188242 
1799 1.185598 
1800 1.182696 
1801 1.179541 
1802 1.176138 
1803 1.172490 
1804 1.168604 
1805 1.164484 
1806 1.160138 
1807 1.155569 
1808 1.150786 
1809 1.145795 
1810 1.140603 
1811 1.135216 
1812 1.129643 
1813 1.123891 
1814 1.117969 
1815 1.111885 
1816 1.105647 
1817 1.099264 
1818 1.092746 
1819 1.086102 
1820 1.079340 
1821 1.072472 
1822 1.065506 
1823 1.058454 
1824 1.051325 
1825 1.044130 
1826 1.036879 
1827 1.029584 
1828 1.022254 
1829 1.014902 
1830 1.007537 
1831 1.000172 
1832 0.992817 
1833 0.985484 
1834 0.978183 
1835 0.970926 
1836 0.963724 
1837 0.956587 
1838 0.949528 
1839 0.942557 
1840 0.935685 
1841 0.928922 
1842 0.922279 
1843 0.915767 
1844 0.909395 
1845 0.903174 
1846 0.897112 
1847 0.891221 
1848 0.885508 
1849 0.879983 
1850 0.874655 
1851 0.869531 
1852 0.864620 
1853 0.859930 
1854 0.855467 
1855 0.851238 
1856 0.847250 
1857 0.843509 
1858 0.840020 
1859 0.836789 
1860 0.833820 
1861 0.831118 
1862 0.828687 
1863 0.826529 
1864 0.824647 
1865 0.823045 
1866 0.821723 
1867 0.820684 
1868 0.819928 
1869 0.819455 
1870 0.819266 
1871 0.819360 
1872 0.819735 
1873 0.820391 
1874 0.821325 
1875 0.822535 
1876 0.824017 
1877 0.825769 
1878 0.827786 
1879 0.830064 
1880 0.832598 
1881 0.835384 
1882 0.838415 
1883 0.841685 
1884 0.845188 
1885 0.848918 
1886 0.852868 
1887 0.857029 
1888 0.861395 
1889 0.865957 
1890 0.870707 
1891 0.875637 
1892 0.880737 
1893 0.886000 
1894 0.891416 
1895 0.896976 
1896 0.902670 
1897 0.908489 
1898 0.914424 
1899 0.920465 
1900 0.926602 
1901 0.932825 
1902 0.939126 
1903 0.945494 
1904 0.951919 
1905 0.958393 
1906 0.964905 
1907 0.971446 
1908 0.978006 
1909 0.984577 
1910 0.991149 
1911 0.997713 
1912 1.004260 
1913 1.010779 
1914 1.017263 
1915 1.023702 
1916 1.030086 
1917 1.036406 
1918 1.042653 
1919 1.048819 
1920 1.054893 
1921 1.060869 
1922 1.066737 
1923 1.072490 
1924 1.078119 
1925 1.083618 
1926 1.088978 
1927 1.094192 
1928 1.099253 
1929 1.104156 
1930 1.108892 
1931 1.113457 
1932 1.117844 
1933 1.122048 
1934 1.126064 
1935 1.129886 
1936 1.133510 
1937 1.136931 
1938 1.140145 
1939 1.143148 
1940 1.145938 
1941 1.148509 
1942 1.150861 
1943 1.152989 
1944 1.154891 
1945 1.156566 
1946 1.158012 
1947 1.159227 
1948 1.160210 
1949 1.160961 
1950 1.161478 
1951 1.161762 
1952 1.161812 
1953 1.161629 
1954 1.161215 
1955 1.160568 
1956 1.159692 
1957 1.158588 
1958 1.157257 
1959 1.155701 
1960 1.153924 
1961 1.151928 
1962 1.149716 
1963 1.147292 
1964 1.144659 
1965 1.141822 
1966 1.138784 
1967 1.135549 
1968 1.132124 
1969 1.128513 
1970 1.124721 
1971 1.120754 
1972 1.116619 
1973 1.112320 
1974 1.107864 
1975 1.103259 
1976 1.098510 
1977 1.093626 
1978 1.088612 
1979 1.083478 
1980 1.078230 
1981 1.072876 
1982 1.067425 
1983 1.061884 
1984 1.056262 
1985 1.050567 
1986 1.044809 
1987 1.038995 
1988 1.033135 
1989 1.027237 
1990 1.021311 
1991 1.015365 
1992 1.009409 
1993 1.003452 
1994 0.997503 
1995 0.991571 
1996 0.985665 
1997 0.979795 
1998 0.973969 
1999 0.968196 
