0.100000 -0.068000 51.502635 142.500000 102.518647 
2.200000 -0.068000 70.077737 128.750000 101.067453 
4.300000 -0.068000 80.350650 119.750000 99.646945 
6.400000 -0.068000 86.590476 114.000000 98.427428 
8.500000 -0.068000 90.757892 109.750000 97.427788 
10.600000 -0.068000 93.735436 106.250000 96.617892 
12.700000 -0.068000 95.967016 104.000000 95.959425 
14.800000 -0.068000 97.699937 102.250000 95.418803 
16.900000 -0.068000 99.083103 101.000000 94.969658 
19.000000 -0.068000 100.211592 99.750000 94.592049 
21.100000 -0.068000 101.147616 99.000000 94.271507 
23.200000 -0.068000 101.937912 98.000000 93.995930 
25.300000 -0.068000 102.626955 97.250000 93.751800 
27.400000 -0.068000 103.177593 97.000000 93.554523 
29.500000 -0.068000 103.741407 96.500000 93.350278 
31.600000 -0.068000 104.105941 96.000000 93.217364 
33.700000 -0.068000 104.587181 95.500000 93.039551 
35.800000 -0.068000 104.937324 95.250000 92.910714 
37.900000 -0.068000 105.108137 95.000000 92.846896 
40.000000 -0.068000 105.522081 94.750000 92.691024 
