0 0.000000 
1 0.000000 
2 0.000000 
3 0.000000 
4 0.000000 
5 0.000000 
6 0.000000 
7 0.000000 
8 0.000000 
9 0.000000 
10 0.000000 
11 0.000000 
12 0.000000 
13 0.000000 
14 0.000000 
15 0.000000 
16 0.000000 
17 0.000000 
18 0.000000 
19 0.000000 
20 0.000000 
21 0.000000 
22 0.000000 
23 0.000000 
24 0.000000 
25 0.000000 
26 0.000000 
27 0.000000 
28 0.000000 
29 0.000000 
30 0.000000 
31 0.000000 
32 0.000000 
33 0.000000 
34 0.000000 
35 0.000000 
36 0.000000 
37 0.000000 
38 0.000000 
39 0.000000 
40 0.000000 
41 0.000000 
42 0.000000 
43 0.000000 
44 0.000000 
45 0.000000 
46 0.000000 
47 0.000000 
48 0.000000 
49 0.000000 
50 0.000000 
51 0.000000 
52 0.000000 
53 0.000000 
54 0.000000 
55 0.000000 
56 0.000000 
57 0.000000 
58 0.000000 
59 0.000000 
60 0.000000 
61 0.000000 
62 0.000000 
63 0.000000 
64 0.000000 
65 0.000000 
66 0.000000 
67 0.000000 
68 0.000000 
69 0.000000 
70 0.000000 
71 0.000000 
72 0.000000 
73 0.000000 
74 0.000000 
75 0.000000 
76 0.000000 
77 0.000000 
78 0.000000 
79 0.000000 
80 0.000000 
81 0.000000 
82 0.000000 
83 0.000000 
84 0.000000 
85 0.000000 
86 0.000000 
87 0.000000 
88 0.000000 
89 0.000000 
90 0.000000 
91 0.086898 
92 0.166372 
93 0.239056 
94 0.305531 
95 0.366326 
96 0.421927 
97 0.472778 
98 0.519285 
99 0.561817 
100 0.600716 
101 0.636291 
102 0.668827 
103 0.698582 
104 0.725795 
105 0.750682 
106 0.773443 
107 0.794259 
108 0.813296 
109 0.830706 
110 0.846628 
111 0.861189 
112 0.874505 
113 0.886683 
114 0.897821 
115 0.908006 
116 0.917320 
117 0.925838 
118 0.933627 
119 0.940750 
120 0.947265 
121 0.953221 
122 0.958669 
123 0.963650 
124 0.968205 
125 0.972370 
126 0.976179 
127 0.979661 
128 0.982846 
129 0.985757 
130 0.988419 
131 0.990853 
132 0.993078 
133 0.995113 
134 0.996973 
135 0.998673 
136 1.000227 
137 1.001648 
138 1.002947 
139 1.004134 
140 1.005219 
141 1.006210 
142 1.007116 
143 1.007944 
144 1.008700 
145 1.009391 
146 1.010023 
147 1.010599 
148 1.010591 
149 1.010582 
150 1.010573 
151 1.010565 
152 1.010556 
153 1.010548 
154 1.010539 
155 1.010530 
156 1.010522 
157 1.010513 
158 1.010504 
159 1.010496 
160 1.010487 
161 1.010479 
162 1.010470 
163 1.010461 
164 1.010453 
165 1.010444 
166 1.010435 
167 1.010427 
168 1.010418 
169 1.010410 
170 1.010401 
171 1.010392 
172 1.010384 
173 1.010375 
174 1.010367 
175 1.010358 
176 1.010349 
177 1.010341 
178 1.010332 
179 1.010323 
180 1.010315 
181 1.010306 
182 1.010298 
183 1.010289 
184 1.010281 
185 1.010273 
186 1.010265 
187 1.010257 
188 1.010250 
189 1.010243 
190 1.010236 
191 1.010230 
192 1.010223 
193 1.010217 
194 1.010212 
195 1.010206 
196 1.010201 
197 1.010196 
198 1.010192 
199 1.010188 
200 1.010183 
201 1.010180 
202 1.010176 
203 1.010173 
204 1.010169 
205 1.010166 
206 1.010164 
207 1.010161 
208 1.010158 
209 1.010156 
210 1.010154 
211 1.010152 
212 1.010150 
213 1.010148 
214 1.010147 
215 1.010145 
216 1.010144 
217 1.010142 
218 1.010141 
219 1.010140 
220 1.010139 
221 1.010138 
222 1.010137 
223 1.010136 
224 1.010135 
225 1.010135 
226 1.010134 
227 1.010134 
228 1.010133 
229 1.010132 
230 1.010132 
231 1.010132 
232 1.010131 
233 1.010131 
234 1.010131 
235 1.010130 
236 1.010130 
237 1.010130 
238 1.010130 
239 1.010129 
240 1.010129 
241 1.010129 
242 1.010129 
243 1.010129 
244 1.010129 
245 1.010129 
246 1.010129 
247 1.010129 
248 1.010128 
249 1.010128 
250 1.010128 
251 1.010128 
252 1.010128 
253 1.010128 
254 1.010128 
255 1.010128 
256 1.010128 
257 1.010128 
258 1.010128 
259 1.010128 
260 1.010128 
261 1.010128 
262 1.010128 
263 1.010128 
264 1.010128 
265 1.010128 
266 1.010128 
267 1.010128 
268 1.010128 
269 1.010128 
270 1.010128 
271 1.010128 
272 1.010128 
273 1.010128 
274 1.010128 
275 1.010128 
276 1.010128 
277 1.010128 
278 1.010128 
279 1.010128 
280 1.010128 
281 1.010128 
282 1.010128 
283 1.010128 
284 1.010128 
285 1.010128 
286 1.010128 
287 1.010128 
288 1.010128 
289 1.010128 
290 1.010128 
291 1.010128 
292 1.010128 
293 1.010128 
294 1.010128 
295 1.010128 
296 1.010128 
297 1.010128 
298 1.010128 
299 1.010128 
300 1.010128 
301 1.010128 
302 1.010128 
303 1.010128 
304 1.010128 
305 1.010128 
306 1.010128 
307 1.010128 
308 1.010128 
309 1.010128 
310 1.010128 
311 1.010128 
312 1.010128 
313 1.010128 
314 1.010128 
315 1.010128 
316 1.010128 
317 1.010128 
318 1.010128 
319 1.010128 
320 1.010128 
321 1.010128 
322 1.010128 
323 1.010128 
324 1.010128 
325 1.010128 
326 1.010128 
327 1.010128 
328 1.010128 
329 1.010128 
330 1.010128 
331 1.010128 
332 1.010128 
333 1.010128 
334 1.010128 
335 1.010128 
336 1.010128 
337 1.010128 
338 1.010128 
339 1.010128 
340 1.010128 
341 1.010128 
342 1.010128 
343 1.010128 
344 1.010128 
345 1.010128 
346 1.010128 
347 1.010128 
348 1.010128 
349 1.010128 
350 1.010128 
351 1.010128 
352 1.010128 
353 1.010128 
354 1.010128 
355 1.010128 
356 1.010128 
357 1.010128 
358 1.010128 
359 1.010128 
360 1.010128 
361 1.010128 
362 1.010128 
363 1.010128 
364 1.010128 
365 1.010128 
366 1.010128 
367 1.010128 
368 1.010128 
369 1.010128 
370 1.010128 
371 1.010128 
372 1.010128 
373 1.010128 
374 1.010128 
375 1.010128 
376 1.010128 
377 1.010128 
378 1.010128 
379 1.010128 
380 1.010128 
381 1.010128 
382 1.010128 
383 1.010128 
384 1.010128 
385 1.010128 
386 1.010128 
387 1.010128 
388 1.010128 
389 1.010128 
390 1.010128 
391 1.010128 
392 1.010128 
393 1.010128 
394 1.010128 
395 1.010128 
396 1.010128 
397 1.010128 
398 1.010128 
399 1.010128 
400 1.010128 
401 1.010128 
402 1.010128 
403 1.010128 
404 1.010128 
405 1.010128 
406 1.010128 
407 1.010128 
408 1.010128 
409 1.010128 
410 1.010128 
411 1.010128 
412 1.010128 
413 1.010128 
414 1.010128 
415 1.010128 
416 1.010128 
417 1.010128 
418 1.010128 
419 1.010128 
420 1.010128 
421 1.010128 
422 1.010128 
423 1.010128 
424 1.010128 
425 1.010128 
426 1.010128 
427 1.010128 
428 1.010128 
429 1.010128 
430 1.010128 
431 1.010128 
432 1.010128 
433 1.010128 
434 1.010128 
435 1.010128 
436 1.010128 
437 1.010128 
438 1.010128 
439 1.010128 
440 1.010128 
441 1.010128 
442 1.010128 
443 1.010128 
444 1.010128 
445 1.010128 
446 1.010128 
447 1.010128 
448 1.010128 
449 1.010128 
450 1.010128 
451 1.010128 
452 1.010128 
453 1.010128 
454 1.010128 
455 1.010128 
456 1.010128 
457 1.010128 
458 1.010128 
459 1.010128 
460 1.010128 
461 1.010128 
462 1.010128 
463 1.010128 
464 1.010128 
465 1.010128 
466 1.010128 
467 1.010128 
468 1.010128 
469 1.010128 
470 1.010128 
471 1.010128 
472 1.010128 
473 1.010128 
474 1.010128 
475 1.010128 
476 1.010128 
477 1.010128 
478 1.010128 
479 1.010128 
480 1.010128 
481 1.010128 
482 1.010128 
483 1.010128 
484 1.010128 
485 1.010128 
486 1.010128 
487 1.010128 
488 1.010128 
489 1.010128 
490 1.010128 
491 1.010128 
492 1.010128 
493 1.010128 
494 1.010128 
495 1.010128 
496 1.010128 
497 1.010128 
498 1.010128 
499 1.010128 
500 1.010128 
501 1.010128 
502 1.010128 
503 1.010128 
504 1.010128 
505 1.010128 
506 1.010128 
507 1.010128 
508 1.010128 
509 1.010128 
510 1.010128 
511 1.010128 
512 1.010128 
513 1.010128 
514 1.010128 
515 1.010128 
516 1.010128 
517 1.010128 
518 1.010128 
519 1.010128 
520 1.010128 
521 1.010128 
522 1.010128 
523 1.010128 
524 1.010128 
525 1.010128 
526 1.010128 
527 1.010128 
528 1.010128 
529 1.010128 
530 1.010128 
531 1.010128 
532 1.010128 
533 1.010128 
534 1.010128 
535 1.010128 
536 1.010128 
537 1.010128 
538 1.010128 
539 1.010128 
540 1.010128 
541 1.010128 
542 1.010128 
543 1.010128 
544 1.010128 
545 1.010128 
546 1.010128 
547 1.010128 
548 1.010128 
549 1.010128 
550 1.010128 
551 1.010128 
552 1.010128 
553 1.010128 
554 1.010128 
555 1.010128 
556 1.010128 
557 1.010128 
558 1.010128 
559 1.010128 
560 1.010128 
561 1.010128 
562 1.010128 
563 1.010128 
564 1.010128 
565 1.010128 
566 1.010128 
567 1.010128 
568 1.010128 
569 1.010128 
570 1.010128 
571 1.010128 
572 1.010128 
573 1.010128 
574 1.010128 
575 1.010128 
576 1.010128 
577 1.010128 
578 1.010128 
579 1.010128 
580 1.010128 
581 1.010128 
582 1.010128 
583 1.010128 
584 1.010128 
585 1.010128 
586 1.010128 
587 1.010128 
588 1.010128 
589 1.010128 
590 1.010128 
591 1.010128 
592 1.010128 
593 1.010128 
594 1.010128 
595 1.010128 
596 1.010128 
597 1.010128 
598 1.010128 
599 1.010128 
600 1.010128 
601 1.010128 
602 1.010128 
603 1.010128 
604 1.010128 
605 1.010128 
606 1.010128 
607 1.010128 
608 1.010128 
609 1.010128 
610 1.010128 
611 1.010128 
612 1.010128 
613 1.010128 
614 1.010128 
615 1.010128 
616 1.010128 
617 1.010128 
618 1.010128 
619 1.010128 
620 1.010128 
621 1.010128 
622 1.010128 
623 1.010128 
624 1.010128 
625 1.010128 
626 1.010128 
627 1.010128 
628 1.010128 
629 1.010128 
630 1.010128 
631 1.010128 
632 1.010128 
633 1.010128 
634 1.010128 
635 1.010128 
636 1.010128 
637 1.010128 
638 1.010128 
639 1.010128 
640 1.010128 
641 1.010128 
642 1.010128 
643 1.010128 
644 1.010128 
645 1.010128 
646 1.010128 
647 1.010128 
648 1.010128 
649 1.010128 
650 1.010128 
651 1.010128 
652 1.010128 
653 1.010128 
654 1.010128 
655 1.010128 
656 1.010128 
657 1.010128 
658 1.010128 
659 1.010128 
660 1.010128 
661 1.010128 
662 1.010128 
663 1.010128 
664 1.010128 
665 1.010128 
666 1.010128 
667 1.010128 
668 1.010128 
669 1.010128 
670 1.010128 
671 1.010128 
672 1.010128 
673 1.010128 
674 1.010128 
675 1.010128 
676 1.010128 
677 1.010128 
678 1.010128 
679 1.010128 
680 1.010128 
681 1.010128 
682 1.010128 
683 1.010128 
684 1.010128 
685 1.010128 
686 1.010128 
687 1.010128 
688 1.010128 
689 1.010128 
690 1.010128 
691 1.010128 
692 1.010128 
693 1.010128 
694 1.010128 
695 1.010128 
696 1.010128 
697 1.010128 
698 1.010128 
699 1.010128 
700 1.010128 
701 1.010128 
702 1.010128 
703 1.010128 
704 1.010128 
705 1.010128 
706 1.010128 
707 1.010128 
708 1.010128 
709 1.010128 
710 1.010128 
711 1.010128 
712 1.010128 
713 1.010128 
714 1.010128 
715 1.010128 
716 1.010128 
717 1.010128 
718 1.010128 
719 1.010128 
720 1.010128 
721 1.010128 
722 1.010128 
723 1.010128 
724 1.010128 
725 1.010128 
726 1.010128 
727 1.010128 
728 1.010128 
729 1.010128 
730 1.010128 
731 1.010128 
732 1.010128 
733 1.010128 
734 1.010128 
735 1.010128 
736 1.010128 
737 1.010128 
738 1.010128 
739 1.010128 
740 1.010128 
741 1.010128 
742 1.010128 
743 1.010128 
744 1.010128 
745 1.010128 
746 1.010128 
747 1.010128 
748 1.010128 
749 1.010128 
750 1.010128 
751 1.010128 
752 1.010128 
753 1.010128 
754 1.010128 
755 1.010128 
756 1.010128 
757 1.010128 
758 1.010128 
759 1.010128 
760 1.010128 
761 1.010128 
762 1.010128 
763 1.010128 
764 1.010128 
765 1.010128 
766 1.010128 
767 1.010128 
768 1.010128 
769 1.010128 
770 1.010128 
771 1.010128 
772 1.010128 
773 1.010128 
774 1.010128 
775 1.010128 
776 1.010128 
777 1.010128 
778 1.010128 
779 1.010128 
780 1.010128 
781 1.010128 
782 1.010128 
783 1.010128 
784 1.010128 
785 1.010128 
786 1.010128 
787 1.010128 
788 1.010128 
789 1.010128 
790 1.010128 
791 1.010128 
792 1.010128 
793 1.010128 
794 1.010128 
795 1.010128 
796 1.010128 
797 1.010128 
798 1.010128 
799 1.010128 
800 1.010128 
801 1.010128 
802 1.010128 
803 1.010128 
804 1.010128 
805 1.010128 
806 1.010128 
807 1.010128 
808 1.010128 
809 1.010128 
810 1.010128 
811 1.010128 
812 1.010128 
813 1.010128 
814 1.010128 
815 1.010128 
816 1.010128 
817 1.010128 
818 1.010128 
819 1.010128 
820 1.010128 
821 1.010128 
822 1.010128 
823 1.010128 
824 1.010128 
825 1.010128 
826 1.010128 
827 1.010128 
828 1.010128 
829 1.010128 
830 1.010128 
831 1.010128 
832 1.010128 
833 1.010128 
834 1.010128 
835 1.010128 
836 1.010128 
837 1.010128 
838 1.010128 
839 1.010128 
840 1.010128 
841 1.010128 
842 1.010128 
843 1.010128 
844 1.010128 
845 1.010128 
846 1.010128 
847 1.010128 
848 1.010128 
849 1.010128 
850 1.010128 
851 1.010128 
852 1.010128 
853 1.010128 
854 1.010128 
855 1.010128 
856 1.010128 
857 1.010128 
858 1.010128 
859 1.010128 
860 1.010128 
861 1.010128 
862 1.010128 
863 1.010128 
864 1.010128 
865 1.010128 
866 1.010128 
867 1.010128 
868 1.010128 
869 1.010128 
870 1.010128 
871 1.010128 
872 1.010128 
873 1.010128 
874 1.010128 
875 1.010128 
876 1.010128 
877 1.010128 
878 1.010128 
879 1.010128 
880 1.010128 
881 1.010128 
882 1.010128 
883 1.010128 
884 1.010128 
885 1.010128 
886 1.010128 
887 1.010128 
888 1.010128 
889 1.010128 
890 1.010128 
891 1.010128 
892 1.010128 
893 1.010128 
894 1.010128 
895 1.010128 
896 1.010128 
897 1.010128 
898 1.010128 
899 1.010128 
900 1.010128 
901 1.010128 
902 1.010128 
903 1.010128 
904 1.010128 
905 1.010128 
906 1.010128 
907 1.010128 
908 1.010128 
909 1.010128 
910 1.010128 
911 1.010128 
912 1.010128 
913 1.010128 
914 1.010128 
915 1.010128 
916 1.010128 
917 1.010128 
918 1.010128 
919 1.010128 
920 1.010128 
921 1.010128 
922 1.010128 
923 1.010128 
924 1.010128 
925 1.010128 
926 1.010128 
927 1.010128 
928 1.010128 
929 1.010128 
930 1.010128 
931 1.010128 
932 1.010128 
933 1.010128 
934 1.010128 
935 1.010128 
936 1.010128 
937 1.010128 
938 1.010128 
939 1.010128 
940 1.010128 
941 1.010128 
942 1.010128 
943 1.010128 
944 1.010128 
945 1.010128 
946 1.010128 
947 1.010128 
948 1.010128 
949 1.010128 
950 1.010128 
951 1.010128 
952 1.010128 
953 1.010128 
954 1.010128 
955 1.010128 
956 1.010128 
957 1.010128 
958 1.010128 
959 1.010128 
960 1.010128 
961 1.010128 
962 1.010128 
963 1.010128 
964 1.010128 
965 1.010128 
966 1.010128 
967 1.010128 
968 1.010128 
969 1.010128 
970 1.010128 
971 1.010128 
972 1.010128 
973 1.010128 
974 1.010128 
975 1.010128 
976 1.010128 
977 1.010128 
978 1.010128 
979 1.010128 
980 1.010128 
981 1.010128 
982 1.010128 
983 1.010128 
984 1.010128 
985 1.010128 
986 1.010128 
987 1.010128 
988 1.010128 
989 1.010128 
990 1.010128 
991 1.010128 
992 1.010128 
993 1.010128 
994 1.010128 
995 1.010128 
996 1.010128 
997 1.010128 
998 1.010128 
999 1.010128 
1000 1.010128 
1001 1.010128 
1002 1.010128 
1003 1.010128 
1004 1.010128 
1005 1.010128 
1006 1.010128 
1007 1.010128 
1008 1.010128 
1009 1.010128 
1010 1.010128 
1011 1.010128 
1012 1.010128 
1013 1.010128 
1014 1.010128 
1015 1.010128 
1016 1.010128 
1017 1.010128 
1018 1.010128 
1019 1.010128 
1020 1.010128 
1021 1.010128 
1022 1.010128 
1023 1.010128 
1024 1.010128 
1025 1.010128 
1026 1.010128 
1027 1.010128 
1028 1.010128 
1029 1.010128 
1030 1.010128 
1031 1.010128 
1032 1.010128 
1033 1.010128 
1034 1.010128 
1035 1.010128 
1036 1.010128 
1037 1.010128 
1038 1.010128 
1039 1.010128 
1040 1.010128 
1041 1.010128 
1042 1.010128 
1043 1.010128 
1044 1.010128 
1045 1.010128 
1046 1.010128 
1047 1.010128 
1048 1.010128 
1049 1.010128 
1050 1.010128 
1051 1.010128 
1052 1.010128 
1053 1.010128 
1054 1.010128 
1055 1.010128 
1056 1.010128 
1057 1.010128 
1058 1.010128 
1059 1.010128 
1060 1.010128 
1061 1.010128 
1062 1.010128 
1063 1.010128 
1064 1.010128 
1065 1.010128 
1066 1.010128 
1067 1.010128 
1068 1.010128 
1069 1.010128 
1070 1.010128 
1071 1.010128 
1072 1.010128 
1073 1.010128 
1074 1.010128 
1075 1.010128 
1076 1.010128 
1077 1.010128 
1078 1.010128 
1079 1.010128 
1080 1.010128 
1081 1.010128 
1082 1.010128 
1083 1.010128 
1084 1.010128 
1085 1.010128 
1086 1.010128 
1087 1.010128 
1088 1.010128 
1089 1.010128 
1090 1.010128 
1091 1.010128 
1092 1.010128 
1093 1.010128 
1094 1.010128 
1095 1.010128 
1096 1.010128 
1097 1.010128 
1098 1.010128 
1099 1.010128 
1100 1.010128 
1101 1.010128 
1102 1.010128 
1103 1.010128 
1104 1.010128 
1105 1.010128 
1106 1.010128 
1107 1.010128 
1108 1.010128 
1109 1.010128 
1110 1.010128 
1111 1.010128 
1112 1.010128 
1113 1.010128 
1114 1.010128 
1115 1.010128 
1116 1.010128 
1117 1.010128 
1118 1.010128 
1119 1.010128 
1120 1.010128 
1121 1.010128 
1122 1.010128 
1123 1.010128 
1124 1.010128 
1125 1.010128 
1126 1.010128 
1127 1.010128 
1128 1.010128 
1129 1.010128 
1130 1.010128 
1131 1.010128 
1132 1.010128 
1133 1.010128 
1134 1.010128 
1135 1.010128 
1136 1.010128 
1137 1.010128 
1138 1.010128 
1139 1.010128 
1140 1.010128 
1141 1.010128 
1142 1.010128 
1143 1.010128 
1144 1.010128 
1145 1.010128 
1146 1.010128 
1147 1.010128 
1148 1.010128 
1149 1.010128 
1150 1.010128 
1151 1.010128 
1152 1.010128 
1153 1.010128 
1154 1.010128 
1155 1.010128 
1156 1.010128 
1157 1.010128 
1158 1.010128 
1159 1.010128 
1160 1.010128 
1161 1.010128 
1162 1.010128 
1163 1.010128 
1164 1.010128 
1165 1.010128 
1166 1.010128 
1167 1.010128 
1168 1.010128 
1169 1.010128 
1170 1.010128 
1171 1.010128 
1172 1.010128 
1173 1.010128 
1174 1.010128 
1175 1.010128 
1176 1.010128 
1177 1.010128 
1178 1.010128 
1179 1.010128 
1180 1.010128 
1181 1.010128 
1182 1.010128 
1183 1.010128 
1184 1.010128 
1185 1.010128 
1186 1.010128 
1187 1.010128 
1188 1.010128 
1189 1.010128 
1190 1.010128 
1191 1.010128 
1192 1.010128 
1193 1.010128 
1194 1.010128 
1195 1.010128 
1196 1.010128 
1197 1.010128 
1198 1.010128 
1199 1.010128 
1200 1.010128 
1201 1.010128 
1202 1.010128 
1203 1.010128 
1204 1.010128 
1205 1.010128 
1206 1.010128 
1207 1.010128 
1208 1.010128 
1209 1.010128 
1210 1.010128 
1211 1.010128 
1212 1.010128 
1213 1.010128 
1214 1.010128 
1215 1.010128 
1216 1.010128 
1217 1.010128 
1218 1.010128 
1219 1.010128 
1220 1.010128 
1221 1.010128 
1222 1.010128 
1223 1.010128 
1224 1.010128 
1225 1.010128 
1226 1.010128 
1227 1.010128 
1228 1.010128 
1229 1.010128 
1230 1.010128 
1231 1.010128 
1232 1.010128 
1233 1.010128 
1234 1.010128 
1235 1.010128 
1236 1.010128 
1237 1.010128 
1238 1.010128 
1239 1.010128 
1240 1.010128 
1241 1.010128 
1242 1.010128 
1243 1.010128 
1244 1.010128 
1245 1.010128 
1246 1.010128 
1247 1.010128 
1248 1.010128 
1249 1.010128 
1250 1.010128 
1251 1.010128 
1252 1.010128 
1253 1.010128 
1254 1.010128 
1255 1.010128 
1256 1.010128 
1257 1.010128 
1258 1.010128 
1259 1.010128 
1260 1.010128 
1261 1.010128 
1262 1.010128 
1263 1.010128 
1264 1.010128 
1265 1.010128 
1266 1.010128 
1267 1.010128 
1268 1.010128 
1269 1.010128 
1270 1.010128 
1271 1.010128 
1272 1.010128 
1273 1.010128 
1274 1.010128 
1275 1.010128 
1276 1.010128 
1277 1.010128 
1278 1.010128 
1279 1.010128 
1280 1.010128 
1281 1.010128 
1282 1.010128 
1283 1.010128 
1284 1.010128 
1285 1.010128 
1286 1.010128 
1287 1.010128 
1288 1.010128 
1289 1.010128 
1290 1.010128 
1291 1.010128 
1292 1.010128 
1293 1.010128 
1294 1.010128 
1295 1.010128 
1296 1.010128 
1297 1.010128 
1298 1.010128 
1299 1.010128 
1300 1.010128 
1301 1.010128 
1302 1.010128 
1303 1.010128 
1304 1.010128 
1305 1.010128 
1306 1.010128 
1307 1.010128 
1308 1.010128 
1309 1.010128 
1310 1.010128 
1311 1.010128 
1312 1.010128 
1313 1.010128 
1314 1.010128 
1315 1.010128 
1316 1.010128 
1317 1.010128 
1318 1.010128 
1319 1.010128 
1320 1.010128 
1321 1.010128 
1322 1.010128 
1323 1.010128 
1324 1.010128 
1325 1.010128 
1326 1.010128 
1327 1.010128 
1328 1.010128 
1329 1.010128 
1330 1.010128 
1331 1.010128 
1332 1.010128 
1333 1.010128 
1334 1.010128 
1335 1.010128 
1336 1.010128 
1337 1.010128 
1338 1.010128 
1339 1.010128 
1340 1.010128 
1341 1.010128 
1342 1.010128 
1343 1.010128 
1344 1.010128 
1345 1.010128 
1346 1.010128 
1347 1.010128 
1348 1.010128 
1349 1.010128 
1350 1.010128 
1351 1.010128 
1352 1.010128 
1353 1.010128 
1354 1.010128 
1355 1.010128 
1356 1.010128 
1357 1.010128 
1358 1.010128 
1359 1.010128 
1360 1.010128 
1361 1.010128 
1362 1.010128 
1363 1.010128 
1364 1.010128 
1365 1.010128 
1366 1.010128 
1367 1.010128 
1368 1.010128 
1369 1.010128 
1370 1.010128 
1371 1.010128 
1372 1.010128 
1373 1.010128 
1374 1.010128 
1375 1.010128 
1376 1.010128 
1377 1.010128 
1378 1.010128 
1379 1.010128 
1380 1.010128 
1381 1.010128 
1382 1.010128 
1383 1.010128 
1384 1.010128 
1385 1.010128 
1386 1.010128 
1387 1.010128 
1388 1.010128 
1389 1.010128 
1390 1.010128 
1391 1.010128 
1392 1.010128 
1393 1.010128 
1394 1.010128 
1395 1.010128 
1396 1.010128 
1397 1.010128 
1398 1.010128 
1399 1.010128 
1400 1.010128 
1401 1.010128 
1402 1.010128 
1403 1.010128 
1404 1.010128 
1405 1.010128 
1406 1.010128 
1407 1.010128 
1408 1.010128 
1409 1.010128 
1410 1.010128 
1411 1.010128 
1412 1.010128 
1413 1.010128 
1414 1.010128 
1415 1.010128 
1416 1.010128 
1417 1.010128 
1418 1.010128 
1419 1.010128 
1420 1.010128 
1421 1.010128 
1422 1.010128 
1423 1.010128 
1424 1.010128 
1425 1.010128 
1426 1.010128 
1427 1.010128 
1428 1.010128 
1429 1.010128 
1430 1.010128 
1431 1.010128 
1432 1.010128 
1433 1.010128 
1434 1.010128 
1435 1.010128 
1436 1.010128 
1437 1.010128 
1438 1.010128 
1439 1.010128 
1440 1.010128 
1441 1.010128 
1442 1.010128 
1443 1.010128 
1444 1.010128 
1445 1.010128 
1446 1.010128 
1447 1.010128 
1448 1.010128 
1449 1.010128 
1450 1.010128 
1451 1.010128 
1452 1.010128 
1453 1.010128 
1454 1.010128 
1455 1.010128 
1456 1.010128 
1457 1.010128 
1458 1.010128 
1459 1.010128 
1460 1.010128 
1461 1.010128 
1462 1.010128 
1463 1.010128 
1464 1.010128 
1465 1.010128 
1466 1.010128 
1467 1.010128 
1468 1.010128 
1469 1.010128 
1470 1.010128 
1471 1.010128 
1472 1.010128 
1473 1.010128 
1474 1.010128 
1475 1.010128 
1476 1.010128 
1477 1.010128 
1478 1.010128 
1479 1.010128 
1480 1.010128 
1481 1.010128 
1482 1.010128 
1483 1.010128 
1484 1.010128 
1485 1.010128 
1486 1.010128 
1487 1.010128 
1488 1.010128 
1489 1.010128 
1490 1.010128 
1491 1.010128 
1492 1.010128 
1493 1.010128 
1494 1.010128 
1495 1.010128 
1496 1.010128 
1497 1.010128 
1498 1.010128 
1499 1.010128 
1500 1.010128 
1501 1.010128 
1502 1.010128 
1503 1.010128 
1504 1.010128 
1505 1.010128 
1506 1.010128 
1507 1.010128 
1508 1.010128 
1509 1.010128 
1510 1.010128 
1511 1.010128 
1512 1.010128 
1513 1.010128 
1514 1.010128 
1515 1.010128 
1516 1.010128 
1517 1.010128 
1518 1.010128 
1519 1.010128 
1520 1.010128 
1521 1.010128 
1522 1.010128 
1523 1.010128 
1524 1.010128 
1525 1.010128 
1526 1.010128 
1527 1.010128 
1528 1.010128 
1529 1.010128 
1530 1.010128 
1531 1.010128 
1532 1.010128 
1533 1.010128 
1534 1.010128 
1535 1.010128 
1536 1.010128 
1537 1.010128 
1538 1.010128 
1539 1.010128 
1540 1.010128 
1541 1.010128 
1542 1.010128 
1543 1.010128 
1544 1.010128 
1545 1.010128 
1546 1.010128 
1547 1.010128 
1548 1.010128 
1549 1.010128 
1550 1.010128 
1551 1.010128 
1552 1.010128 
1553 1.010128 
1554 1.010128 
1555 1.010128 
1556 1.010128 
1557 1.010128 
1558 1.010128 
1559 1.010128 
1560 1.010128 
1561 1.010128 
1562 1.010128 
1563 1.010128 
1564 1.010128 
1565 1.010128 
1566 1.010128 
1567 1.010128 
1568 1.010128 
1569 1.010128 
1570 1.010128 
1571 1.010128 
1572 1.010128 
1573 1.010128 
1574 1.010128 
1575 1.010128 
1576 1.010128 
1577 1.010128 
1578 1.010128 
1579 1.010128 
1580 1.010128 
1581 1.010128 
1582 1.010128 
1583 1.010128 
1584 1.010128 
1585 1.010128 
1586 1.010128 
1587 1.010128 
1588 1.010128 
1589 1.010128 
1590 1.010128 
1591 1.010128 
1592 1.010128 
1593 1.010128 
1594 1.010128 
1595 1.010128 
1596 1.010128 
1597 1.010128 
1598 1.010128 
1599 1.010128 
1600 1.010128 
1601 1.010128 
1602 1.010128 
1603 1.010128 
1604 1.010128 
1605 1.010128 
1606 1.010128 
1607 1.010128 
1608 1.010128 
1609 1.010128 
1610 1.010128 
1611 1.010128 
1612 1.010128 
1613 1.010128 
1614 1.010128 
1615 1.010128 
1616 1.010128 
1617 1.010128 
1618 1.010128 
1619 1.010128 
1620 1.010128 
1621 1.010128 
1622 1.010128 
1623 1.010128 
1624 1.010128 
1625 1.010128 
1626 1.010128 
1627 1.010128 
1628 1.010128 
1629 1.010128 
1630 1.010128 
1631 1.010128 
1632 1.010128 
1633 1.010128 
1634 1.010128 
1635 1.010128 
1636 1.010128 
1637 1.010128 
1638 1.010128 
1639 1.010128 
1640 1.010128 
1641 1.010128 
1642 1.010128 
1643 1.010128 
1644 1.010128 
1645 1.010128 
1646 1.010128 
1647 1.010128 
1648 1.010128 
1649 1.010128 
1650 1.010128 
1651 1.010128 
1652 1.010128 
1653 1.010128 
1654 1.010128 
1655 1.010128 
1656 1.010128 
1657 1.010128 
1658 1.010128 
1659 1.010128 
1660 1.010128 
1661 1.010128 
1662 1.010128 
1663 1.010128 
1664 1.010128 
1665 1.010128 
1666 1.010128 
1667 1.010128 
1668 1.010128 
1669 1.010128 
1670 1.010128 
1671 1.010128 
1672 1.010128 
1673 1.010128 
1674 1.010128 
1675 1.010128 
1676 1.010128 
1677 1.010128 
1678 1.010128 
1679 1.010128 
1680 1.010128 
1681 1.010128 
1682 1.010128 
1683 1.010128 
1684 1.010128 
1685 1.010128 
1686 1.010128 
1687 1.010128 
1688 1.010128 
1689 1.010128 
1690 1.010128 
1691 1.010128 
1692 1.010128 
1693 1.010128 
1694 1.010128 
1695 1.010128 
1696 1.010128 
1697 1.010128 
1698 1.010128 
1699 1.010128 
1700 1.010128 
1701 1.010128 
1702 1.010128 
1703 1.010128 
1704 1.010128 
1705 1.010128 
1706 1.010128 
1707 1.010128 
1708 1.010128 
1709 1.010128 
1710 1.010128 
1711 1.010128 
1712 1.010128 
1713 1.010128 
1714 1.010128 
1715 1.010128 
1716 1.010128 
1717 1.010128 
1718 1.010128 
1719 1.010128 
1720 1.010128 
1721 1.010128 
1722 1.010128 
1723 1.010128 
1724 1.010128 
1725 1.010128 
1726 1.010128 
1727 1.010128 
1728 1.010128 
1729 1.010128 
1730 1.010128 
1731 1.010128 
1732 1.010128 
1733 1.010128 
1734 1.010128 
1735 1.010128 
1736 1.010128 
1737 1.010128 
1738 1.010128 
1739 1.010128 
1740 1.010128 
1741 1.010128 
1742 1.010128 
1743 1.010128 
1744 1.010128 
1745 1.010128 
1746 1.010128 
1747 1.010128 
1748 1.010128 
1749 1.010128 
1750 1.010128 
1751 1.010128 
1752 1.010128 
1753 1.010128 
1754 1.010128 
1755 1.010128 
1756 1.010128 
1757 1.010128 
1758 1.010128 
1759 1.010128 
1760 1.010128 
1761 1.010128 
1762 1.010128 
1763 1.010128 
1764 1.010128 
1765 1.010128 
1766 1.010128 
1767 1.010128 
1768 1.010128 
1769 1.010128 
1770 1.010128 
1771 1.010128 
1772 1.010128 
1773 1.010128 
1774 1.010128 
1775 1.010128 
1776 1.010128 
1777 1.010128 
1778 1.010128 
1779 1.010128 
1780 1.010128 
1781 1.010128 
1782 1.010128 
1783 1.010128 
1784 1.010128 
1785 1.010128 
1786 1.010128 
1787 1.010128 
1788 1.010128 
1789 1.010128 
1790 1.010128 
1791 1.010128 
1792 1.010128 
1793 1.010128 
1794 1.010128 
1795 1.010128 
1796 1.010128 
1797 1.010128 
1798 1.010128 
1799 1.010128 
1800 1.010128 
1801 1.010128 
1802 1.010128 
1803 1.010128 
1804 1.010128 
1805 1.010128 
1806 1.010128 
1807 1.010128 
1808 1.010128 
1809 1.010128 
1810 1.010128 
1811 1.010128 
1812 1.010128 
1813 1.010128 
1814 1.010128 
1815 1.010128 
1816 1.010128 
1817 1.010128 
1818 1.010128 
1819 1.010128 
1820 1.010128 
1821 1.010128 
1822 1.010128 
1823 1.010128 
1824 1.010128 
1825 1.010128 
1826 1.010128 
1827 1.010128 
1828 1.010128 
1829 1.010128 
1830 1.010128 
1831 1.010128 
1832 1.010128 
1833 1.010128 
1834 1.010128 
1835 1.010128 
1836 1.010128 
1837 1.010128 
1838 1.010128 
1839 1.010128 
1840 1.010128 
1841 1.010128 
1842 1.010128 
1843 1.010128 
1844 1.010128 
1845 1.010128 
1846 1.010128 
1847 1.010128 
1848 1.010128 
1849 1.010128 
1850 1.010128 
1851 1.010128 
1852 1.010128 
1853 1.010128 
1854 1.010128 
1855 1.010128 
1856 1.010128 
1857 1.010128 
1858 1.010128 
1859 1.010128 
1860 1.010128 
1861 1.010128 
1862 1.010128 
1863 1.010128 
1864 1.010128 
1865 1.010128 
1866 1.010128 
1867 1.010128 
1868 1.010128 
1869 1.010128 
1870 1.010128 
1871 1.010128 
1872 1.010128 
1873 1.010128 
1874 1.010128 
1875 1.010128 
1876 1.010128 
1877 1.010128 
1878 1.010128 
1879 1.010128 
1880 1.010128 
1881 1.010128 
1882 1.010128 
1883 1.010128 
1884 1.010128 
1885 1.010128 
1886 1.010128 
1887 1.010128 
1888 1.010128 
1889 1.010128 
1890 1.010128 
1891 1.010128 
1892 1.010128 
1893 1.010128 
1894 1.010128 
1895 1.010128 
1896 1.010128 
1897 1.010128 
1898 1.010128 
1899 1.010128 
1900 1.010128 
1901 1.010128 
1902 1.010128 
1903 1.010128 
1904 1.010128 
1905 1.010128 
1906 1.010128 
1907 1.010128 
1908 1.010128 
1909 1.010128 
1910 1.010128 
1911 1.010128 
1912 1.010128 
1913 1.010128 
1914 1.010128 
1915 1.010128 
1916 1.010128 
1917 1.010128 
1918 1.010128 
1919 1.010128 
1920 1.010128 
1921 1.010128 
1922 1.010128 
1923 1.010128 
1924 1.010128 
1925 1.010128 
1926 1.010128 
1927 1.010128 
1928 1.010128 
1929 1.010128 
1930 1.010128 
1931 1.010128 
1932 1.010128 
1933 1.010128 
1934 1.010128 
1935 1.010128 
1936 1.010128 
1937 1.010128 
1938 1.010128 
1939 1.010128 
1940 1.010128 
1941 1.010128 
1942 1.010128 
1943 1.010128 
1944 1.010128 
1945 1.010128 
1946 1.010128 
1947 1.010128 
1948 1.010128 
1949 1.010128 
1950 1.010128 
1951 1.010128 
1952 1.010128 
1953 1.010128 
1954 1.010128 
1955 1.010128 
1956 1.010128 
1957 1.010128 
1958 1.010128 
1959 1.010128 
1960 1.010128 
1961 1.010128 
1962 1.010128 
1963 1.010128 
1964 1.010128 
1965 1.010128 
1966 1.010128 
1967 1.010128 
1968 1.010128 
1969 1.010128 
1970 1.010128 
1971 1.010128 
1972 1.010128 
1973 1.010128 
1974 1.010128 
1975 1.010128 
1976 1.010128 
1977 1.010128 
1978 1.010128 
1979 1.010128 
1980 1.010128 
1981 1.010128 
1982 1.010128 
1983 1.010128 
1984 1.010128 
1985 1.010128 
1986 1.010128 
1987 1.010128 
1988 1.010128 
1989 1.010128 
1990 1.010128 
1991 1.010128 
1992 1.010128 
1993 1.010128 
1994 1.010128 
1995 1.010128 
1996 1.010128 
1997 1.010128 
1998 1.010128 
1999 1.010128 
