0 0.000000 
1 0.000000 
2 0.000000 
3 0.000000 
4 0.000000 
5 0.000000 
6 0.000000 
7 0.000000 
8 0.000000 
9 0.000000 
10 0.000000 
11 0.000000 
12 0.000000 
13 0.000000 
14 0.000000 
15 0.000000 
16 0.000000 
17 0.000000 
18 0.000000 
19 0.000000 
20 0.000000 
21 0.000000 
22 0.000000 
23 0.000000 
24 0.000000 
25 0.000000 
26 0.000000 
27 0.000000 
28 0.000000 
29 0.000000 
30 0.000000 
31 0.000000 
32 0.000000 
33 0.000000 
34 0.000000 
35 0.000000 
36 0.000000 
37 0.000000 
38 0.000000 
39 0.000000 
40 0.000000 
41 0.000000 
42 0.000000 
43 0.000000 
44 0.000000 
45 0.000000 
46 0.000000 
47 0.000000 
48 0.000000 
49 0.000000 
50 0.000000 
51 0.000000 
52 0.000000 
53 0.000000 
54 0.000000 
55 0.000000 
56 0.000000 
57 0.000000 
58 0.000000 
59 0.000000 
60 0.000000 
61 0.000000 
62 0.000000 
63 0.000000 
64 0.000000 
65 0.000000 
66 0.000000 
67 0.000000 
68 0.000000 
69 0.000000 
70 0.000000 
71 0.000000 
72 0.000000 
73 0.000000 
74 0.000000 
75 0.000000 
76 0.000000 
77 0.000000 
78 0.000000 
79 0.000000 
80 0.000000 
81 0.000000 
82 0.000000 
83 0.000000 
84 0.000000 
85 0.000000 
86 0.000000 
87 0.000000 
88 0.000000 
89 0.000000 
90 0.000000 
91 0.001069 
92 0.002102 
93 0.003134 
94 0.004195 
95 0.005315 
96 0.006525 
97 0.007854 
98 0.009334 
99 0.011002 
100 0.012895 
101 0.015055 
102 0.017531 
103 0.020377 
104 0.023654 
105 0.027435 
106 0.031799 
107 0.036842 
108 0.042670 
109 0.049410 
110 0.057205 
111 0.066222 
112 0.076652 
113 0.088720 
114 0.102680 
115 0.118831 
116 0.137517 
117 0.159134 
118 0.184141 
119 0.213071 
120 0.246535 
121 0.285245 
122 0.330020 
123 0.381809 
124 0.441706 
125 0.510980 
126 0.591094 
127 0.683740 
128 0.790874 
129 0.914755 
130 1.057994 
131 1.223609 
132 1.415086 
133 1.636454 
134 1.892366 
135 2.188199 
136 2.530166 
137 2.925442 
138 3.382319 
139 3.910371 
140 4.520662 
141 5.225970 
142 6.041052 
143 6.982957 
144 8.071374 
145 9.329046 
146 10.782236 
147 12.461281 
148 10.076135 
149 8.147197 
150 6.587276 
151 5.325830 
152 4.305793 
153 3.480998 
154 2.814102 
155 2.274897 
156 1.838951 
157 1.486503 
158 1.201570 
159 0.971227 
160 0.785021 
161 0.634500 
162 0.512829 
163 0.414481 
164 0.334987 
165 0.270735 
166 0.218804 
167 0.176831 
168 0.142909 
169 0.115493 
170 0.093335 
171 0.075428 
172 0.060957 
173 0.049262 
174 0.039810 
175 0.032172 
176 0.026000 
177 0.021012 
178 0.016981 
179 0.013723 
180 0.011091 
181 0.008963 
182 0.007244 
183 0.005855 
184 0.004732 
185 0.003825 
186 0.003092 
187 0.002499 
188 0.002020 
189 0.001634 
190 0.001321 
191 0.001069 
192 0.000865 
193 0.000701 
194 0.000568 
195 0.000461 
196 0.000376 
197 0.000307 
198 0.000252 
199 0.000209 
200 0.000175 
201 0.000149 
202 0.000129 
203 0.000116 
204 0.000107 
205 0.000103 
206 0.000103 
207 0.000107 
208 0.000115 
209 0.000128 
210 0.000145 
211 0.000167 
212 0.000194 
213 0.000228 
214 0.000270 
215 0.000320 
216 0.000380 
217 0.000452 
218 0.000538 
219 0.000640 
220 0.000762 
221 0.000906 
222 0.001077 
223 0.001280 
224 0.001520 
225 0.001804 
226 0.002141 
227 0.002538 
228 0.003008 
229 0.003563 
230 0.004219 
231 0.004992 
232 0.005905 
233 0.006982 
234 0.008252 
235 0.009748 
236 0.011512 
237 0.013590 
238 0.016036 
239 0.018853 
240 0.022056 
241 0.025674 
242 0.029750 
243 0.034334 
244 0.039492 
245 0.045295 
246 0.051830 
247 0.059194 
248 0.067494 
249 0.076855 
250 0.087414 
251 0.099324 
252 0.112759 
253 0.127910 
254 0.144990 
255 0.164237 
256 0.185915 
257 0.210316 
258 0.237763 
259 0.268613 
260 0.303259 
261 0.342134 
262 0.385712 
263 0.434511 
264 0.489096 
265 0.550078 
266 0.618121 
267 0.693937 
268 0.778286 
269 0.871978 
270 0.975867 
271 1.090842 
272 1.217823 
273 1.357746 
274 1.511545 
275 1.680132 
276 1.864363 
277 2.065001 
278 2.282669 
279 2.517780 
280 2.770468 
281 3.040481 
282 3.327067 
283 3.628817 
284 3.943485 
285 4.267760 
286 4.596990 
287 4.924849 
288 5.242927 
289 5.540236 
290 5.802619 
291 6.012026 
292 6.145653 
293 6.174904 
294 6.064140 
295 5.769191 
296 5.364614 
297 4.903190 
298 4.421527 
299 3.944305 
300 3.487504 
301 3.060822 
302 2.669496 
303 2.315654 
304 1.999309 
305 1.719096 
306 1.472793 
307 1.257704 
308 1.070919 
309 0.909497 
310 0.770582 
311 0.651484 
312 0.549712 
313 0.463004 
314 0.389328 
315 0.326876 
316 0.274054 
317 0.229467 
318 0.191900 
319 0.160300 
320 0.133762 
321 0.111507 
322 0.092868 
323 0.077278 
324 0.064252 
325 0.053381 
326 0.044318 
327 0.036768 
328 0.030486 
329 0.025262 
330 0.020923 
331 0.017320 
332 0.014332 
333 0.011856 
334 0.009805 
335 0.008108 
336 0.006705 
337 0.005547 
338 0.004591 
339 0.003804 
340 0.003158 
341 0.002627 
342 0.002194 
343 0.001842 
344 0.001558 
345 0.001330 
346 0.001151 
347 0.001013 
348 0.000911 
349 0.000840 
350 0.000796 
351 0.000779 
352 0.000784 
353 0.000813 
354 0.000864 
355 0.000938 
356 0.001036 
357 0.001159 
358 0.001310 
359 0.001491 
360 0.001705 
361 0.001957 
362 0.002251 
363 0.002593 
364 0.002990 
365 0.003448 
366 0.003977 
367 0.004585 
368 0.005285 
369 0.006087 
370 0.007008 
371 0.008063 
372 0.009269 
373 0.010647 
374 0.012220 
375 0.014013 
376 0.016054 
377 0.018376 
378 0.021013 
379 0.024003 
380 0.027390 
381 0.031219 
382 0.035542 
383 0.040414 
384 0.045893 
385 0.052044 
386 0.058933 
387 0.066634 
388 0.075227 
389 0.084802 
390 0.095459 
391 0.107309 
392 0.120475 
393 0.135090 
394 0.151305 
395 0.169280 
396 0.189193 
397 0.211234 
398 0.235613 
399 0.262551 
400 0.292290 
401 0.325088 
402 0.361218 
403 0.400971 
404 0.444657 
405 0.492599 
406 0.545134 
407 0.602617 
408 0.665407 
409 0.733878 
410 0.808401 
411 0.889352 
412 0.977098 
413 1.071993 
414 1.174367 
415 1.284519 
416 1.402705 
417 1.529120 
418 1.663887 
419 1.807034 
420 1.958479 
421 2.117999 
422 2.285214 
423 2.459550 
424 2.640213 
425 2.826157 
426 3.016053 
427 3.208250 
428 3.400748 
429 3.591171 
430 3.776736 
431 3.954251 
432 4.120106 
433 4.270295 
434 4.400467 
435 4.506005 
436 4.582160 
437 4.624247 
438 4.627928 
439 4.589595 
440 4.506899 
441 4.379451 
442 4.209740 
443 4.004334 
444 3.771580 
445 3.520156 
446 3.258215 
447 2.992922 
448 2.730257 
449 2.474978 
450 2.230691 
451 1.999967 
452 1.784488 
453 1.585198 
454 1.402444 
455 1.236109 
456 1.085726 
457 0.950575 
458 0.829763 
459 0.722295 
460 0.627117 
461 0.543162 
462 0.469382 
463 0.404761 
464 0.348341 
465 0.299223 
466 0.256577 
467 0.219644 
468 0.187732 
469 0.160218 
470 0.136547 
471 0.116219 
472 0.098795 
473 0.083886 
474 0.071149 
475 0.060285 
476 0.051032 
477 0.043164 
478 0.036482 
479 0.030816 
480 0.026018 
481 0.021961 
482 0.018536 
483 0.015650 
484 0.013223 
485 0.011186 
486 0.009482 
487 0.008060 
488 0.006881 
489 0.005907 
490 0.005110 
491 0.004465 
492 0.003952 
493 0.003553 
494 0.003255 
495 0.003047 
496 0.002920 
497 0.002867 
498 0.002884 
499 0.002968 
500 0.003117 
501 0.003331 
502 0.003611 
503 0.003961 
504 0.004384 
505 0.004885 
506 0.005470 
507 0.006147 
508 0.006925 
509 0.007814 
510 0.008827 
511 0.009977 
512 0.011279 
513 0.012749 
514 0.014408 
515 0.016276 
516 0.018377 
517 0.020735 
518 0.023381 
519 0.026345 
520 0.029662 
521 0.033369 
522 0.037508 
523 0.042123 
524 0.047263 
525 0.052981 
526 0.059335 
527 0.066386 
528 0.074202 
529 0.082855 
530 0.092422 
531 0.102986 
532 0.114639 
533 0.127474 
534 0.141595 
535 0.157113 
536 0.174146 
537 0.192820 
538 0.213271 
539 0.235643 
540 0.260088 
541 0.286768 
542 0.315853 
543 0.347523 
544 0.381962 
545 0.419364 
546 0.459928 
547 0.503858 
548 0.551361 
549 0.602647 
550 0.657921 
551 0.717390 
552 0.781251 
553 0.849693 
554 0.922890 
555 1.000997 
556 1.084148 
557 1.172446 
558 1.265957 
559 1.364706 
560 1.468669 
561 1.577760 
562 1.691830 
563 1.810651 
564 1.933909 
565 2.061198 
566 2.192004 
567 2.325700 
568 2.461538 
569 2.598637 
570 2.735983 
571 2.872420 
572 3.006652 
573 3.137245 
574 3.262631 
575 3.381125 
576 3.490936 
577 3.590200 
578 3.677007 
579 3.749446 
580 3.805656 
581 3.843888 
582 3.862576 
583 3.860414 
584 3.836446 
585 3.790152 
586 3.721531 
587 3.631179 
588 3.520332 
589 3.390872 
590 3.245267 
591 3.086406 
592 2.917409 
593 2.741442 
594 2.561568 
595 2.380627 
596 2.201157 
597 2.025349 
598 1.855028 
599 1.691652 
600 1.536332 
601 1.389858 
602 1.252739 
603 1.125232 
604 1.007390 
605 0.899090 
606 0.800077 
607 0.709987 
608 0.628380 
609 0.554762 
610 0.488606 
611 0.429370 
612 0.376509 
613 0.329484 
614 0.287776 
615 0.250887 
616 0.218346 
617 0.189714 
618 0.164579 
619 0.142565 
620 0.123327 
621 0.106549 
622 0.091946 
623 0.079261 
624 0.068264 
625 0.058749 
626 0.050532 
627 0.043450 
628 0.037360 
629 0.032135 
630 0.027664 
631 0.023849 
632 0.020605 
633 0.017859 
634 0.015547 
635 0.013613 
636 0.012011 
637 0.010700 
638 0.009646 
639 0.008819 
640 0.008197 
641 0.007758 
642 0.007489 
643 0.007375 
644 0.007409 
645 0.007583 
646 0.007894 
647 0.008340 
648 0.008923 
649 0.009645 
650 0.010512 
651 0.011531 
652 0.012710 
653 0.014061 
654 0.015598 
655 0.017334 
656 0.019288 
657 0.021478 
658 0.023927 
659 0.026658 
660 0.029697 
661 0.033074 
662 0.036821 
663 0.040971 
664 0.045563 
665 0.050637 
666 0.056237 
667 0.062410 
668 0.069209 
669 0.076686 
670 0.084903 
671 0.093920 
672 0.103806 
673 0.114632 
674 0.126474 
675 0.139413 
676 0.153533 
677 0.168926 
678 0.185685 
679 0.203911 
680 0.223708 
681 0.245186 
682 0.268458 
683 0.293643 
684 0.320863 
685 0.350245 
686 0.381917 
687 0.416012 
688 0.452663 
689 0.492004 
690 0.534168 
691 0.579286 
692 0.627486 
693 0.678890 
694 0.733613 
695 0.791760 
696 0.853423 
697 0.918679 
698 0.987589 
699 1.060190 
700 1.136494 
701 1.216486 
702 1.300118 
703 1.387304 
704 1.477919 
705 1.571792 
706 1.668702 
707 1.768377 
708 1.870485 
709 1.974636 
710 2.080374 
711 2.187178 
712 2.294458 
713 2.401558 
714 2.507751 
715 2.612244 
716 2.714184 
717 2.812658 
718 2.906703 
719 2.995316 
720 3.077466 
721 3.152108 
722 3.218199 
723 3.274719 
724 3.320692 
725 3.355212 
726 3.377466 
727 3.386762 
728 3.382558 
729 3.364485 
730 3.332374 
731 3.286273 
732 3.226467 
733 3.153482 
734 3.068085 
735 2.971275 
736 2.864257 
737 2.748406 
738 2.625228 
739 2.496304 
740 2.363239 
741 2.227618 
742 2.090955 
743 1.954665 
744 1.820034 
745 1.688197 
746 1.560135 
747 1.436663 
748 1.318438 
749 1.205964 
750 1.099600 
751 0.999575 
752 0.906005 
753 0.818900 
754 0.738187 
755 0.663720 
756 0.595297 
757 0.532668 
758 0.475552 
759 0.423642 
760 0.376619 
761 0.334154 
762 0.295920 
763 0.261592 
764 0.230854 
765 0.203403 
766 0.178948 
767 0.157216 
768 0.137950 
769 0.120909 
770 0.105872 
771 0.092633 
772 0.081006 
773 0.070820 
774 0.061919 
775 0.054163 
776 0.047426 
777 0.041596 
778 0.036571 
779 0.032261 
780 0.028588 
781 0.025481 
782 0.022881 
783 0.020733 
784 0.018992 
785 0.017618 
786 0.016579 
787 0.015846 
788 0.015397 
789 0.015214 
790 0.015282 
791 0.015591 
792 0.016134 
793 0.016909 
794 0.017915 
795 0.019155 
796 0.020634 
797 0.022361 
798 0.024346 
799 0.026605 
800 0.029152 
801 0.032006 
802 0.035189 
803 0.038724 
804 0.042639 
805 0.046962 
806 0.051725 
807 0.056963 
808 0.062713 
809 0.069016 
810 0.075916 
811 0.083459 
812 0.091694 
813 0.100675 
814 0.110457 
815 0.121101 
816 0.132669 
817 0.145226 
818 0.158843 
819 0.173592 
820 0.189549 
821 0.206792 
822 0.225404 
823 0.245469 
824 0.267075 
825 0.290312 
826 0.315270 
827 0.342042 
828 0.370723 
829 0.401407 
830 0.434189 
831 0.469160 
832 0.506414 
833 0.546038 
834 0.588117 
835 0.632730 
836 0.679951 
837 0.729843 
838 0.782462 
839 0.837851 
840 0.896041 
841 0.957047 
842 1.020866 
843 1.087478 
844 1.156837 
845 1.228878 
846 1.303505 
847 1.380598 
848 1.460003 
849 1.541534 
850 1.624971 
851 1.710057 
852 1.796497 
853 1.883958 
854 1.972066 
855 2.060409 
856 2.148532 
857 2.235945 
858 2.322120 
859 2.406495 
860 2.488476 
861 2.567443 
862 2.642755 
863 2.713757 
864 2.779785 
865 2.840177 
866 2.894279 
867 2.941459 
868 2.981115 
869 3.012690 
870 3.035678 
871 3.049642 
872 3.054222 
873 3.049150 
874 3.034253 
875 3.009472 
876 2.974859 
877 2.930590 
878 2.876962 
879 2.814391 
880 2.743414 
881 2.664672 
882 2.578906 
883 2.486940 
884 2.389660 
885 2.288002 
886 2.182924 
887 2.075389 
888 1.966346 
889 1.856710 
890 1.747345 
891 1.639055 
892 1.532569 
893 1.428536 
894 1.327523 
895 1.230005 
896 1.136377 
897 1.046946 
898 0.961943 
899 0.881522 
900 0.805773 
901 0.734723 
902 0.668347 
903 0.606573 
904 0.549292 
905 0.496361 
906 0.447612 
907 0.402859 
908 0.361900 
909 0.324524 
910 0.290515 
911 0.259656 
912 0.231730 
913 0.206525 
914 0.183836 
915 0.163464 
916 0.145219 
917 0.128924 
918 0.114409 
919 0.101515 
920 0.090097 
921 0.080019 
922 0.071156 
923 0.063393 
924 0.056626 
925 0.050761 
926 0.045713 
927 0.041407 
928 0.037773 
929 0.034752 
930 0.032291 
931 0.030345 
932 0.028874 
933 0.027844 
934 0.027228 
935 0.027002 
936 0.027148 
937 0.027654 
938 0.028509 
939 0.029708 
940 0.031250 
941 0.033137 
942 0.035374 
943 0.037970 
944 0.040937 
945 0.044289 
946 0.048044 
947 0.052223 
948 0.056850 
949 0.061951 
950 0.067556 
951 0.073695 
952 0.080404 
953 0.087721 
954 0.095684 
955 0.104338 
956 0.113728 
957 0.123902 
958 0.134911 
959 0.146808 
960 0.159649 
961 0.173492 
962 0.188398 
963 0.204430 
964 0.221652 
965 0.240131 
966 0.259935 
967 0.281134 
968 0.303797 
969 0.327996 
970 0.353802 
971 0.381286 
972 0.410519 
973 0.441568 
974 0.474500 
975 0.509380 
976 0.546268 
977 0.585220 
978 0.626287 
979 0.669513 
980 0.714935 
981 0.762582 
982 0.812471 
983 0.864611 
984 0.918998 
985 0.975611 
986 1.034419 
987 1.095372 
988 1.158401 
989 1.223419 
990 1.290321 
991 1.358976 
992 1.429233 
993 1.500916 
994 1.573826 
995 1.647736 
996 1.722397 
997 1.797529 
998 1.872832 
999 1.947977 
1000 2.022612 
1001 2.096361 
1002 2.168829 
1003 2.239599 
1004 2.308239 
1005 2.374304 
1006 2.437338 
1007 2.496880 
1008 2.552469 
1009 2.603647 
1010 2.649967 
1011 2.690996 
1012 2.726323 
1013 2.755568 
1014 2.778381 
1015 2.794456 
1016 2.803532 
1017 2.805403 
1018 2.799920 
1019 2.786997 
1020 2.766615 
1021 2.738825 
1022 2.703750 
1023 2.661583 
1024 2.612591 
1025 2.557107 
1026 2.495530 
1027 2.428319 
1028 2.355986 
1029 2.279087 
1030 2.198215 
1031 2.113989 
1032 2.027047 
1033 1.938029 
1034 1.847575 
1035 1.756310 
1036 1.664834 
1037 1.573721 
1038 1.483505 
1039 1.394678 
1040 1.307685 
1041 1.222920 
1042 1.140727 
1043 1.061397 
1044 0.985170 
1045 0.912235 
1046 0.842734 
1047 0.776765 
1048 0.714383 
1049 0.655606 
1050 0.600420 
1051 0.548777 
1052 0.500608 
1053 0.455820 
1054 0.414302 
1055 0.375929 
1056 0.340565 
1057 0.308067 
1058 0.278286 
1059 0.251068 
1060 0.226263 
1061 0.203717 
1062 0.183283 
1063 0.164815 
1064 0.148174 
1065 0.133226 
1066 0.119844 
1067 0.107908 
1068 0.097305 
1069 0.087930 
1070 0.079685 
1071 0.072481 
1072 0.066235 
1073 0.060872 
1074 0.056324 
1075 0.052530 
1076 0.049436 
1077 0.046994 
1078 0.045162 
1079 0.043903 
1080 0.043189 
1081 0.042992 
1082 0.043293 
1083 0.044076 
1084 0.045330 
1085 0.047049 
1086 0.049228 
1087 0.051870 
1088 0.054979 
1089 0.058562 
1090 0.062633 
1091 0.067205 
1092 0.072297 
1093 0.077929 
1094 0.084125 
1095 0.090912 
1096 0.098320 
1097 0.106380 
1098 0.115127 
1099 0.124598 
1100 0.134833 
1101 0.145873 
1102 0.157763 
1103 0.170547 
1104 0.184274 
1105 0.198994 
1106 0.214757 
1107 0.231616 
1108 0.249624 
1109 0.268837 
1110 0.289308 
1111 0.311095 
1112 0.334251 
1113 0.358833 
1114 0.384894 
1115 0.412488 
1116 0.441666 
1117 0.472476 
1118 0.504965 
1119 0.539175 
1120 0.575145 
1121 0.612908 
1122 0.652492 
1123 0.693918 
1124 0.737200 
1125 0.782345 
1126 0.829349 
1127 0.878200 
1128 0.928874 
1129 0.981334 
1130 1.035535 
1131 1.091413 
1132 1.148893 
1133 1.207884 
1134 1.268279 
1135 1.329954 
1136 1.392769 
1137 1.456566 
1138 1.521169 
1139 1.586384 
1140 1.651998 
1141 1.717782 
1142 1.783488 
1143 1.848853 
1144 1.913598 
1145 1.977427 
1146 2.040034 
1147 2.101099 
1148 2.160294 
1149 2.217284 
1150 2.271729 
1151 2.323285 
1152 2.371614 
1153 2.416379 
1154 2.457252 
1155 2.493918 
1156 2.526076 
1157 2.553446 
1158 2.575769 
1159 2.592817 
1160 2.604390 
1161 2.610323 
1162 2.610489 
1163 2.604800 
1164 2.593212 
1165 2.575727 
1166 2.552390 
1167 2.523294 
1168 2.488580 
1169 2.448434 
1170 2.403086 
1171 2.352808 
1172 2.297914 
1173 2.238751 
1174 2.175699 
1175 2.109164 
1176 2.039575 
1177 1.967375 
1178 1.893019 
1179 1.816965 
1180 1.739671 
1181 1.661588 
1182 1.583152 
1183 1.504786 
1184 1.426889 
1185 1.349835 
1186 1.273970 
1187 1.199611 
1188 1.127039 
1189 1.056506 
1190 0.988226 
1191 0.922381 
1192 0.859121 
1193 0.798561 
1194 0.740787 
1195 0.685857 
1196 0.633802 
1197 0.584627 
1198 0.538317 
1199 0.494836 
1200 0.454132 
1201 0.416138 
1202 0.380775 
1203 0.347953 
1204 0.317575 
1205 0.289538 
1206 0.263733 
1207 0.240053 
1208 0.218384 
1209 0.198617 
1210 0.180643 
1211 0.164353 
1212 0.149646 
1213 0.136420 
1214 0.124581 
1215 0.114038 
1216 0.104705 
1217 0.096502 
1218 0.089356 
1219 0.083197 
1220 0.077963 
1221 0.073597 
1222 0.070046 
1223 0.067265 
1224 0.065212 
1225 0.063853 
1226 0.063157 
1227 0.063098 
1228 0.063655 
1229 0.064813 
1230 0.066558 
1231 0.068884 
1232 0.071787 
1233 0.075266 
1234 0.079325 
1235 0.083971 
1236 0.089216 
1237 0.095072 
1238 0.101556 
1239 0.108689 
1240 0.116492 
1241 0.124990 
1242 0.134212 
1243 0.144186 
1244 0.154945 
1245 0.166524 
1246 0.178957 
1247 0.192283 
1248 0.206541 
1249 0.221771 
1250 0.238015 
1251 0.255316 
1252 0.273716 
1253 0.293260 
1254 0.313990 
1255 0.335950 
1256 0.359184 
1257 0.383731 
1258 0.409634 
1259 0.436932 
1260 0.465659 
1261 0.495851 
1262 0.527538 
1263 0.560748 
1264 0.595502 
1265 0.631819 
1266 0.669712 
1267 0.709186 
1268 0.750242 
1269 0.792871 
1270 0.837059 
1271 0.882781 
1272 0.930004 
1273 0.978685 
1274 1.028769 
1275 1.080192 
1276 1.132877 
1277 1.186736 
1278 1.241669 
1279 1.297560 
1280 1.354284 
1281 1.411701 
1282 1.469656 
1283 1.527983 
1284 1.586503 
1285 1.645023 
1286 1.703339 
1287 1.761235 
1288 1.818482 
1289 1.874846 
1290 1.930080 
1291 1.983932 
1292 2.036144 
1293 2.086453 
1294 2.134595 
1295 2.180305 
1296 2.223320 
1297 2.263383 
1298 2.300240 
1299 2.333650 
1300 2.363381 
1301 2.389217 
1302 2.410958 
1303 2.428422 
1304 2.441451 
1305 2.449910 
1306 2.453688 
1307 2.452705 
1308 2.446907 
1309 2.436275 
1310 2.420816 
1311 2.400576 
1312 2.375628 
1313 2.346081 
1314 2.312073 
1315 2.273776 
1316 2.231390 
1317 2.185142 
1318 2.135284 
1319 2.082094 
1320 2.025866 
1321 1.966913 
1322 1.905560 
1323 1.842145 
1324 1.777008 
1325 1.710494 
1326 1.642947 
1327 1.574706 
1328 1.506103 
1329 1.437458 
1330 1.369077 
1331 1.301252 
1332 1.234255 
1333 1.168337 
1334 1.103731 
1335 1.040643 
1336 0.979259 
1337 0.919740 
1338 0.862225 
1339 0.806827 
1340 0.753640 
1341 0.702735 
1342 0.654161 
1343 0.607952 
1344 0.564119 
1345 0.522661 
1346 0.483560 
1347 0.446786 
1348 0.412296 
1349 0.380039 
1350 0.349955 
1351 0.321977 
1352 0.296032 
1353 0.272043 
1354 0.249930 
1355 0.229613 
1356 0.211009 
1357 0.194036 
1358 0.178612 
1359 0.164659 
1360 0.152099 
1361 0.140858 
1362 0.130864 
1363 0.122051 
1364 0.114354 
1365 0.107715 
1366 0.102077 
1367 0.097392 
1368 0.093611 
1369 0.090693 
1370 0.088602 
1371 0.087304 
1372 0.086771 
1373 0.086979 
1374 0.087907 
1375 0.089540 
1376 0.091866 
1377 0.094878 
1378 0.098570 
1379 0.102941 
1380 0.107995 
1381 0.113738 
1382 0.120177 
1383 0.127325 
1384 0.135197 
1385 0.143809 
1386 0.153182 
1387 0.163337 
1388 0.174298 
1389 0.186092 
1390 0.198745 
1391 0.212288 
1392 0.226751 
1393 0.242165 
1394 0.258562 
1395 0.275977 
1396 0.294441 
1397 0.313990 
1398 0.334656 
1399 0.356473 
1400 0.379472 
1401 0.403684 
1402 0.429138 
1403 0.455863 
1404 0.483883 
1405 0.513221 
1406 0.543896 
1407 0.575923 
1408 0.609315 
1409 0.644079 
1410 0.680217 
1411 0.717725 
1412 0.756595 
1413 0.796811 
1414 0.838349 
1415 0.881180 
1416 0.925267 
1417 0.970562 
1418 1.017012 
1419 1.064551 
1420 1.113107 
1421 1.162596 
1422 1.212925 
1423 1.263992 
1424 1.315683 
1425 1.367874 
1426 1.420431 
1427 1.473211 
1428 1.526060 
1429 1.578815 
1430 1.631305 
1431 1.683348 
1432 1.734758 
1433 1.785339 
1434 1.834891 
1435 1.883207 
1436 1.930080 
1437 1.975297 
1438 2.018645 
1439 2.059913 
1440 2.098891 
1441 2.135372 
1442 2.169155 
1443 2.200047 
1444 2.227863 
1445 2.252428 
1446 2.273582 
1447 2.291177 
1448 2.305082 
1449 2.315182 
1450 2.321383 
1451 2.323610 
1452 2.321809 
1453 2.315950 
1454 2.306024 
1455 2.292046 
1456 2.274058 
1457 2.252121 
1458 2.226323 
1459 2.196776 
1460 2.163610 
1461 2.126982 
1462 2.087066 
1463 2.044055 
1464 1.998159 
1465 1.949605 
1466 1.898630 
1467 1.845484 
1468 1.790425 
1469 1.733717 
1470 1.675627 
1471 1.616425 
1472 1.556377 
1473 1.495750 
1474 1.434800 
1475 1.373780 
1476 1.312931 
1477 1.252483 
1478 1.192655 
1479 1.133649 
1480 1.075655 
1481 1.018845 
1482 0.963376 
1483 0.909386 
1484 0.856999 
1485 0.806320 
1486 0.757439 
1487 0.710427 
1488 0.665343 
1489 0.622229 
1490 0.581112 
1491 0.542008 
1492 0.504920 
1493 0.469841 
1494 0.436751 
1495 0.405624 
1496 0.376426 
1497 0.349115 
1498 0.323643 
1499 0.299960 
1500 0.278009 
1501 0.257733 
1502 0.239072 
1503 0.221965 
1504 0.206350 
1505 0.192165 
1506 0.179352 
1507 0.167850 
1508 0.157602 
1509 0.148555 
1510 0.140655 
1511 0.133853 
1512 0.128103 
1513 0.123362 
1514 0.119590 
1515 0.116751 
1516 0.114813 
1517 0.113746 
1518 0.113526 
1519 0.114131 
1520 0.115543 
1521 0.117747 
1522 0.120732 
1523 0.124490 
1524 0.129016 
1525 0.134309 
1526 0.140371 
1527 0.147205 
1528 0.154819 
1529 0.163222 
1530 0.172426 
1531 0.182445 
1532 0.193295 
1533 0.204993 
1534 0.217560 
1535 0.231016 
1536 0.245384 
1537 0.260686 
1538 0.276947 
1539 0.294191 
1540 0.312442 
1541 0.331726 
1542 0.352066 
1543 0.373488 
1544 0.396013 
1545 0.419663 
1546 0.444459 
1547 0.470420 
1548 0.497561 
1549 0.525896 
1550 0.555435 
1551 0.586187 
1552 0.618155 
1553 0.651339 
1554 0.685734 
1555 0.721329 
1556 0.758112 
1557 0.796060 
1558 0.835147 
1559 0.875341 
1560 0.916602 
1561 0.958884 
1562 1.002132 
1563 1.046286 
1564 1.091277 
1565 1.137028 
1566 1.183453 
1567 1.230460 
1568 1.277947 
1569 1.325806 
1570 1.373919 
1571 1.422161 
1572 1.470399 
1573 1.518493 
1574 1.566298 
1575 1.613659 
1576 1.660420 
1577 1.706416 
1578 1.751479 
1579 1.795438 
1580 1.838120 
1581 1.879349 
1582 1.918950 
1583 1.956748 
1584 1.992570 
1585 2.026247 
1586 2.057612 
1587 2.086507 
1588 2.112780 
1589 2.136285 
1590 2.156888 
1591 2.174466 
1592 2.188908 
1593 2.200115 
1594 2.208004 
1595 2.212507 
1596 2.213571 
1597 2.211162 
1598 2.205261 
1599 2.195870 
1600 2.183006 
1601 2.166708 
1602 2.147031 
1603 2.124047 
1604 2.097849 
1605 2.068545 
1606 2.036260 
1607 2.001132 
1608 1.963317 
1609 1.922982 
1610 1.880305 
1611 1.835476 
1612 1.788692 
1613 1.740158 
1614 1.690084 
1615 1.638683 
1616 1.586172 
1617 1.532765 
1618 1.478679 
1619 1.424123 
1620 1.369306 
1621 1.314429 
1622 1.259686 
1623 1.205263 
1624 1.151337 
1625 1.098075 
1626 1.045631 
1627 0.994151 
1628 0.943766 
1629 0.894595 
1630 0.846746 
1631 0.800312 
1632 0.755377 
1633 0.712008 
1634 0.670265 
1635 0.630193 
1636 0.591826 
1637 0.555190 
1638 0.520298 
1639 0.487157 
1640 0.455762 
1641 0.426104 
1642 0.398166 
1643 0.371922 
1644 0.347346 
1645 0.324402 
1646 0.303055 
1647 0.283263 
1648 0.264985 
1649 0.248176 
1650 0.232791 
1651 0.218783 
1652 0.206107 
1653 0.194717 
1654 0.184569 
1655 0.175620 
1656 0.167828 
1657 0.161152 
1658 0.155556 
1659 0.151004 
1660 0.147463 
1661 0.144904 
1662 0.143298 
1663 0.142622 
1664 0.142853 
1665 0.143973 
1666 0.145966 
1667 0.148819 
1668 0.152522 
1669 0.157068 
1670 0.162451 
1671 0.168670 
1672 0.175725 
1673 0.183619 
1674 0.192355 
1675 0.201942 
1676 0.212388 
1677 0.223703 
1678 0.235899 
1679 0.248990 
1680 0.262991 
1681 0.277916 
1682 0.293781 
1683 0.310605 
1684 0.328402 
1685 0.347191 
1686 0.366987 
1687 0.387807 
1688 0.409666 
1689 0.432579 
1690 0.456557 
1691 0.481613 
1692 0.507754 
1693 0.534989 
1694 0.563320 
1695 0.592750 
1696 0.623276 
1697 0.654892 
1698 0.687588 
1699 0.721352 
1700 0.756164 
1701 0.792000 
1702 0.828834 
1703 0.866630 
1704 0.905349 
1705 0.944946 
1706 0.985370 
1707 1.026562 
1708 1.068458 
1709 1.110987 
1710 1.154073 
1711 1.197631 
1712 1.241570 
1713 1.285794 
1714 1.330199 
1715 1.374674 
1716 1.419106 
1717 1.463371 
1718 1.507344 
1719 1.550892 
1720 1.593881 
1721 1.636169 
1722 1.677615 
1723 1.718073 
1724 1.757396 
1725 1.795435 
1726 1.832042 
1727 1.867070 
1728 1.900372 
1729 1.931807 
1730 1.961233 
1731 1.988516 
1732 2.013528 
1733 2.036145 
1734 2.056252 
1735 2.073744 
1736 2.088524 
1737 2.100505 
1738 2.109614 
1739 2.115787 
1740 2.118974 
1741 2.119138 
1742 2.116258 
1743 2.110324 
1744 2.101343 
1745 2.089335 
1746 2.074335 
1747 2.056393 
1748 2.035574 
1749 2.011955 
1750 1.985629 
1751 1.956698 
1752 1.925280 
1753 1.891503 
1754 1.855503 
1755 1.817428 
1756 1.777433 
1757 1.735679 
1758 1.692335 
1759 1.647571 
1760 1.601563 
1761 1.554489 
1762 1.506525 
1763 1.457849 
1764 1.408636 
1765 1.359059 
1766 1.309287 
1767 1.259484 
1768 1.209809 
1769 1.160414 
1770 1.111444 
1771 1.063037 
1772 1.015323 
1773 0.968422 
1774 0.922445 
1775 0.877496 
1776 0.833667 
1777 0.791041 
1778 0.749693 
1779 0.709687 
1780 0.671078 
1781 0.633913 
1782 0.598227 
1783 0.564052 
1784 0.531407 
1785 0.500305 
1786 0.470755 
1787 0.442754 
1788 0.416298 
1789 0.391374 
1790 0.367968 
1791 0.346059 
1792 0.325623 
1793 0.306633 
1794 0.289060 
1795 0.272873 
1796 0.258039 
1797 0.244525 
1798 0.232296 
1799 0.221318 
1800 0.211557 
1801 0.202980 
1802 0.195553 
1803 0.189247 
1804 0.184030 
1805 0.179875 
1806 0.176755 
1807 0.174646 
1808 0.173525 
1809 0.173371 
1810 0.174168 
1811 0.175898 
1812 0.178549 
1813 0.182109 
1814 0.186569 
1815 0.191922 
1816 0.198163 
1817 0.205289 
1818 0.213300 
1819 0.222197 
1820 0.231981 
1821 0.242658 
1822 0.254233 
1823 0.266713 
1824 0.280105 
1825 0.294418 
1826 0.309661 
1827 0.325846 
1828 0.342980 
1829 0.361075 
1830 0.380141 
1831 0.400187 
1832 0.421221 
1833 0.443252 
1834 0.466285 
1835 0.490326 
1836 0.515379 
1837 0.541444 
1838 0.568520 
1839 0.596604 
1840 0.625689 
1841 0.655765 
1842 0.686820 
1843 0.718836 
1844 0.751792 
1845 0.785665 
1846 0.820423 
1847 0.856035 
1848 0.892459 
1849 0.929654 
1850 0.967570 
1851 1.006152 
1852 1.045341 
1853 1.085072 
1854 1.125274 
1855 1.165871 
1856 1.206782 
1857 1.247920 
1858 1.289192 
1859 1.330501 
1860 1.371746 
1861 1.412819 
1862 1.453610 
1863 1.494004 
1864 1.533883 
1865 1.573125 
1866 1.611607 
1867 1.649202 
1868 1.685785 
1869 1.721227 
1870 1.755400 
1871 1.788177 
1872 1.819434 
1873 1.849046 
1874 1.876894 
1875 1.902860 
1876 1.926833 
1877 1.948706 
1878 1.968380 
1879 1.985761 
1880 2.000763 
1881 2.013310 
1882 2.023333 
1883 2.030775 
1884 2.035587 
1885 2.037732 
1886 2.037185 
1887 2.033931 
1888 2.027969 
1889 2.019306 
1890 2.007966 
1891 1.993981 
1892 1.977398 
1893 1.958274 
1894 1.936678 
1895 1.912688 
1896 1.886396 
1897 1.857901 
1898 1.827313 
1899 1.794747 
1900 1.760331 
1901 1.724193 
1902 1.686473 
1903 1.647310 
1904 1.606851 
1905 1.565242 
1906 1.522632 
1907 1.479172 
1908 1.435011 
1909 1.390295 
1910 1.345172 
1911 1.299783 
1912 1.254268 
1913 1.208761 
1914 1.163393 
1915 1.118290 
1916 1.073570 
1917 1.029349 
1918 0.985733 
1919 0.942825 
1920 0.900718 
1921 0.859503 
1922 0.819258 
1923 0.780059 
1924 0.741970 
1925 0.705053 
1926 0.669358 
1927 0.634931 
1928 0.601809 
1929 0.570023 
1930 0.539599 
1931 0.510553 
1932 0.482899 
1933 0.456644 
1934 0.431789 
1935 0.408332 
1936 0.386266 
1937 0.365580 
1938 0.346260 
1939 0.328288 
1940 0.311647 
1941 0.296314 
1942 0.282266 
1943 0.269479 
1944 0.257929 
1945 0.247590 
1946 0.238437 
1947 0.230443 
1948 0.223585 
1949 0.217838 
1950 0.213179 
1951 0.209585 
1952 0.207035 
1953 0.205511 
1954 0.204993 
1955 0.205465 
1956 0.206912 
1957 0.209322 
1958 0.212682 
1959 0.216982 
1960 0.222215 
1961 0.228374 
1962 0.235454 
1963 0.243452 
1964 0.252365 
1965 0.262193 
1966 0.272936 
1967 0.284597 
1968 0.297176 
1969 0.310678 
1970 0.325107 
1971 0.340466 
1972 0.356760 
1973 0.373993 
1974 0.392170 
1975 0.411295 
1976 0.431371 
1977 0.452400 
1978 0.474384 
1979 0.497322 
1980 0.521215 
1981 0.546057 
1982 0.571844 
1983 0.598569 
1984 0.626222 
1985 0.654789 
1986 0.684255 
1987 0.714602 
1988 0.745806 
1989 0.777843 
1990 0.810682 
1991 0.844290 
1992 0.878630 
1993 0.913658 
1994 0.949329 
1995 0.985592 
1996 1.022391 
1997 1.059666 
1998 1.097352 
1999 1.135381 
