0.008643 0.008643 0.008643 
0.008842 0.008842 0.008842 
0.009046 0.009046 0.009046 
0.009255 0.009255 0.009255 
0.009468 0.009468 0.009468 
0.009687 0.009687 0.009687 
0.009910 0.009910 0.009910 
0.010139 0.010139 0.010139 
0.010373 0.010373 0.010373 
0.010612 0.010612 0.010612 
0.010857 0.010857 0.010857 
0.011107 0.011107 0.011107 
0.011363 0.011363 0.011363 
0.011625 0.011625 0.011625 
0.011894 0.011894 0.011894 
0.012168 0.012168 0.012168 
0.012449 0.012449 0.012449 
0.012736 0.012736 0.012736 
0.013030 0.013030 0.013030 
0.013330 0.013330 0.013330 
0.013638 0.013638 0.013638 
0.013952 0.013952 0.013952 
0.014274 0.014274 0.014274 
0.014603 0.014603 0.014603 
0.014940 0.014940 0.014940 
0.015285 0.015285 0.015285 
0.015637 0.015637 0.015637 
0.015998 0.015998 0.015998 
0.016367 0.016367 0.016367 
0.016745 0.016745 0.016745 
0.017131 0.017131 0.017131 
0.017526 0.017526 0.017526 
0.017931 0.017931 0.017931 
0.018344 0.018344 0.018344 
0.018767 0.018767 0.018767 
0.019200 0.019200 0.019200 
0.019643 0.019643 0.019643 
0.020096 0.020096 0.020096 
0.020560 0.020560 0.020560 
0.021034 0.021034 0.021034 
0.021519 0.021519 0.021519 
0.022016 0.022016 0.022016 
0.022524 0.022524 0.022524 
0.023043 0.023043 0.023043 
0.023575 0.023575 0.023575 
0.024119 0.024119 0.024119 
0.024675 0.024675 0.024675 
0.025244 0.025244 0.025244 
0.025826 0.025826 0.025826 
0.026422 0.026422 0.026422 
0.027032 0.027032 0.027032 
0.027655 0.027655 0.027655 
0.028293 0.028293 0.028293 
0.028946 0.028946 0.028946 
0.029614 0.029614 0.029614 
0.030297 0.030297 0.030297 
0.030996 0.030996 0.030996 
