0 0.000000 
1 0.000000 
2 0.000000 
3 0.000000 
4 0.000000 
5 0.000000 
6 0.000000 
7 0.000000 
8 0.000000 
9 0.000000 
10 0.000000 
11 0.000000 
12 0.000000 
13 0.000000 
14 0.000000 
15 0.000000 
16 0.000000 
17 0.000000 
18 0.000000 
19 0.000000 
20 0.000000 
21 0.000000 
22 0.000000 
23 0.000000 
24 0.000000 
25 0.000000 
26 0.000000 
27 0.000000 
28 0.000000 
29 0.000000 
30 0.000000 
31 0.000000 
32 0.000000 
33 0.000000 
34 0.000000 
35 0.000000 
36 0.000000 
37 0.000000 
38 0.000000 
39 0.000000 
40 0.000000 
41 0.000000 
42 0.000000 
43 0.000000 
44 0.000000 
45 0.000000 
46 0.000000 
47 0.000000 
48 0.000000 
49 0.000000 
50 0.000000 
51 0.000000 
52 0.000000 
53 0.000000 
54 0.000000 
55 0.000000 
56 0.000000 
57 0.000000 
58 0.000000 
59 0.000000 
60 0.000000 
61 0.000000 
62 0.000000 
63 0.000000 
64 0.000000 
65 0.000000 
66 0.000000 
67 0.000000 
68 0.000000 
69 0.000000 
70 0.000000 
71 0.000000 
72 0.000000 
73 0.000000 
74 0.000000 
75 0.000000 
76 0.000000 
77 0.000000 
78 0.000000 
79 0.000000 
80 0.000000 
81 0.000000 
82 0.000000 
83 0.000000 
84 0.000000 
85 0.000000 
86 0.000000 
87 0.000000 
88 0.000000 
89 0.000000 
90 0.000000 
91 0.000000 
92 0.000000 
93 0.000000 
94 0.000000 
95 0.000000 
96 0.000000 
97 0.000000 
98 0.000000 
99 0.000000 
100 0.000000 
101 0.000000 
102 0.000000 
103 0.000000 
104 0.000000 
105 0.000000 
106 0.000000 
107 0.000000 
108 0.000000 
109 0.000000 
110 0.000000 
111 0.059323 
112 0.117604 
113 0.174917 
114 0.231333 
115 0.286923 
116 0.341753 
117 0.395889 
118 0.449395 
119 0.502332 
120 0.554760 
121 0.606738 
122 0.658323 
123 0.709571 
124 0.760536 
125 0.811271 
126 0.861828 
127 0.912257 
128 0.962608 
129 1.012930 
130 1.063270 
131 1.113676 
132 1.164193 
133 1.214866 
134 1.265741 
135 1.316860 
136 1.368269 
137 1.420009 
138 1.472122 
139 1.524651 
140 1.577638 
141 1.631122 
142 1.685147 
143 1.739751 
144 1.794975 
145 1.850861 
146 1.907447 
147 1.964774 
148 2.022883 
149 2.081812 
150 2.141602 
151 2.202294 
152 2.263927 
153 2.326541 
154 2.390178 
155 2.454878 
156 2.520682 
157 2.587632 
158 2.655768 
159 2.725132 
160 2.795768 
161 2.867717 
162 2.941024 
163 3.015730 
164 3.091882 
165 3.169522 
166 3.248697 
167 3.329452 
168 3.194173 
169 3.064391 
170 2.939882 
171 2.820432 
172 2.705835 
173 2.595894 
174 2.490421 
175 2.389232 
176 2.292156 
177 2.199023 
178 2.109675 
179 2.023957 
180 1.941722 
181 1.862828 
182 1.787139 
183 1.714526 
184 1.644863 
185 1.578031 
186 1.513914 
187 1.452402 
188 1.393390 
189 1.336775 
190 1.282461 
191 1.230353 
192 1.180362 
193 1.132403 
194 1.086393 
195 1.042251 
196 0.999904 
197 0.959276 
198 0.920300 
199 0.882907 
200 0.847034 
201 0.812618 
202 0.779600 
203 0.747924 
204 0.717535 
205 0.688381 
206 0.660412 
207 0.633578 
208 0.607835 
209 0.583138 
210 0.559445 
211 0.536714 
212 0.514906 
213 0.493985 
214 0.473914 
215 0.454658 
216 0.436185 
217 0.418462 
218 0.401459 
219 0.385148 
220 0.369499 
221 0.354485 
222 0.340103 
223 0.326347 
224 0.313212 
225 0.300696 
226 0.288793 
227 0.277502 
228 0.266818 
229 0.256740 
230 0.247266 
231 0.238393 
232 0.230121 
233 0.222449 
234 0.215376 
235 0.208904 
236 0.203031 
237 0.197761 
238 0.193093 
239 0.189031 
240 0.185577 
241 0.182734 
242 0.180506 
243 0.178898 
244 0.177913 
245 0.177558 
246 0.177838 
247 0.178761 
248 0.180332 
249 0.182560 
250 0.185454 
251 0.189022 
252 0.193274 
253 0.198220 
254 0.203871 
255 0.210240 
256 0.217337 
257 0.225177 
258 0.233772 
259 0.243138 
260 0.253290 
261 0.264243 
262 0.276015 
263 0.288623 
264 0.302085 
265 0.316420 
266 0.331649 
267 0.347792 
268 0.364871 
269 0.382908 
270 0.401928 
271 0.421955 
272 0.443013 
273 0.465130 
274 0.488332 
275 0.512649 
276 0.538109 
277 0.564744 
278 0.592584 
279 0.621510 
280 0.651407 
281 0.682169 
282 0.713694 
283 0.745885 
284 0.778651 
285 0.811904 
286 0.845564 
287 0.879551 
288 0.913791 
289 0.948213 
290 0.982750 
291 1.017336 
292 1.051910 
293 1.086413 
294 1.120788 
295 1.154979 
296 1.188934 
297 1.222602 
298 1.255933 
299 1.288879 
300 1.321393 
301 1.353429 
302 1.384942 
303 1.415888 
304 1.446223 
305 1.475904 
306 1.504889 
307 1.533135 
308 1.560600 
309 1.587241 
310 1.613015 
311 1.637881 
312 1.661794 
313 1.684712 
314 1.706589 
315 1.727382 
316 1.747045 
317 1.765531 
318 1.782793 
319 1.798783 
320 1.813451 
321 1.826746 
322 1.838616 
323 1.849008 
324 1.857866 
325 1.865135 
326 1.870754 
327 1.874666 
328 1.876806 
329 1.877113 
330 1.875519 
331 1.871957 
332 1.866356 
333 1.858643 
334 1.848745 
335 1.836582 
336 1.822356 
337 1.806254 
338 1.788453 
339 1.769117 
340 1.748400 
341 1.726448 
342 1.703395 
343 1.679368 
344 1.654484 
345 1.628853 
346 1.602579 
347 1.575756 
348 1.548473 
349 1.520815 
350 1.492857 
351 1.464672 
352 1.436326 
353 1.407881 
354 1.379394 
355 1.350918 
356 1.322501 
357 1.294191 
358 1.266027 
359 1.238049 
360 1.210292 
361 1.182789 
362 1.155571 
363 1.128664 
364 1.102093 
365 1.075883 
366 1.050054 
367 1.024626 
368 0.999617 
369 0.975042 
370 0.950916 
371 0.927254 
372 0.904066 
373 0.881365 
374 0.859160 
375 0.837462 
376 0.816277 
377 0.795614 
378 0.775481 
379 0.755884 
380 0.736829 
381 0.718321 
382 0.700367 
383 0.682971 
384 0.666138 
385 0.649874 
386 0.634182 
387 0.619068 
388 0.604536 
389 0.590590 
390 0.577236 
391 0.564479 
392 0.552322 
393 0.540772 
394 0.529831 
395 0.519506 
396 0.509800 
397 0.500717 
398 0.492262 
399 0.484439 
400 0.477251 
401 0.470702 
402 0.464794 
403 0.459532 
404 0.454918 
405 0.450955 
406 0.447644 
407 0.444988 
408 0.442988 
409 0.441646 
410 0.440963 
411 0.440940 
412 0.441576 
413 0.442872 
414 0.444827 
415 0.447441 
416 0.450711 
417 0.454637 
418 0.459215 
419 0.464444 
420 0.470319 
421 0.476838 
422 0.483996 
423 0.491787 
424 0.500207 
425 0.509249 
426 0.518906 
427 0.529171 
428 0.540036 
429 0.551492 
430 0.563529 
431 0.576136 
432 0.589302 
433 0.603015 
434 0.617261 
435 0.632027 
436 0.647297 
437 0.663054 
438 0.679282 
439 0.695961 
440 0.713073 
441 0.730596 
442 0.748507 
443 0.766784 
444 0.785400 
445 0.804330 
446 0.823545 
447 0.843015 
448 0.862710 
449 0.882599 
450 0.902648 
451 0.922826 
452 0.943098 
453 0.963431 
454 0.983792 
455 1.004145 
456 1.024458 
457 1.044696 
458 1.064826 
459 1.084815 
460 1.104629 
461 1.124237 
462 1.143606 
463 1.162705 
464 1.181502 
465 1.199969 
466 1.218075 
467 1.235791 
468 1.253090 
469 1.269944 
470 1.286327 
471 1.302213 
472 1.317578 
473 1.332398 
474 1.346650 
475 1.360312 
476 1.373364 
477 1.385785 
478 1.397556 
479 1.408661 
480 1.419082 
481 1.428803 
482 1.437811 
483 1.446091 
484 1.453633 
485 1.460424 
486 1.466455 
487 1.471719 
488 1.476207 
489 1.479915 
490 1.482838 
491 1.484973 
492 1.486319 
493 1.486876 
494 1.486646 
495 1.485632 
496 1.483840 
497 1.481275 
498 1.477947 
499 1.473867 
500 1.469046 
501 1.463500 
502 1.457243 
503 1.450296 
504 1.442679 
505 1.434414 
506 1.425525 
507 1.416035 
508 1.405971 
509 1.395360 
510 1.384229 
511 1.372604 
512 1.360515 
513 1.347989 
514 1.335055 
515 1.321741 
516 1.308075 
517 1.294086 
518 1.279801 
519 1.265248 
520 1.250455 
521 1.235449 
522 1.220256 
523 1.204902 
524 1.189412 
525 1.173813 
526 1.158129 
527 1.142383 
528 1.126600 
529 1.110802 
530 1.095011 
531 1.079250 
532 1.063539 
533 1.047899 
534 1.032351 
535 1.016913 
536 1.001605 
537 0.986445 
538 0.971450 
539 0.956639 
540 0.942026 
541 0.927630 
542 0.913464 
543 0.899544 
544 0.885885 
545 0.872501 
546 0.859405 
547 0.846610 
548 0.834129 
549 0.821973 
550 0.810155 
551 0.798685 
552 0.787574 
553 0.776832 
554 0.766469 
555 0.756495 
556 0.746917 
557 0.737745 
558 0.728987 
559 0.720650 
560 0.712740 
561 0.705265 
562 0.698231 
563 0.691643 
564 0.685507 
565 0.679827 
566 0.674607 
567 0.669852 
568 0.665565 
569 0.661749 
570 0.658405 
571 0.655536 
572 0.653143 
573 0.651228 
574 0.649789 
575 0.648828 
576 0.648343 
577 0.648334 
578 0.648798 
579 0.649734 
580 0.651138 
581 0.653008 
582 0.655339 
583 0.658128 
584 0.661369 
585 0.665057 
586 0.669186 
587 0.673750 
588 0.678741 
589 0.684153 
590 0.689977 
591 0.696205 
592 0.702827 
593 0.709834 
594 0.717216 
595 0.724962 
596 0.733061 
597 0.741502 
598 0.750273 
599 0.759360 
600 0.768752 
601 0.778434 
602 0.788393 
603 0.798614 
604 0.809082 
605 0.819783 
606 0.830701 
607 0.841820 
608 0.853123 
609 0.864595 
610 0.876218 
611 0.887975 
612 0.899848 
613 0.911821 
614 0.923875 
615 0.935993 
616 0.948156 
617 0.960346 
618 0.972544 
619 0.984734 
620 0.996895 
621 1.009011 
622 1.021063 
623 1.033033 
624 1.044903 
625 1.056656 
626 1.068274 
627 1.079740 
628 1.091037 
629 1.102148 
630 1.113058 
631 1.123750 
632 1.134210 
633 1.144421 
634 1.154370 
635 1.164043 
636 1.173425 
637 1.182504 
638 1.191267 
639 1.199702 
640 1.207799 
641 1.215545 
642 1.222932 
643 1.229949 
644 1.236588 
645 1.242839 
646 1.248697 
647 1.254154 
648 1.259203 
649 1.263839 
650 1.268057 
651 1.271854 
652 1.275225 
653 1.278169 
654 1.280683 
655 1.282765 
656 1.284416 
657 1.285635 
658 1.286423 
659 1.286782 
660 1.286714 
661 1.286223 
662 1.285311 
663 1.283983 
664 1.282244 
665 1.280100 
666 1.277557 
667 1.274621 
668 1.271301 
669 1.267605 
670 1.263540 
671 1.259116 
672 1.254344 
673 1.249232 
674 1.243792 
675 1.238035 
676 1.231972 
677 1.225615 
678 1.218976 
679 1.212067 
680 1.204902 
681 1.197493 
682 1.189853 
683 1.181997 
684 1.173937 
685 1.165687 
686 1.157261 
687 1.148673 
688 1.139938 
689 1.131068 
690 1.122078 
691 1.112983 
692 1.103796 
693 1.094531 
694 1.085202 
695 1.075823 
696 1.066408 
697 1.056970 
698 1.047524 
699 1.038082 
700 1.028657 
701 1.019263 
702 1.009912 
703 1.000617 
704 0.991391 
705 0.982245 
706 0.973193 
707 0.964244 
708 0.955412 
709 0.946707 
710 0.938139 
711 0.929721 
712 0.921461 
713 0.913370 
714 0.905459 
715 0.897735 
716 0.890209 
717 0.882890 
718 0.875784 
719 0.868902 
720 0.862250 
721 0.855836 
722 0.849668 
723 0.843750 
724 0.838091 
725 0.832697 
726 0.827571 
727 0.822721 
728 0.818150 
729 0.813864 
730 0.809865 
731 0.806159 
732 0.802748 
733 0.799635 
734 0.796822 
735 0.794313 
736 0.792107 
737 0.790208 
738 0.788615 
739 0.787329 
740 0.786350 
741 0.785678 
742 0.785312 
743 0.785252 
744 0.785495 
745 0.786039 
746 0.786884 
747 0.788025 
748 0.789459 
749 0.791184 
750 0.793196 
751 0.795490 
752 0.798062 
753 0.800906 
754 0.804019 
755 0.807393 
756 0.811024 
757 0.814905 
758 0.819029 
759 0.823389 
760 0.827979 
761 0.832791 
762 0.837816 
763 0.843048 
764 0.848478 
765 0.854096 
766 0.859895 
767 0.865865 
768 0.871997 
769 0.878282 
770 0.884710 
771 0.891271 
772 0.897955 
773 0.904752 
774 0.911652 
775 0.918644 
776 0.925719 
777 0.932865 
778 0.940071 
779 0.947328 
780 0.954624 
781 0.961949 
782 0.969292 
783 0.976642 
784 0.983988 
785 0.991320 
786 0.998628 
787 1.005900 
788 1.013126 
789 1.020296 
790 1.027400 
791 1.034428 
792 1.041370 
793 1.048215 
794 1.054956 
795 1.061581 
796 1.068083 
797 1.074451 
798 1.080679 
799 1.086756 
800 1.092676 
801 1.098430 
802 1.104010 
803 1.109410 
804 1.114623 
805 1.119641 
806 1.124459 
807 1.129071 
808 1.133470 
809 1.137653 
810 1.141613 
811 1.145347 
812 1.148850 
813 1.152118 
814 1.155149 
815 1.157938 
816 1.160484 
817 1.162784 
818 1.164836 
819 1.166639 
820 1.168191 
821 1.169493 
822 1.170543 
823 1.171341 
824 1.171889 
825 1.172186 
826 1.172235 
827 1.172036 
828 1.171592 
829 1.170904 
830 1.169976 
831 1.168810 
832 1.167410 
833 1.165779 
834 1.163921 
835 1.161840 
836 1.159542 
837 1.157030 
838 1.154310 
839 1.151387 
840 1.148267 
841 1.144957 
842 1.141461 
843 1.137786 
844 1.133939 
845 1.129927 
846 1.125757 
847 1.121435 
848 1.116970 
849 1.112368 
850 1.107637 
851 1.102785 
852 1.097820 
853 1.092749 
854 1.087582 
855 1.082324 
856 1.076986 
857 1.071575 
858 1.066100 
859 1.060568 
860 1.054988 
861 1.049368 
862 1.043717 
863 1.038043 
864 1.032353 
865 1.026658 
866 1.020963 
867 1.015278 
868 1.009611 
869 1.003968 
870 0.998359 
871 0.992791 
872 0.987272 
873 0.981809 
874 0.976408 
875 0.971079 
876 0.965827 
877 0.960659 
878 0.955583 
879 0.950605 
880 0.945730 
881 0.940966 
882 0.936319 
883 0.931793 
884 0.927395 
885 0.923131 
886 0.919004 
887 0.915021 
888 0.911185 
889 0.907502 
890 0.903975 
891 0.900609 
892 0.897407 
893 0.894373 
894 0.891510 
895 0.888821 
896 0.886308 
897 0.883975 
898 0.881823 
899 0.879854 
900 0.878071 
901 0.876473 
902 0.875064 
903 0.873842 
904 0.872810 
905 0.871967 
906 0.871314 
907 0.870850 
908 0.870575 
909 0.870488 
910 0.870588 
911 0.870874 
912 0.871345 
913 0.871999 
914 0.872833 
915 0.873846 
916 0.875035 
917 0.876398 
918 0.877932 
919 0.879633 
920 0.881498 
921 0.883524 
922 0.885706 
923 0.888042 
924 0.890526 
925 0.893155 
926 0.895923 
927 0.898826 
928 0.901860 
929 0.905019 
930 0.908298 
931 0.911691 
932 0.915193 
933 0.918800 
934 0.922504 
935 0.926299 
936 0.930181 
937 0.934143 
938 0.938179 
939 0.942283 
940 0.946448 
941 0.950668 
942 0.954938 
943 0.959249 
944 0.963597 
945 0.967974 
946 0.972374 
947 0.976790 
948 0.981217 
949 0.985648 
950 0.990076 
951 0.994495 
952 0.998899 
953 1.003281 
954 1.007635 
955 1.011956 
956 1.016236 
957 1.020471 
958 1.024654 
959 1.028780 
960 1.032842 
961 1.036836 
962 1.040756 
963 1.044597 
964 1.048353 
965 1.052020 
966 1.055594 
967 1.059068 
968 1.062440 
969 1.065705 
970 1.068858 
971 1.071895 
972 1.074814 
973 1.077610 
974 1.080281 
975 1.082822 
976 1.085232 
977 1.087507 
978 1.089646 
979 1.091645 
980 1.093503 
981 1.095217 
982 1.096787 
983 1.098211 
984 1.099488 
985 1.100616 
986 1.101595 
987 1.102425 
988 1.103106 
989 1.103636 
990 1.104018 
991 1.104249 
992 1.104333 
993 1.104268 
994 1.104057 
995 1.103700 
996 1.103199 
997 1.102555 
998 1.101771 
999 1.100848 
1000 1.099789 
1001 1.098595 
1002 1.097270 
1003 1.095817 
1004 1.094237 
1005 1.092535 
1006 1.090713 
1007 1.088775 
1008 1.086724 
1009 1.084565 
1010 1.082300 
1011 1.079934 
1012 1.077470 
1013 1.074914 
1014 1.072269 
1015 1.069539 
1016 1.066729 
1017 1.063844 
1018 1.060888 
1019 1.057866 
1020 1.054782 
1021 1.051642 
1022 1.048450 
1023 1.045211 
1024 1.041931 
1025 1.038613 
1026 1.035263 
1027 1.031887 
1028 1.028488 
1029 1.025073 
1030 1.021645 
1031 1.018210 
1032 1.014774 
1033 1.011340 
1034 1.007913 
1035 1.004500 
1036 1.001103 
1037 0.997729 
1038 0.994381 
1039 0.991065 
1040 0.987785 
1041 0.984545 
1042 0.981349 
1043 0.978203 
1044 0.975109 
1045 0.972073 
1046 0.969098 
1047 0.966188 
1048 0.963347 
1049 0.960578 
1050 0.957885 
1051 0.955272 
1052 0.952741 
1053 0.950295 
1054 0.947938 
1055 0.945672 
1056 0.943500 
1057 0.941425 
1058 0.939448 
1059 0.937573 
1060 0.935801 
1061 0.934134 
1062 0.932573 
1063 0.931121 
1064 0.929779 
1065 0.928548 
1066 0.927429 
1067 0.926422 
1068 0.925530 
1069 0.924752 
1070 0.924089 
1071 0.923541 
1072 0.923107 
1073 0.922789 
1074 0.922586 
1075 0.922497 
1076 0.922522 
1077 0.922660 
1078 0.922911 
1079 0.923273 
1080 0.923744 
1081 0.924325 
1082 0.925013 
1083 0.925806 
1084 0.926704 
1085 0.927703 
1086 0.928803 
1087 0.930000 
1088 0.931293 
1089 0.932678 
1090 0.934155 
1091 0.935719 
1092 0.937369 
1093 0.939101 
1094 0.940913 
1095 0.942800 
1096 0.944761 
1097 0.946792 
1098 0.948889 
1099 0.951050 
1100 0.953271 
1101 0.955547 
1102 0.957877 
1103 0.960255 
1104 0.962679 
1105 0.965144 
1106 0.967647 
1107 0.970184 
1108 0.972751 
1109 0.975344 
1110 0.977960 
1111 0.980595 
1112 0.983244 
1113 0.985904 
1114 0.988571 
1115 0.991241 
1116 0.993910 
1117 0.996574 
1118 0.999230 
1119 1.001874 
1120 1.004502 
1121 1.007110 
1122 1.009695 
1123 1.012254 
1124 1.014782 
1125 1.017276 
1126 1.019733 
1127 1.022150 
1128 1.024523 
1129 1.026850 
1130 1.029126 
1131 1.031350 
1132 1.033518 
1133 1.035628 
1134 1.037677 
1135 1.039662 
1136 1.041580 
1137 1.043430 
1138 1.045210 
1139 1.046916 
1140 1.048548 
1141 1.050103 
1142 1.051579 
1143 1.052975 
1144 1.054290 
1145 1.055521 
1146 1.056668 
1147 1.057729 
1148 1.058704 
1149 1.059592 
1150 1.060391 
1151 1.061102 
1152 1.061724 
1153 1.062256 
1154 1.062698 
1155 1.063051 
1156 1.063313 
1157 1.063486 
1158 1.063570 
1159 1.063565 
1160 1.063471 
1161 1.063290 
1162 1.063022 
1163 1.062668 
1164 1.062229 
1165 1.061706 
1166 1.061101 
1167 1.060415 
1168 1.059649 
1169 1.058805 
1170 1.057885 
1171 1.056890 
1172 1.055822 
1173 1.054684 
1174 1.053477 
1175 1.052204 
1176 1.050866 
1177 1.049467 
1178 1.048007 
1179 1.046491 
1180 1.044920 
1181 1.043297 
1182 1.041625 
1183 1.039906 
1184 1.038144 
1185 1.036340 
1186 1.034498 
1187 1.032620 
1188 1.030710 
1189 1.028771 
1190 1.026804 
1191 1.024815 
1192 1.022804 
1193 1.020776 
1194 1.018733 
1195 1.016679 
1196 1.014616 
1197 1.012547 
1198 1.010476 
1199 1.008405 
1200 1.006338 
1201 1.004276 
1202 1.002224 
1203 1.000184 
1204 0.998159 
1205 0.996151 
1206 0.994164 
1207 0.992200 
1208 0.990262 
1209 0.988352 
1210 0.986473 
1211 0.984628 
1212 0.982819 
1213 0.981047 
1214 0.979317 
1215 0.977629 
1216 0.975986 
1217 0.974390 
1218 0.972843 
1219 0.971347 
1220 0.969904 
1221 0.968515 
1222 0.967183 
1223 0.965908 
1224 0.964692 
1225 0.963537 
1226 0.962443 
1227 0.961413 
1228 0.960446 
1229 0.959545 
1230 0.958710 
1231 0.957941 
1232 0.957240 
1233 0.956607 
1234 0.956043 
1235 0.955547 
1236 0.955120 
1237 0.954763 
1238 0.954476 
1239 0.954258 
1240 0.954109 
1241 0.954030 
1242 0.954019 
1243 0.954077 
1244 0.954203 
1245 0.954396 
1246 0.954655 
1247 0.954981 
1248 0.955372 
1249 0.955827 
1250 0.956344 
1251 0.956924 
1252 0.957565 
1253 0.958265 
1254 0.959023 
1255 0.959837 
1256 0.960707 
1257 0.961630 
1258 0.962606 
1259 0.963631 
1260 0.964705 
1261 0.965825 
1262 0.966991 
1263 0.968199 
1264 0.969447 
1265 0.970735 
1266 0.972059 
1267 0.973418 
1268 0.974809 
1269 0.976231 
1270 0.977680 
1271 0.979155 
1272 0.980654 
1273 0.982174 
1274 0.983713 
1275 0.985269 
1276 0.986839 
1277 0.988420 
1278 0.990012 
1279 0.991610 
1280 0.993214 
1281 0.994820 
1282 0.996427 
1283 0.998031 
1284 0.999632 
1285 1.001225 
1286 1.002810 
1287 1.004384 
1288 1.005945 
1289 1.007491 
1290 1.009019 
1291 1.010528 
1292 1.012015 
1293 1.013478 
1294 1.014916 
1295 1.016327 
1296 1.017708 
1297 1.019058 
1298 1.020376 
1299 1.021659 
1300 1.022906 
1301 1.024115 
1302 1.025285 
1303 1.026415 
1304 1.027502 
1305 1.028547 
1306 1.029547 
1307 1.030501 
1308 1.031408 
1309 1.032268 
1310 1.033079 
1311 1.033840 
1312 1.034551 
1313 1.035212 
1314 1.035820 
1315 1.036376 
1316 1.036880 
1317 1.037330 
1318 1.037727 
1319 1.038070 
1320 1.038360 
1321 1.038595 
1322 1.038777 
1323 1.038905 
1324 1.038979 
1325 1.039000 
1326 1.038967 
1327 1.038882 
1328 1.038744 
1329 1.038555 
1330 1.038314 
1331 1.038023 
1332 1.037681 
1333 1.037291 
1334 1.036852 
1335 1.036367 
1336 1.035834 
1337 1.035257 
1338 1.034635 
1339 1.033971 
1340 1.033264 
1341 1.032518 
1342 1.031731 
1343 1.030907 
1344 1.030047 
1345 1.029152 
1346 1.028223 
1347 1.027262 
1348 1.026270 
1349 1.025250 
1350 1.024203 
1351 1.023130 
1352 1.022034 
1353 1.020915 
1354 1.019776 
1355 1.018619 
1356 1.017444 
1357 1.016255 
1358 1.015052 
1359 1.013838 
1360 1.012614 
1361 1.011382 
1362 1.010144 
1363 1.008902 
1364 1.007658 
1365 1.006413 
1366 1.005169 
1367 1.003928 
1368 1.002691 
1369 1.001461 
1370 1.000239 
1371 0.999027 
1372 0.997826 
1373 0.996639 
1374 0.995466 
1375 0.994310 
1376 0.993171 
1377 0.992052 
1378 0.990953 
1379 0.989877 
1380 0.988825 
1381 0.987798 
1382 0.986797 
1383 0.985824 
1384 0.984880 
1385 0.983965 
1386 0.983082 
1387 0.982231 
1388 0.981414 
1389 0.980630 
1390 0.979882 
1391 0.979169 
1392 0.978494 
1393 0.977856 
1394 0.977256 
1395 0.976695 
1396 0.976173 
1397 0.975691 
1398 0.975250 
1399 0.974849 
1400 0.974489 
1401 0.974171 
1402 0.973894 
1403 0.973658 
1404 0.973465 
1405 0.973313 
1406 0.973202 
1407 0.973134 
1408 0.973106 
1409 0.973120 
1410 0.973175 
1411 0.973271 
1412 0.973406 
1413 0.973582 
1414 0.973796 
1415 0.974050 
1416 0.974341 
1417 0.974670 
1418 0.975036 
1419 0.975438 
1420 0.975875 
1421 0.976346 
1422 0.976851 
1423 0.977389 
1424 0.977958 
1425 0.978557 
1426 0.979187 
1427 0.979844 
1428 0.980529 
1429 0.981241 
1430 0.981977 
1431 0.982737 
1432 0.983520 
1433 0.984324 
1434 0.985148 
1435 0.985991 
1436 0.986851 
1437 0.987728 
1438 0.988619 
1439 0.989523 
1440 0.990440 
1441 0.991367 
1442 0.992304 
1443 0.993248 
1444 0.994199 
1445 0.995155 
1446 0.996114 
1447 0.997076 
1448 0.998039 
1449 0.999001 
1450 0.999961 
1451 1.000919 
1452 1.001871 
1453 1.002818 
1454 1.003758 
1455 1.004689 
1456 1.005610 
1457 1.006521 
1458 1.007419 
1459 1.008304 
1460 1.009174 
1461 1.010028 
1462 1.010865 
1463 1.011685 
1464 1.012485 
1465 1.013266 
1466 1.014025 
1467 1.014763 
1468 1.015477 
1469 1.016168 
1470 1.016834 
1471 1.017475 
1472 1.018089 
1473 1.018677 
1474 1.019237 
1475 1.019769 
1476 1.020273 
1477 1.020747 
1478 1.021191 
1479 1.021605 
1480 1.021988 
1481 1.022340 
1482 1.022662 
1483 1.022951 
1484 1.023209 
1485 1.023435 
1486 1.023628 
1487 1.023790 
1488 1.023919 
1489 1.024017 
1490 1.024082 
1491 1.024115 
1492 1.024116 
1493 1.024086 
1494 1.024024 
1495 1.023931 
1496 1.023808 
1497 1.023654 
1498 1.023470 
1499 1.023256 
1500 1.023013 
1501 1.022742 
1502 1.022443 
1503 1.022116 
1504 1.021762 
1505 1.021383 
1506 1.020978 
1507 1.020548 
1508 1.020094 
1509 1.019618 
1510 1.019119 
1511 1.018598 
1512 1.018057 
1513 1.017497 
1514 1.016917 
1515 1.016320 
1516 1.015706 
1517 1.015076 
1518 1.014431 
1519 1.013772 
1520 1.013101 
1521 1.012418 
1522 1.011723 
1523 1.011020 
1524 1.010307 
1525 1.009587 
1526 1.008861 
1527 1.008129 
1528 1.007392 
1529 1.006653 
1530 1.005911 
1531 1.005168 
1532 1.004425 
1533 1.003683 
1534 1.002943 
1535 1.002206 
1536 1.001473 
1537 1.000745 
1538 1.000023 
1539 0.999309 
1540 0.998602 
1541 0.997905 
1542 0.997217 
1543 0.996541 
1544 0.995876 
1545 0.995224 
1546 0.994585 
1547 0.993961 
1548 0.993352 
1549 0.992758 
1550 0.992182 
1551 0.991622 
1552 0.991081 
1553 0.990559 
1554 0.990055 
1555 0.989572 
1556 0.989109 
1557 0.988667 
1558 0.988247 
1559 0.987849 
1560 0.987473 
1561 0.987120 
1562 0.986790 
1563 0.986483 
1564 0.986200 
1565 0.985941 
1566 0.985707 
1567 0.985497 
1568 0.985311 
1569 0.985150 
1570 0.985014 
1571 0.984902 
1572 0.984816 
1573 0.984754 
1574 0.984716 
1575 0.984704 
1576 0.984715 
1577 0.984751 
1578 0.984811 
1579 0.984895 
1580 0.985002 
1581 0.985132 
1582 0.985286 
1583 0.985462 
1584 0.985660 
1585 0.985879 
1586 0.986120 
1587 0.986382 
1588 0.986664 
1589 0.986966 
1590 0.987287 
1591 0.987626 
1592 0.987984 
1593 0.988359 
1594 0.988751 
1595 0.989159 
1596 0.989582 
1597 0.990020 
1598 0.990472 
1599 0.990937 
1600 0.991414 
1601 0.991904 
1602 0.992404 
1603 0.992915 
1604 0.993435 
1605 0.993964 
1606 0.994500 
1607 0.995044 
1608 0.995593 
1609 0.996148 
1610 0.996708 
1611 0.997271 
1612 0.997838 
1613 0.998406 
1614 0.998976 
1615 0.999546 
1616 1.000116 
1617 1.000684 
1618 1.001251 
1619 1.001815 
1620 1.002375 
1621 1.002932 
1622 1.003483 
1623 1.004028 
1624 1.004567 
1625 1.005099 
1626 1.005623 
1627 1.006138 
1628 1.006644 
1629 1.007140 
1630 1.007625 
1631 1.008099 
1632 1.008561 
1633 1.009011 
1634 1.009449 
1635 1.009872 
1636 1.010282 
1637 1.010677 
1638 1.011058 
1639 1.011423 
1640 1.011772 
1641 1.012105 
1642 1.012422 
1643 1.012721 
1644 1.013004 
1645 1.013269 
1646 1.013517 
1647 1.013746 
1648 1.013957 
1649 1.014150 
1650 1.014325 
1651 1.014481 
1652 1.014618 
1653 1.014737 
1654 1.014836 
1655 1.014917 
1656 1.014979 
1657 1.015022 
1658 1.015046 
1659 1.015052 
1660 1.015039 
1661 1.015008 
1662 1.014958 
1663 1.014891 
1664 1.014806 
1665 1.014703 
1666 1.014582 
1667 1.014445 
1668 1.014291 
1669 1.014120 
1670 1.013933 
1671 1.013731 
1672 1.013513 
1673 1.013280 
1674 1.013033 
1675 1.012771 
1676 1.012496 
1677 1.012208 
1678 1.011907 
1679 1.011594 
1680 1.011270 
1681 1.010934 
1682 1.010588 
1683 1.010231 
1684 1.009866 
1685 1.009491 
1686 1.009108 
1687 1.008717 
1688 1.008320 
1689 1.007916 
1690 1.007505 
1691 1.007090 
1692 1.006670 
1693 1.006246 
1694 1.005818 
1695 1.005388 
1696 1.004956 
1697 1.004522 
1698 1.004087 
1699 1.003652 
1700 1.003217 
1701 1.002783 
1702 1.002350 
1703 1.001920 
1704 1.001492 
1705 1.001068 
1706 1.000647 
1707 1.000231 
1708 0.999820 
1709 0.999414 
1710 0.999015 
1711 0.998622 
1712 0.998236 
1713 0.997858 
1714 0.997487 
1715 0.997126 
1716 0.996773 
1717 0.996429 
1718 0.996096 
1719 0.995773 
1720 0.995460 
1721 0.995158 
1722 0.994868 
1723 0.994589 
1724 0.994323 
1725 0.994068 
1726 0.993826 
1727 0.993597 
1728 0.993381 
1729 0.993178 
1730 0.992989 
1731 0.992813 
1732 0.992652 
1733 0.992504 
1734 0.992370 
1735 0.992250 
1736 0.992144 
1737 0.992053 
1738 0.991975 
1739 0.991913 
1740 0.991864 
1741 0.991830 
1742 0.991809 
1743 0.991803 
1744 0.991811 
1745 0.991833 
1746 0.991869 
1747 0.991918 
1748 0.991981 
1749 0.992057 
1750 0.992147 
1751 0.992249 
1752 0.992364 
1753 0.992491 
1754 0.992630 
1755 0.992781 
1756 0.992944 
1757 0.993118 
1758 0.993303 
1759 0.993499 
1760 0.993705 
1761 0.993921 
1762 0.994146 
1763 0.994381 
1764 0.994624 
1765 0.994876 
1766 0.995135 
1767 0.995402 
1768 0.995677 
1769 0.995958 
1770 0.996245 
1771 0.996538 
1772 0.996836 
1773 0.997140 
1774 0.997447 
1775 0.997759 
1776 0.998074 
1777 0.998393 
1778 0.998714 
1779 0.999037 
1780 0.999362 
1781 0.999688 
1782 1.000015 
1783 1.000342 
1784 1.000669 
1785 1.000995 
1786 1.001321 
1787 1.001645 
1788 1.001967 
1789 1.002287 
1790 1.002604 
1791 1.002918 
1792 1.003228 
1793 1.003534 
1794 1.003837 
1795 1.004134 
1796 1.004426 
1797 1.004713 
1798 1.004994 
1799 1.005268 
1800 1.005536 
1801 1.005798 
1802 1.006052 
1803 1.006299 
1804 1.006538 
1805 1.006769 
1806 1.006992 
1807 1.007207 
1808 1.007413 
1809 1.007610 
1810 1.007798 
1811 1.007976 
1812 1.008145 
1813 1.008305 
1814 1.008454 
1815 1.008594 
1816 1.008724 
1817 1.008843 
1818 1.008953 
1819 1.009052 
1820 1.009141 
1821 1.009219 
1822 1.009287 
1823 1.009344 
1824 1.009391 
1825 1.009428 
1826 1.009454 
1827 1.009469 
1828 1.009475 
1829 1.009470 
1830 1.009455 
1831 1.009429 
1832 1.009394 
1833 1.009349 
1834 1.009294 
1835 1.009230 
1836 1.009156 
1837 1.009073 
1838 1.008981 
1839 1.008879 
1840 1.008769 
1841 1.008651 
1842 1.008524 
1843 1.008389 
1844 1.008246 
1845 1.008096 
1846 1.007938 
1847 1.007774 
1848 1.007602 
1849 1.007424 
1850 1.007239 
1851 1.007049 
1852 1.006853 
1853 1.006652 
1854 1.006445 
1855 1.006234 
1856 1.006018 
1857 1.005798 
1858 1.005575 
1859 1.005348 
1860 1.005118 
1861 1.004884 
1862 1.004649 
1863 1.004411 
1864 1.004172 
1865 1.003931 
1866 1.003689 
1867 1.003446 
1868 1.003202 
1869 1.002959 
1870 1.002715 
1871 1.002472 
1872 1.002230 
1873 1.001989 
1874 1.001750 
1875 1.001512 
1876 1.001276 
1877 1.001043 
1878 1.000812 
1879 1.000584 
1880 1.000360 
1881 1.000139 
1882 0.999922 
1883 0.999708 
1884 0.999500 
1885 0.999295 
1886 0.999096 
1887 0.998901 
1888 0.998712 
1889 0.998529 
1890 0.998351 
1891 0.998178 
1892 0.998012 
1893 0.997852 
1894 0.997699 
1895 0.997552 
1896 0.997412 
1897 0.997279 
1898 0.997153 
1899 0.997033 
1900 0.996921 
1901 0.996817 
1902 0.996719 
1903 0.996630 
1904 0.996547 
1905 0.996473 
1906 0.996405 
1907 0.996346 
1908 0.996294 
1909 0.996250 
1910 0.996214 
1911 0.996185 
1912 0.996164 
1913 0.996150 
1914 0.996144 
1915 0.996146 
1916 0.996155 
1917 0.996171 
1918 0.996195 
1919 0.996226 
1920 0.996263 
1921 0.996308 
1922 0.996360 
1923 0.996419 
1924 0.996484 
1925 0.996555 
1926 0.996633 
1927 0.996717 
1928 0.996808 
1929 0.996903 
1930 0.997005 
1931 0.997112 
1932 0.997224 
1933 0.997342 
1934 0.997464 
1935 0.997591 
1936 0.997723 
1937 0.997858 
1938 0.997998 
1939 0.998142 
1940 0.998289 
1941 0.998440 
1942 0.998594 
1943 0.998751 
1944 0.998910 
1945 0.999072 
1946 0.999237 
1947 0.999403 
1948 0.999572 
1949 0.999741 
1950 0.999913 
1951 1.000085 
1952 1.000258 
1953 1.000433 
1954 1.000607 
1955 1.000782 
1956 1.000957 
1957 1.001131 
1958 1.001306 
1959 1.001479 
1960 1.001652 
1961 1.001824 
1962 1.001995 
1963 1.002165 
1964 1.002333 
1965 1.002499 
1966 1.002663 
1967 1.002825 
1968 1.002985 
1969 1.003143 
1970 1.003297 
1971 1.003450 
1972 1.003599 
1973 1.003745 
1974 1.003888 
1975 1.004028 
1976 1.004165 
1977 1.004298 
1978 1.004427 
1979 1.004552 
1980 1.004674 
1981 1.004791 
1982 1.004905 
1983 1.005014 
1984 1.005119 
1985 1.005220 
1986 1.005316 
1987 1.005408 
1988 1.005495 
1989 1.005578 
1990 1.005656 
1991 1.005729 
1992 1.005797 
1993 1.005860 
1994 1.005919 
1995 1.005973 
1996 1.006021 
1997 1.006065 
1998 1.006104 
1999 1.006137 
