0.000037 0.000037 0.000039 
0.000043 0.000042 0.000045 
0.000050 0.000049 0.000052 
0.000058 0.000057 0.000060 
0.000067 0.000066 0.000069 
0.000078 0.000076 0.000080 
0.000090 0.000089 0.000093 
0.000104 0.000103 0.000108 
0.000121 0.000119 0.000125 
0.000140 0.000138 0.000144 
0.000163 0.000160 0.000167 
0.000189 0.000185 0.000194 
0.000219 0.000216 0.000224 
0.000254 0.000249 0.000259 
0.000294 0.000290 0.000300 
0.000341 0.000335 0.000347 
0.000396 0.000389 0.000402 
0.000459 0.000450 0.000465 
0.000531 0.000523 0.000539 
0.000616 0.000604 0.000623 
0.000714 0.000702 0.000721 
0.000827 0.000811 0.000835 
0.000958 0.000942 0.000966 
0.001111 0.001088 0.001118 
0.001286 0.001265 0.001294 
0.001490 0.001460 0.001497 
0.001725 0.001697 0.001732 
0.001999 0.001960 0.002004 
0.002313 0.002277 0.002319 
0.002680 0.002629 0.002683 
0.003100 0.003055 0.003103 
0.003591 0.003526 0.003590 
0.004154 0.004097 0.004152 
0.004810 0.004728 0.004804 
0.005563 0.005492 0.005556 
0.006441 0.006338 0.006426 
0.007447 0.007362 0.007431 
0.008621 0.008493 0.008595 
0.009965 0.009864 0.009938 
0.011533 0.011379 0.011494 
0.013328 0.013214 0.013289 
0.015422 0.015241 0.015367 
0.017818 0.017696 0.017765 
0.020613 0.020408 0.020540 
0.023811 0.023691 0.023743 
0.027540 0.027318 0.027450 
0.031805 0.031708 0.031727 
0.036778 0.036559 0.036677 
0.042464 0.042426 0.042388 
0.049094 0.048911 0.048996 
0.056671 0.056749 0.056619 
0.065504 0.065417 0.065439 
0.075597 0.075888 0.075613 
0.087363 0.087470 0.087384 
0.100801 0.101451 0.100961 
0.116465 0.116925 0.116666 
0.134352 0.135589 0.134781 
