-6.900000 0.034000 50.698645 131.250000 91.000000 
-4.700000 0.034000 75.081279 118.750000 91.000000 
-2.500000 0.034000 87.176685 111.500000 91.000000 
-0.300000 0.034000 93.575595 106.000000 91.000000 
1.900000 0.034000 97.370458 102.250000 91.000000 
4.100000 0.034000 99.835676 100.000000 91.000000 
6.300000 0.034000 101.549211 98.250000 91.000000 
8.500000 0.034000 102.801855 97.000000 91.000000 
10.700000 0.034000 103.755967 96.250000 91.000000 
12.900000 0.034000 104.511441 95.500000 91.000000 
15.100000 0.034000 105.076095 95.000000 91.000000 
17.300000 0.034000 105.638043 94.500000 91.000000 
19.500000 0.034000 105.982213 94.250000 91.000000 
21.700000 0.034000 106.272031 94.000000 91.000000 
23.900000 0.034000 106.776689 93.500000 91.000000 
26.100000 0.034000 106.970556 93.250000 91.000000 
28.300000 0.034000 107.009068 93.250000 91.000000 
30.500000 0.034000 107.102753 93.250000 91.000000 
32.700000 0.034000 107.509263 92.750000 91.000000 
34.900000 0.034000 107.903538 92.500000 91.000000 
