0.018270 0.018270 0.018270 
0.018244 0.018244 0.018244 
0.018217 0.018217 0.018217 
0.018191 0.018191 0.018191 
0.018164 0.018164 0.018164 
0.018138 0.018138 0.018138 
0.018111 0.018111 0.018111 
0.018085 0.018085 0.018085 
0.018058 0.018058 0.018058 
0.018032 0.018032 0.018032 
0.018006 0.018006 0.018006 
0.017979 0.017979 0.017979 
0.017953 0.017953 0.017953 
0.017927 0.017927 0.017927 
0.017901 0.017901 0.017901 
0.017875 0.017875 0.017875 
0.017849 0.017849 0.017849 
0.017823 0.017823 0.017823 
0.017797 0.017797 0.017797 
0.017771 0.017771 0.017771 
0.017745 0.017745 0.017745 
0.017719 0.017719 0.017719 
0.017693 0.017693 0.017693 
0.017667 0.017667 0.017667 
0.017641 0.017641 0.017641 
0.017616 0.017616 0.017616 
0.017590 0.017590 0.017590 
0.017564 0.017564 0.017564 
0.017539 0.017539 0.017539 
0.017513 0.017513 0.017513 
0.017488 0.017488 0.017488 
0.017462 0.017462 0.017462 
0.017437 0.017437 0.017437 
0.017411 0.017411 0.017411 
0.017386 0.017386 0.017386 
0.017361 0.017361 0.017361 
0.017335 0.017335 0.017335 
0.017310 0.017310 0.017310 
0.017285 0.017285 0.017285 
0.017259 0.017259 0.017259 
0.017234 0.017234 0.017234 
0.017209 0.017209 0.017209 
0.017184 0.017184 0.017184 
0.017159 0.017159 0.017159 
0.017134 0.017134 0.017134 
0.017109 0.017109 0.017109 
0.017084 0.017084 0.017084 
0.017059 0.017059 0.017059 
0.017034 0.017034 0.017034 
0.017009 0.017009 0.017009 
0.016985 0.016985 0.016985 
0.016960 0.016960 0.016960 
0.016935 0.016935 0.016935 
0.016910 0.016910 0.016910 
0.016886 0.016886 0.016886 
0.016861 0.016861 0.016861 
0.016836 0.016836 0.016836 
