0 0.000000 
1 0.000000 
2 0.000000 
3 0.000000 
4 0.000000 
5 0.000000 
6 0.000000 
7 0.000000 
8 0.000000 
9 0.000000 
10 0.000000 
11 0.000000 
12 0.000000 
13 0.000000 
14 0.000000 
15 0.000000 
16 0.000000 
17 0.000000 
18 0.000000 
19 0.000000 
20 0.000000 
21 0.000000 
22 0.000000 
23 0.000000 
24 0.000000 
25 0.000000 
26 0.000000 
27 0.000000 
28 0.000000 
29 0.000000 
30 0.000000 
31 0.000000 
32 0.000000 
33 0.000000 
34 0.000000 
35 0.000000 
36 0.000000 
37 0.000000 
38 0.000000 
39 0.000000 
40 0.000000 
41 0.000000 
42 0.000000 
43 0.000000 
44 0.000000 
45 0.000000 
46 0.000000 
47 0.000000 
48 0.000000 
49 0.000000 
50 0.000000 
51 0.000000 
52 0.000000 
53 0.000000 
54 0.000000 
55 0.000000 
56 0.000000 
57 0.000000 
58 0.000000 
59 0.000000 
60 0.000000 
61 0.000000 
62 0.000000 
63 0.000000 
64 0.000000 
65 0.000000 
66 0.000000 
67 0.000000 
68 0.000000 
69 0.000000 
70 0.000000 
71 0.000000 
72 0.000000 
73 0.000000 
74 0.000000 
75 0.000000 
76 0.000000 
77 0.000000 
78 0.000000 
79 0.000000 
80 0.000000 
81 0.000000 
82 0.000000 
83 0.000000 
84 0.000000 
85 0.000000 
86 0.000000 
87 0.000000 
88 0.000000 
89 0.000000 
90 0.000000 
91 0.021620 
92 0.043177 
93 0.064672 
94 0.086103 
95 0.107472 
96 0.128778 
97 0.150022 
98 0.171204 
99 0.192324 
100 0.213381 
101 0.234377 
102 0.255311 
103 0.276184 
104 0.296995 
105 0.317745 
106 0.338433 
107 0.359061 
108 0.379628 
109 0.400134 
110 0.420579 
111 0.440964 
112 0.461288 
113 0.481553 
114 0.501757 
115 0.521901 
116 0.541985 
117 0.562010 
118 0.581975 
119 0.601881 
120 0.621727 
121 0.641515 
122 0.661243 
123 0.680912 
124 0.700523 
125 0.720074 
126 0.739568 
127 0.759003 
128 0.778379 
129 0.797698 
130 0.816958 
131 0.836161 
132 0.855306 
133 0.874393 
134 0.893423 
135 0.912395 
136 0.931311 
137 0.950169 
138 0.968970 
139 0.987714 
140 1.006401 
141 1.025032 
142 1.043606 
143 1.062124 
144 1.080586 
145 1.098992 
146 1.117341 
147 1.135635 
148 1.133979 
149 1.132325 
150 1.130674 
151 1.129024 
152 1.127378 
153 1.125733 
154 1.124092 
155 1.122452 
156 1.120815 
157 1.119180 
158 1.117548 
159 1.115918 
160 1.114290 
161 1.112665 
162 1.111042 
163 1.109422 
164 1.107804 
165 1.106188 
166 1.104575 
167 1.102964 
168 1.101355 
169 1.099749 
170 1.098145 
171 1.096543 
172 1.094944 
173 1.093347 
174 1.091752 
175 1.090160 
176 1.088570 
177 1.086982 
178 1.085397 
179 1.083814 
180 1.082233 
181 1.080655 
182 1.079079 
183 1.077507 
184 1.075939 
185 1.074375 
186 1.072817 
187 1.071264 
188 1.069718 
189 1.068178 
190 1.066646 
191 1.065122 
192 1.063606 
193 1.062098 
194 1.060601 
195 1.059113 
196 1.057636 
197 1.056171 
198 1.054716 
199 1.053274 
200 1.051844 
201 1.050428 
202 1.049025 
203 1.047637 
204 1.046263 
205 1.044904 
206 1.043561 
207 1.042233 
208 1.040923 
209 1.039630 
210 1.038354 
211 1.037096 
212 1.035857 
213 1.034637 
214 1.033437 
215 1.032256 
216 1.031096 
217 1.029957 
218 1.028839 
219 1.027743 
220 1.026669 
221 1.025618 
222 1.024590 
223 1.023585 
224 1.022605 
225 1.021649 
226 1.020718 
227 1.019813 
228 1.018933 
229 1.018080 
230 1.017253 
231 1.016453 
232 1.015681 
233 1.014936 
234 1.014220 
235 1.013533 
236 1.012875 
237 1.012246 
238 1.011647 
239 1.011078 
240 1.010537 
241 1.010024 
242 1.009538 
243 1.009079 
244 1.008646 
245 1.008239 
246 1.007856 
247 1.007498 
248 1.007163 
249 1.006850 
250 1.006560 
251 1.006292 
252 1.006045 
253 1.005818 
254 1.005610 
255 1.005422 
256 1.005253 
257 1.005102 
258 1.004968 
259 1.004850 
260 1.004749 
261 1.004664 
262 1.004593 
263 1.004537 
264 1.004495 
265 1.004466 
266 1.004450 
267 1.004446 
268 1.004454 
269 1.004473 
270 1.004502 
271 1.004541 
272 1.004590 
273 1.004647 
274 1.004712 
275 1.004786 
276 1.004866 
277 1.004953 
278 1.005047 
279 1.005145 
280 1.005249 
281 1.005358 
282 1.005470 
283 1.005586 
284 1.005705 
285 1.005827 
286 1.005950 
287 1.006075 
288 1.006201 
289 1.006327 
290 1.006454 
291 1.006579 
292 1.006704 
293 1.006827 
294 1.006949 
295 1.007067 
296 1.007184 
297 1.007298 
298 1.007409 
299 1.007518 
300 1.007625 
301 1.007729 
302 1.007831 
303 1.007931 
304 1.008028 
305 1.008123 
306 1.008215 
307 1.008306 
308 1.008394 
309 1.008479 
310 1.008563 
311 1.008644 
312 1.008723 
313 1.008800 
314 1.008874 
315 1.008947 
316 1.009017 
317 1.009085 
318 1.009152 
319 1.009216 
320 1.009278 
321 1.009338 
322 1.009395 
323 1.009451 
324 1.009505 
325 1.009558 
326 1.009608 
327 1.009656 
328 1.009702 
329 1.009747 
330 1.009790 
331 1.009831 
332 1.009870 
333 1.009908 
334 1.009944 
335 1.009978 
336 1.010011 
337 1.010042 
338 1.010072 
339 1.010100 
340 1.010126 
341 1.010151 
342 1.010175 
343 1.010197 
344 1.010218 
345 1.010238 
346 1.010257 
347 1.010274 
348 1.010290 
349 1.010304 
350 1.010318 
351 1.010331 
352 1.010342 
353 1.010353 
354 1.010362 
355 1.010370 
356 1.010378 
357 1.010385 
358 1.010390 
359 1.010395 
360 1.010400 
361 1.010403 
362 1.010406 
363 1.010408 
364 1.010409 
365 1.010409 
366 1.010410 
367 1.010409 
368 1.010408 
369 1.010406 
370 1.010404 
371 1.010402 
372 1.010399 
373 1.010396 
374 1.010392 
375 1.010388 
376 1.010383 
377 1.010379 
378 1.010374 
379 1.010369 
380 1.010363 
381 1.010358 
382 1.010352 
383 1.010346 
384 1.010340 
385 1.010334 
386 1.010327 
387 1.010321 
388 1.010315 
389 1.010308 
390 1.010302 
391 1.010295 
392 1.010288 
393 1.010282 
394 1.010275 
395 1.010269 
396 1.010262 
397 1.010256 
398 1.010249 
399 1.010243 
400 1.010237 
401 1.010231 
402 1.010225 
403 1.010219 
404 1.010213 
405 1.010207 
406 1.010201 
407 1.010196 
408 1.010191 
409 1.010185 
410 1.010180 
411 1.010175 
412 1.010170 
413 1.010165 
414 1.010161 
415 1.010156 
416 1.010152 
417 1.010148 
418 1.010144 
419 1.010140 
420 1.010136 
421 1.010132 
422 1.010129 
423 1.010125 
424 1.010122 
425 1.010119 
426 1.010116 
427 1.010113 
428 1.010110 
429 1.010107 
430 1.010105 
431 1.010103 
432 1.010100 
433 1.010098 
434 1.010096 
435 1.010094 
436 1.010092 
437 1.010091 
438 1.010089 
439 1.010087 
440 1.010086 
441 1.010085 
442 1.010083 
443 1.010082 
444 1.010081 
445 1.010080 
446 1.010079 
447 1.010078 
448 1.010077 
449 1.010077 
450 1.010076 
451 1.010075 
452 1.010075 
453 1.010074 
454 1.010074 
455 1.010073 
456 1.010073 
457 1.010073 
458 1.010073 
459 1.010072 
460 1.010072 
461 1.010072 
462 1.010072 
463 1.010072 
464 1.010072 
465 1.010072 
466 1.010072 
467 1.010072 
468 1.010072 
469 1.010073 
470 1.010073 
471 1.010073 
472 1.010073 
473 1.010073 
474 1.010074 
475 1.010074 
476 1.010074 
477 1.010074 
478 1.010075 
479 1.010075 
480 1.010075 
481 1.010076 
482 1.010076 
483 1.010077 
484 1.010077 
485 1.010077 
486 1.010078 
487 1.010078 
488 1.010078 
489 1.010079 
490 1.010079 
491 1.010080 
492 1.010080 
493 1.010080 
494 1.010081 
495 1.010081 
496 1.010081 
497 1.010082 
498 1.010082 
499 1.010083 
500 1.010083 
501 1.010083 
502 1.010084 
503 1.010084 
504 1.010084 
505 1.010085 
506 1.010085 
507 1.010085 
508 1.010086 
509 1.010086 
510 1.010086 
511 1.010086 
512 1.010087 
513 1.010087 
514 1.010087 
515 1.010087 
516 1.010088 
517 1.010088 
518 1.010088 
519 1.010088 
520 1.010089 
521 1.010089 
522 1.010089 
523 1.010089 
524 1.010089 
525 1.010090 
526 1.010090 
527 1.010090 
528 1.010090 
529 1.010090 
530 1.010090 
531 1.010091 
532 1.010091 
533 1.010091 
534 1.010091 
535 1.010091 
536 1.010091 
537 1.010091 
538 1.010091 
539 1.010091 
540 1.010092 
541 1.010092 
542 1.010092 
543 1.010092 
544 1.010092 
545 1.010092 
546 1.010092 
547 1.010092 
548 1.010092 
549 1.010092 
550 1.010092 
551 1.010092 
552 1.010092 
553 1.010092 
554 1.010092 
555 1.010092 
556 1.010092 
557 1.010092 
558 1.010092 
559 1.010092 
560 1.010092 
561 1.010092 
562 1.010092 
563 1.010092 
564 1.010092 
565 1.010092 
566 1.010092 
567 1.010092 
568 1.010092 
569 1.010092 
570 1.010092 
571 1.010092 
572 1.010092 
573 1.010092 
574 1.010092 
575 1.010092 
576 1.010092 
577 1.010092 
578 1.010092 
579 1.010092 
580 1.010092 
581 1.010092 
582 1.010092 
583 1.010092 
584 1.010092 
585 1.010092 
586 1.010092 
587 1.010092 
588 1.010092 
589 1.010092 
590 1.010092 
591 1.010092 
592 1.010092 
593 1.010092 
594 1.010092 
595 1.010092 
596 1.010092 
597 1.010092 
598 1.010092 
599 1.010092 
600 1.010092 
601 1.010092 
602 1.010092 
603 1.010091 
604 1.010091 
605 1.010091 
606 1.010091 
607 1.010091 
608 1.010091 
609 1.010091 
610 1.010091 
611 1.010091 
612 1.010091 
613 1.010091 
614 1.010091 
615 1.010091 
616 1.010091 
617 1.010091 
618 1.010091 
619 1.010091 
620 1.010091 
621 1.010091 
622 1.010091 
623 1.010091 
624 1.010091 
625 1.010091 
626 1.010091 
627 1.010091 
628 1.010091 
629 1.010091 
630 1.010091 
631 1.010091 
632 1.010091 
633 1.010091 
634 1.010091 
635 1.010091 
636 1.010091 
637 1.010091 
638 1.010091 
639 1.010091 
640 1.010091 
641 1.010091 
642 1.010091 
643 1.010091 
644 1.010091 
645 1.010091 
646 1.010091 
647 1.010091 
648 1.010091 
649 1.010091 
650 1.010091 
651 1.010091 
652 1.010091 
653 1.010091 
654 1.010091 
655 1.010091 
656 1.010091 
657 1.010091 
658 1.010091 
659 1.010091 
660 1.010091 
661 1.010091 
662 1.010091 
663 1.010091 
664 1.010091 
665 1.010091 
666 1.010091 
667 1.010091 
668 1.010091 
669 1.010091 
670 1.010091 
671 1.010091 
672 1.010091 
673 1.010091 
674 1.010091 
675 1.010091 
676 1.010091 
677 1.010091 
678 1.010091 
679 1.010091 
680 1.010091 
681 1.010091 
682 1.010091 
683 1.010091 
684 1.010091 
685 1.010091 
686 1.010091 
687 1.010091 
688 1.010091 
689 1.010091 
690 1.010091 
691 1.010091 
692 1.010091 
693 1.010091 
694 1.010091 
695 1.010091 
696 1.010091 
697 1.010091 
698 1.010091 
699 1.010091 
700 1.010091 
701 1.010091 
702 1.010091 
703 1.010091 
704 1.010091 
705 1.010091 
706 1.010091 
707 1.010091 
708 1.010091 
709 1.010091 
710 1.010091 
711 1.010091 
712 1.010091 
713 1.010091 
714 1.010091 
715 1.010091 
716 1.010091 
717 1.010091 
718 1.010091 
719 1.010091 
720 1.010091 
721 1.010091 
722 1.010091 
723 1.010091 
724 1.010091 
725 1.010091 
726 1.010091 
727 1.010091 
728 1.010091 
729 1.010091 
730 1.010091 
731 1.010091 
732 1.010091 
733 1.010091 
734 1.010091 
735 1.010091 
736 1.010091 
737 1.010091 
738 1.010091 
739 1.010091 
740 1.010091 
741 1.010091 
742 1.010091 
743 1.010091 
744 1.010091 
745 1.010091 
746 1.010091 
747 1.010091 
748 1.010091 
749 1.010091 
750 1.010091 
751 1.010091 
752 1.010091 
753 1.010091 
754 1.010091 
755 1.010091 
756 1.010091 
757 1.010091 
758 1.010091 
759 1.010091 
760 1.010091 
761 1.010091 
762 1.010091 
763 1.010091 
764 1.010091 
765 1.010091 
766 1.010091 
767 1.010091 
768 1.010091 
769 1.010091 
770 1.010091 
771 1.010091 
772 1.010091 
773 1.010091 
774 1.010091 
775 1.010091 
776 1.010091 
777 1.010091 
778 1.010091 
779 1.010091 
780 1.010091 
781 1.010091 
782 1.010091 
783 1.010091 
784 1.010091 
785 1.010091 
786 1.010091 
787 1.010091 
788 1.010091 
789 1.010091 
790 1.010091 
791 1.010091 
792 1.010091 
793 1.010091 
794 1.010091 
795 1.010091 
796 1.010091 
797 1.010091 
798 1.010091 
799 1.010091 
800 1.010091 
801 1.010091 
802 1.010091 
803 1.010091 
804 1.010091 
805 1.010091 
806 1.010091 
807 1.010091 
808 1.010091 
809 1.010091 
810 1.010091 
811 1.010091 
812 1.010091 
813 1.010091 
814 1.010091 
815 1.010091 
816 1.010091 
817 1.010091 
818 1.010091 
819 1.010091 
820 1.010091 
821 1.010091 
822 1.010091 
823 1.010091 
824 1.010091 
825 1.010091 
826 1.010091 
827 1.010091 
828 1.010091 
829 1.010091 
830 1.010091 
831 1.010091 
832 1.010091 
833 1.010091 
834 1.010091 
835 1.010091 
836 1.010091 
837 1.010091 
838 1.010091 
839 1.010091 
840 1.010091 
841 1.010091 
842 1.010091 
843 1.010091 
844 1.010091 
845 1.010091 
846 1.010091 
847 1.010091 
848 1.010091 
849 1.010091 
850 1.010091 
851 1.010091 
852 1.010091 
853 1.010091 
854 1.010091 
855 1.010091 
856 1.010091 
857 1.010091 
858 1.010091 
859 1.010091 
860 1.010091 
861 1.010091 
862 1.010091 
863 1.010091 
864 1.010091 
865 1.010091 
866 1.010091 
867 1.010091 
868 1.010091 
869 1.010091 
870 1.010091 
871 1.010091 
872 1.010091 
873 1.010091 
874 1.010091 
875 1.010091 
876 1.010091 
877 1.010091 
878 1.010091 
879 1.010091 
880 1.010091 
881 1.010091 
882 1.010091 
883 1.010091 
884 1.010091 
885 1.010091 
886 1.010091 
887 1.010091 
888 1.010091 
889 1.010091 
890 1.010091 
891 1.010091 
892 1.010091 
893 1.010091 
894 1.010091 
895 1.010091 
896 1.010091 
897 1.010091 
898 1.010091 
899 1.010091 
900 1.010091 
901 1.010091 
902 1.010091 
903 1.010091 
904 1.010091 
905 1.010091 
906 1.010091 
907 1.010091 
908 1.010091 
909 1.010091 
910 1.010091 
911 1.010091 
912 1.010091 
913 1.010091 
914 1.010091 
915 1.010091 
916 1.010091 
917 1.010091 
918 1.010091 
919 1.010091 
920 1.010091 
921 1.010091 
922 1.010091 
923 1.010091 
924 1.010091 
925 1.010091 
926 1.010091 
927 1.010091 
928 1.010091 
929 1.010091 
930 1.010091 
931 1.010091 
932 1.010091 
933 1.010091 
934 1.010091 
935 1.010091 
936 1.010091 
937 1.010091 
938 1.010091 
939 1.010091 
940 1.010091 
941 1.010091 
942 1.010091 
943 1.010091 
944 1.010091 
945 1.010091 
946 1.010091 
947 1.010091 
948 1.010091 
949 1.010091 
950 1.010091 
951 1.010091 
952 1.010091 
953 1.010091 
954 1.010091 
955 1.010091 
956 1.010091 
957 1.010091 
958 1.010091 
959 1.010091 
960 1.010091 
961 1.010091 
962 1.010091 
963 1.010091 
964 1.010091 
965 1.010091 
966 1.010091 
967 1.010091 
968 1.010091 
969 1.010091 
970 1.010091 
971 1.010091 
972 1.010091 
973 1.010091 
974 1.010091 
975 1.010091 
976 1.010091 
977 1.010091 
978 1.010091 
979 1.010091 
980 1.010091 
981 1.010091 
982 1.010091 
983 1.010091 
984 1.010091 
985 1.010091 
986 1.010091 
987 1.010091 
988 1.010091 
989 1.010091 
990 1.010091 
991 1.010091 
992 1.010091 
993 1.010091 
994 1.010091 
995 1.010091 
996 1.010091 
997 1.010091 
998 1.010091 
999 1.010091 
1000 1.010091 
1001 1.010091 
1002 1.010091 
1003 1.010091 
1004 1.010091 
1005 1.010091 
1006 1.010091 
1007 1.010091 
1008 1.010091 
1009 1.010091 
1010 1.010091 
1011 1.010091 
1012 1.010091 
1013 1.010091 
1014 1.010091 
1015 1.010091 
1016 1.010091 
1017 1.010091 
1018 1.010091 
1019 1.010091 
1020 1.010091 
1021 1.010091 
1022 1.010091 
1023 1.010091 
1024 1.010091 
1025 1.010091 
1026 1.010091 
1027 1.010091 
1028 1.010091 
1029 1.010091 
1030 1.010091 
1031 1.010091 
1032 1.010091 
1033 1.010091 
1034 1.010091 
1035 1.010091 
1036 1.010091 
1037 1.010091 
1038 1.010091 
1039 1.010091 
1040 1.010091 
1041 1.010091 
1042 1.010091 
1043 1.010091 
1044 1.010091 
1045 1.010091 
1046 1.010091 
1047 1.010091 
1048 1.010091 
1049 1.010091 
1050 1.010091 
1051 1.010091 
1052 1.010091 
1053 1.010091 
1054 1.010091 
1055 1.010091 
1056 1.010091 
1057 1.010091 
1058 1.010091 
1059 1.010091 
1060 1.010091 
1061 1.010091 
1062 1.010091 
1063 1.010091 
1064 1.010091 
1065 1.010091 
1066 1.010091 
1067 1.010091 
1068 1.010091 
1069 1.010091 
1070 1.010091 
1071 1.010091 
1072 1.010091 
1073 1.010091 
1074 1.010091 
1075 1.010091 
1076 1.010091 
1077 1.010091 
1078 1.010091 
1079 1.010091 
1080 1.010091 
1081 1.010091 
1082 1.010091 
1083 1.010091 
1084 1.010091 
1085 1.010091 
1086 1.010091 
1087 1.010091 
1088 1.010091 
1089 1.010091 
1090 1.010091 
1091 1.010091 
1092 1.010091 
1093 1.010091 
1094 1.010091 
1095 1.010091 
1096 1.010091 
1097 1.010091 
1098 1.010091 
1099 1.010091 
1100 1.010091 
1101 1.010091 
1102 1.010091 
1103 1.010091 
1104 1.010091 
1105 1.010091 
1106 1.010091 
1107 1.010091 
1108 1.010091 
1109 1.010091 
1110 1.010091 
1111 1.010091 
1112 1.010091 
1113 1.010091 
1114 1.010091 
1115 1.010091 
1116 1.010091 
1117 1.010091 
1118 1.010091 
1119 1.010091 
1120 1.010091 
1121 1.010091 
1122 1.010091 
1123 1.010091 
1124 1.010091 
1125 1.010091 
1126 1.010091 
1127 1.010091 
1128 1.010091 
1129 1.010091 
1130 1.010091 
1131 1.010091 
1132 1.010091 
1133 1.010091 
1134 1.010091 
1135 1.010091 
1136 1.010091 
1137 1.010091 
1138 1.010091 
1139 1.010091 
1140 1.010091 
1141 1.010091 
1142 1.010091 
1143 1.010091 
1144 1.010091 
1145 1.010091 
1146 1.010091 
1147 1.010091 
1148 1.010091 
1149 1.010091 
1150 1.010091 
1151 1.010091 
1152 1.010091 
1153 1.010091 
1154 1.010091 
1155 1.010091 
1156 1.010091 
1157 1.010091 
1158 1.010091 
1159 1.010091 
1160 1.010091 
1161 1.010091 
1162 1.010091 
1163 1.010091 
1164 1.010091 
1165 1.010091 
1166 1.010091 
1167 1.010091 
1168 1.010091 
1169 1.010091 
1170 1.010091 
1171 1.010091 
1172 1.010091 
1173 1.010091 
1174 1.010091 
1175 1.010091 
1176 1.010091 
1177 1.010091 
1178 1.010091 
1179 1.010091 
1180 1.010091 
1181 1.010091 
1182 1.010091 
1183 1.010091 
1184 1.010091 
1185 1.010091 
1186 1.010091 
1187 1.010091 
1188 1.010091 
1189 1.010091 
1190 1.010091 
1191 1.010091 
1192 1.010091 
1193 1.010091 
1194 1.010091 
1195 1.010091 
1196 1.010091 
1197 1.010091 
1198 1.010091 
1199 1.010091 
1200 1.010091 
1201 1.010091 
1202 1.010091 
1203 1.010091 
1204 1.010091 
1205 1.010091 
1206 1.010091 
1207 1.010091 
1208 1.010091 
1209 1.010091 
1210 1.010091 
1211 1.010091 
1212 1.010091 
1213 1.010091 
1214 1.010091 
1215 1.010091 
1216 1.010091 
1217 1.010091 
1218 1.010091 
1219 1.010091 
1220 1.010091 
1221 1.010091 
1222 1.010091 
1223 1.010091 
1224 1.010091 
1225 1.010091 
1226 1.010091 
1227 1.010091 
1228 1.010091 
1229 1.010091 
1230 1.010091 
1231 1.010091 
1232 1.010091 
1233 1.010091 
1234 1.010091 
1235 1.010091 
1236 1.010091 
1237 1.010091 
1238 1.010091 
1239 1.010091 
1240 1.010091 
1241 1.010091 
1242 1.010091 
1243 1.010091 
1244 1.010091 
1245 1.010091 
1246 1.010091 
1247 1.010091 
1248 1.010091 
1249 1.010091 
1250 1.010091 
1251 1.010091 
1252 1.010091 
1253 1.010091 
1254 1.010091 
1255 1.010091 
1256 1.010091 
1257 1.010091 
1258 1.010091 
1259 1.010091 
1260 1.010091 
1261 1.010091 
1262 1.010091 
1263 1.010091 
1264 1.010091 
1265 1.010091 
1266 1.010091 
1267 1.010091 
1268 1.010091 
1269 1.010091 
1270 1.010091 
1271 1.010091 
1272 1.010091 
1273 1.010091 
1274 1.010091 
1275 1.010091 
1276 1.010091 
1277 1.010091 
1278 1.010091 
1279 1.010091 
1280 1.010091 
1281 1.010091 
1282 1.010091 
1283 1.010091 
1284 1.010091 
1285 1.010091 
1286 1.010091 
1287 1.010091 
1288 1.010091 
1289 1.010091 
1290 1.010091 
1291 1.010091 
1292 1.010091 
1293 1.010091 
1294 1.010091 
1295 1.010091 
1296 1.010091 
1297 1.010091 
1298 1.010091 
1299 1.010091 
1300 1.010091 
1301 1.010091 
1302 1.010091 
1303 1.010091 
1304 1.010091 
1305 1.010091 
1306 1.010091 
1307 1.010091 
1308 1.010091 
1309 1.010091 
1310 1.010091 
1311 1.010091 
1312 1.010091 
1313 1.010091 
1314 1.010091 
1315 1.010091 
1316 1.010091 
1317 1.010091 
1318 1.010091 
1319 1.010091 
1320 1.010091 
1321 1.010091 
1322 1.010091 
1323 1.010091 
1324 1.010091 
1325 1.010091 
1326 1.010091 
1327 1.010091 
1328 1.010091 
1329 1.010091 
1330 1.010091 
1331 1.010091 
1332 1.010091 
1333 1.010091 
1334 1.010091 
1335 1.010091 
1336 1.010091 
1337 1.010091 
1338 1.010091 
1339 1.010091 
1340 1.010091 
1341 1.010091 
1342 1.010091 
1343 1.010091 
1344 1.010091 
1345 1.010091 
1346 1.010091 
1347 1.010091 
1348 1.010091 
1349 1.010091 
1350 1.010091 
1351 1.010091 
1352 1.010091 
1353 1.010091 
1354 1.010091 
1355 1.010091 
1356 1.010091 
1357 1.010091 
1358 1.010091 
1359 1.010091 
1360 1.010091 
1361 1.010091 
1362 1.010091 
1363 1.010091 
1364 1.010091 
1365 1.010091 
1366 1.010091 
1367 1.010091 
1368 1.010091 
1369 1.010091 
1370 1.010091 
1371 1.010091 
1372 1.010091 
1373 1.010091 
1374 1.010091 
1375 1.010091 
1376 1.010091 
1377 1.010091 
1378 1.010091 
1379 1.010091 
1380 1.010091 
1381 1.010091 
1382 1.010091 
1383 1.010091 
1384 1.010091 
1385 1.010091 
1386 1.010091 
1387 1.010091 
1388 1.010091 
1389 1.010091 
1390 1.010091 
1391 1.010091 
1392 1.010091 
1393 1.010091 
1394 1.010091 
1395 1.010091 
1396 1.010091 
1397 1.010091 
1398 1.010091 
1399 1.010091 
1400 1.010091 
1401 1.010091 
1402 1.010091 
1403 1.010091 
1404 1.010091 
1405 1.010091 
1406 1.010091 
1407 1.010091 
1408 1.010091 
1409 1.010091 
1410 1.010091 
1411 1.010091 
1412 1.010091 
1413 1.010091 
1414 1.010091 
1415 1.010091 
1416 1.010091 
1417 1.010091 
1418 1.010091 
1419 1.010091 
1420 1.010091 
1421 1.010091 
1422 1.010091 
1423 1.010091 
1424 1.010091 
1425 1.010091 
1426 1.010091 
1427 1.010091 
1428 1.010091 
1429 1.010091 
1430 1.010091 
1431 1.010091 
1432 1.010091 
1433 1.010091 
1434 1.010091 
1435 1.010091 
1436 1.010091 
1437 1.010091 
1438 1.010091 
1439 1.010091 
1440 1.010091 
1441 1.010091 
1442 1.010091 
1443 1.010091 
1444 1.010091 
1445 1.010091 
1446 1.010091 
1447 1.010091 
1448 1.010091 
1449 1.010091 
1450 1.010091 
1451 1.010091 
1452 1.010091 
1453 1.010091 
1454 1.010091 
1455 1.010091 
1456 1.010091 
1457 1.010091 
1458 1.010091 
1459 1.010091 
1460 1.010091 
1461 1.010091 
1462 1.010091 
1463 1.010091 
1464 1.010091 
1465 1.010091 
1466 1.010091 
1467 1.010091 
1468 1.010091 
1469 1.010091 
1470 1.010091 
1471 1.010091 
1472 1.010091 
1473 1.010091 
1474 1.010091 
1475 1.010091 
1476 1.010091 
1477 1.010091 
1478 1.010091 
1479 1.010091 
1480 1.010091 
1481 1.010091 
1482 1.010091 
1483 1.010091 
1484 1.010091 
1485 1.010091 
1486 1.010091 
1487 1.010091 
1488 1.010091 
1489 1.010091 
1490 1.010091 
1491 1.010091 
1492 1.010091 
1493 1.010091 
1494 1.010091 
1495 1.010091 
1496 1.010091 
1497 1.010091 
1498 1.010091 
1499 1.010091 
1500 1.010091 
1501 1.010091 
1502 1.010091 
1503 1.010091 
1504 1.010091 
1505 1.010091 
1506 1.010091 
1507 1.010091 
1508 1.010091 
1509 1.010091 
1510 1.010091 
1511 1.010091 
1512 1.010091 
1513 1.010091 
1514 1.010091 
1515 1.010091 
1516 1.010091 
1517 1.010091 
1518 1.010091 
1519 1.010091 
1520 1.010091 
1521 1.010091 
1522 1.010091 
1523 1.010091 
1524 1.010091 
1525 1.010091 
1526 1.010091 
1527 1.010091 
1528 1.010091 
1529 1.010091 
1530 1.010091 
1531 1.010091 
1532 1.010091 
1533 1.010091 
1534 1.010091 
1535 1.010091 
1536 1.010091 
1537 1.010091 
1538 1.010091 
1539 1.010091 
1540 1.010091 
1541 1.010091 
1542 1.010091 
1543 1.010091 
1544 1.010091 
1545 1.010091 
1546 1.010091 
1547 1.010091 
1548 1.010091 
1549 1.010091 
1550 1.010091 
1551 1.010091 
1552 1.010091 
1553 1.010091 
1554 1.010091 
1555 1.010091 
1556 1.010091 
1557 1.010091 
1558 1.010091 
1559 1.010091 
1560 1.010091 
1561 1.010091 
1562 1.010091 
1563 1.010091 
1564 1.010091 
1565 1.010091 
1566 1.010091 
1567 1.010091 
1568 1.010091 
1569 1.010091 
1570 1.010091 
1571 1.010091 
1572 1.010091 
1573 1.010091 
1574 1.010091 
1575 1.010091 
1576 1.010091 
1577 1.010091 
1578 1.010091 
1579 1.010091 
1580 1.010091 
1581 1.010091 
1582 1.010091 
1583 1.010091 
1584 1.010091 
1585 1.010091 
1586 1.010091 
1587 1.010091 
1588 1.010091 
1589 1.010091 
1590 1.010091 
1591 1.010091 
1592 1.010091 
1593 1.010091 
1594 1.010091 
1595 1.010091 
1596 1.010091 
1597 1.010091 
1598 1.010091 
1599 1.010091 
1600 1.010091 
1601 1.010091 
1602 1.010091 
1603 1.010091 
1604 1.010091 
1605 1.010091 
1606 1.010091 
1607 1.010091 
1608 1.010091 
1609 1.010091 
1610 1.010091 
1611 1.010091 
1612 1.010091 
1613 1.010091 
1614 1.010091 
1615 1.010091 
1616 1.010091 
1617 1.010091 
1618 1.010091 
1619 1.010091 
1620 1.010091 
1621 1.010091 
1622 1.010091 
1623 1.010091 
1624 1.010091 
1625 1.010091 
1626 1.010091 
1627 1.010091 
1628 1.010091 
1629 1.010091 
1630 1.010091 
1631 1.010091 
1632 1.010091 
1633 1.010091 
1634 1.010091 
1635 1.010091 
1636 1.010091 
1637 1.010091 
1638 1.010091 
1639 1.010091 
1640 1.010091 
1641 1.010091 
1642 1.010091 
1643 1.010091 
1644 1.010091 
1645 1.010091 
1646 1.010091 
1647 1.010091 
1648 1.010091 
1649 1.010091 
1650 1.010091 
1651 1.010091 
1652 1.010091 
1653 1.010091 
1654 1.010091 
1655 1.010091 
1656 1.010091 
1657 1.010091 
1658 1.010091 
1659 1.010091 
1660 1.010091 
1661 1.010091 
1662 1.010091 
1663 1.010091 
1664 1.010091 
1665 1.010091 
1666 1.010091 
1667 1.010091 
1668 1.010091 
1669 1.010091 
1670 1.010091 
1671 1.010091 
1672 1.010091 
1673 1.010091 
1674 1.010091 
1675 1.010091 
1676 1.010091 
1677 1.010091 
1678 1.010091 
1679 1.010091 
1680 1.010091 
1681 1.010091 
1682 1.010091 
1683 1.010091 
1684 1.010091 
1685 1.010091 
1686 1.010091 
1687 1.010091 
1688 1.010091 
1689 1.010091 
1690 1.010091 
1691 1.010091 
1692 1.010091 
1693 1.010091 
1694 1.010091 
1695 1.010091 
1696 1.010091 
1697 1.010091 
1698 1.010091 
1699 1.010091 
1700 1.010091 
1701 1.010091 
1702 1.010091 
1703 1.010091 
1704 1.010091 
1705 1.010091 
1706 1.010091 
1707 1.010091 
1708 1.010091 
1709 1.010091 
1710 1.010091 
1711 1.010091 
1712 1.010091 
1713 1.010091 
1714 1.010091 
1715 1.010091 
1716 1.010091 
1717 1.010091 
1718 1.010091 
1719 1.010091 
1720 1.010091 
1721 1.010091 
1722 1.010091 
1723 1.010091 
1724 1.010091 
1725 1.010091 
1726 1.010091 
1727 1.010091 
1728 1.010091 
1729 1.010091 
1730 1.010091 
1731 1.010091 
1732 1.010091 
1733 1.010091 
1734 1.010091 
1735 1.010091 
1736 1.010091 
1737 1.010091 
1738 1.010091 
1739 1.010091 
1740 1.010091 
1741 1.010091 
1742 1.010091 
1743 1.010091 
1744 1.010091 
1745 1.010091 
1746 1.010091 
1747 1.010091 
1748 1.010091 
1749 1.010091 
1750 1.010091 
1751 1.010091 
1752 1.010091 
1753 1.010091 
1754 1.010091 
1755 1.010091 
1756 1.010091 
1757 1.010091 
1758 1.010091 
1759 1.010091 
1760 1.010091 
1761 1.010091 
1762 1.010091 
1763 1.010091 
1764 1.010091 
1765 1.010091 
1766 1.010091 
1767 1.010091 
1768 1.010091 
1769 1.010091 
1770 1.010091 
1771 1.010091 
1772 1.010091 
1773 1.010091 
1774 1.010091 
1775 1.010091 
1776 1.010091 
1777 1.010091 
1778 1.010091 
1779 1.010091 
1780 1.010091 
1781 1.010091 
1782 1.010091 
1783 1.010091 
1784 1.010091 
1785 1.010091 
1786 1.010091 
1787 1.010091 
1788 1.010091 
1789 1.010091 
1790 1.010091 
1791 1.010091 
1792 1.010091 
1793 1.010091 
1794 1.010091 
1795 1.010091 
1796 1.010091 
1797 1.010091 
1798 1.010091 
1799 1.010091 
1800 1.010091 
1801 1.010091 
1802 1.010091 
1803 1.010091 
1804 1.010091 
1805 1.010091 
1806 1.010091 
1807 1.010091 
1808 1.010091 
1809 1.010091 
1810 1.010091 
1811 1.010091 
1812 1.010091 
1813 1.010091 
1814 1.010091 
1815 1.010091 
1816 1.010091 
1817 1.010091 
1818 1.010091 
1819 1.010091 
1820 1.010091 
1821 1.010091 
1822 1.010091 
1823 1.010091 
1824 1.010091 
1825 1.010091 
1826 1.010091 
1827 1.010091 
1828 1.010091 
1829 1.010091 
1830 1.010091 
1831 1.010091 
1832 1.010091 
1833 1.010091 
1834 1.010091 
1835 1.010091 
1836 1.010091 
1837 1.010091 
1838 1.010091 
1839 1.010091 
1840 1.010091 
1841 1.010091 
1842 1.010091 
1843 1.010091 
1844 1.010091 
1845 1.010091 
1846 1.010091 
1847 1.010091 
1848 1.010091 
1849 1.010091 
1850 1.010091 
1851 1.010091 
1852 1.010091 
1853 1.010091 
1854 1.010091 
1855 1.010091 
1856 1.010091 
1857 1.010091 
1858 1.010091 
1859 1.010091 
1860 1.010091 
1861 1.010091 
1862 1.010091 
1863 1.010091 
1864 1.010091 
1865 1.010091 
1866 1.010091 
1867 1.010091 
1868 1.010091 
1869 1.010091 
1870 1.010091 
1871 1.010091 
1872 1.010091 
1873 1.010091 
1874 1.010091 
1875 1.010091 
1876 1.010091 
1877 1.010091 
1878 1.010091 
1879 1.010091 
1880 1.010091 
1881 1.010091 
1882 1.010091 
1883 1.010091 
1884 1.010091 
1885 1.010091 
1886 1.010091 
1887 1.010091 
1888 1.010091 
1889 1.010091 
1890 1.010091 
1891 1.010091 
1892 1.010091 
1893 1.010091 
1894 1.010091 
1895 1.010091 
1896 1.010091 
1897 1.010091 
1898 1.010091 
1899 1.010091 
1900 1.010091 
1901 1.010091 
1902 1.010091 
1903 1.010091 
1904 1.010091 
1905 1.010091 
1906 1.010091 
1907 1.010091 
1908 1.010091 
1909 1.010091 
1910 1.010091 
1911 1.010091 
1912 1.010091 
1913 1.010091 
1914 1.010091 
1915 1.010091 
1916 1.010091 
1917 1.010091 
1918 1.010091 
1919 1.010091 
1920 1.010091 
1921 1.010091 
1922 1.010091 
1923 1.010091 
1924 1.010091 
1925 1.010091 
1926 1.010091 
1927 1.010091 
1928 1.010091 
1929 1.010091 
1930 1.010091 
1931 1.010091 
1932 1.010091 
1933 1.010091 
1934 1.010091 
1935 1.010091 
1936 1.010091 
1937 1.010091 
1938 1.010091 
1939 1.010091 
1940 1.010091 
1941 1.010091 
1942 1.010091 
1943 1.010091 
1944 1.010091 
1945 1.010091 
1946 1.010091 
1947 1.010091 
1948 1.010091 
1949 1.010091 
1950 1.010091 
1951 1.010091 
1952 1.010091 
1953 1.010091 
1954 1.010091 
1955 1.010091 
1956 1.010091 
1957 1.010091 
1958 1.010091 
1959 1.010091 
1960 1.010091 
1961 1.010091 
1962 1.010091 
1963 1.010091 
1964 1.010091 
1965 1.010091 
1966 1.010091 
1967 1.010091 
1968 1.010091 
1969 1.010091 
1970 1.010091 
1971 1.010091 
1972 1.010091 
1973 1.010091 
1974 1.010091 
1975 1.010091 
1976 1.010091 
1977 1.010091 
1978 1.010091 
1979 1.010091 
1980 1.010091 
1981 1.010091 
1982 1.010091 
1983 1.010091 
1984 1.010091 
1985 1.010091 
1986 1.010091 
1987 1.010091 
1988 1.010091 
1989 1.010091 
1990 1.010091 
1991 1.010091 
1992 1.010091 
1993 1.010091 
1994 1.010091 
1995 1.010091 
1996 1.010091 
1997 1.010091 
1998 1.010091 
1999 1.010091 
