-4.849527 -0.446429 0.008248 
-4.853535 -0.444643 0.008247 
-4.857559 -0.442857 0.008247 
-4.861600 -0.441071 0.008246 
-4.865657 -0.439286 0.008246 
-4.869730 -0.437500 0.008245 
-4.873820 -0.435714 0.008244 
-4.877927 -0.433929 0.008244 
-4.882050 -0.432143 0.008243 
-4.886191 -0.430357 0.008242 
-4.890349 -0.428571 0.008242 
-4.894524 -0.426786 0.008241 
-4.898717 -0.425000 0.008240 
-4.902928 -0.423214 0.008240 
-4.907156 -0.421429 0.008239 
-4.911403 -0.419643 0.008238 
-4.915667 -0.417857 0.008238 
-4.919950 -0.416071 0.008237 
-4.924251 -0.414286 0.008236 
-4.928570 -0.412500 0.008236 
-4.932909 -0.410714 0.008235 
-4.937266 -0.408929 0.008234 
-4.941642 -0.407143 0.008233 
-4.946038 -0.405357 0.008233 
-4.950453 -0.403571 0.008232 
-4.954888 -0.401786 0.008231 
-4.959342 -0.400000 0.008230 
-4.963816 -0.398214 0.008230 
-4.968311 -0.396429 0.008229 
-4.972825 -0.394643 0.008228 
-4.977361 -0.392857 0.008227 
-4.981916 -0.391071 0.008227 
-4.986493 -0.389286 0.008226 
-4.991091 -0.387500 0.008225 
-4.995710 -0.385714 0.008224 
-5.000350 -0.383929 0.008223 
-5.005012 -0.382143 0.008223 
-5.009696 -0.380357 0.008222 
-5.014402 -0.378571 0.008221 
-5.019130 -0.376786 0.008220 
-5.023881 -0.375000 0.008219 
-5.028654 -0.373214 0.008218 
-5.033450 -0.371429 0.008217 
-5.038269 -0.369643 0.008217 
-5.043112 -0.367857 0.008216 
-5.047978 -0.366071 0.008215 
-5.052868 -0.364286 0.008214 
-5.057782 -0.362500 0.008213 
-5.062720 -0.360714 0.008212 
-5.067683 -0.358929 0.008211 
-5.072671 -0.357143 0.008210 
-5.077683 -0.355357 0.008209 
-5.082721 -0.353571 0.008208 
-5.087784 -0.351786 0.008207 
-5.092873 -0.350000 0.008206 
-5.097988 -0.348214 0.008205 
-5.103130 -0.346429 0.008204 
-5.108298 -0.344643 0.008203 
-5.113493 -0.342857 0.008202 
-5.118715 -0.341071 0.008201 
-5.123964 -0.339286 0.008200 
-5.129241 -0.337500 0.008199 
-5.134546 -0.335714 0.008198 
-5.139879 -0.333929 0.008197 
-5.145241 -0.332143 0.008196 
-5.150632 -0.330357 0.008195 
-5.156052 -0.328571 0.008194 
-5.161502 -0.326786 0.008193 
-5.166981 -0.325000 0.008192 
-5.172491 -0.323214 0.008190 
-5.178031 -0.321429 0.008189 
-5.183602 -0.319643 0.008188 
-5.189205 -0.317857 0.008187 
-5.194838 -0.316071 0.008186 
-5.200504 -0.314286 0.008185 
-5.206202 -0.312500 0.008183 
-5.211933 -0.310714 0.008182 
-5.217696 -0.308929 0.008181 
-5.223494 -0.307143 0.008180 
-5.229324 -0.305357 0.008178 
-5.235190 -0.303571 0.008177 
-5.241089 -0.301786 0.008176 
-5.247024 -0.300000 0.008174 
-5.252994 -0.298214 0.008173 
-5.259000 -0.296429 0.008172 
-5.265043 -0.294643 0.008170 
-5.271122 -0.292857 0.008169 
-5.277238 -0.291071 0.008168 
-5.283392 -0.289286 0.008166 
-5.289584 -0.287500 0.008165 
-5.295814 -0.285714 0.008163 
-5.302084 -0.283929 0.008162 
-5.308393 -0.282143 0.008160 
-5.314742 -0.280357 0.008159 
-5.321132 -0.278571 0.008157 
-5.327563 -0.276786 0.008156 
-5.334035 -0.275000 0.008154 
-5.340550 -0.273214 0.008153 
-5.347108 -0.271429 0.008151 
-5.353708 -0.269643 0.008149 
-5.360353 -0.267857 0.008148 
-5.367042 -0.266071 0.008146 
-5.373776 -0.264286 0.008144 
-5.380555 -0.262500 0.008143 
-5.387381 -0.260714 0.008141 
-5.394254 -0.258929 0.008139 
-5.401175 -0.257143 0.008137 
-5.408143 -0.255357 0.008136 
-5.415161 -0.253571 0.008134 
-5.422228 -0.251786 0.008132 
-5.429346 -0.250000 0.008130 
-5.436514 -0.248214 0.008128 
-5.443734 -0.246429 0.008126 
-5.451007 -0.244643 0.008124 
-5.458333 -0.242857 0.008122 
-5.465713 -0.241071 0.008120 
-5.473148 -0.239286 0.008118 
-5.480639 -0.237500 0.008116 
-5.488186 -0.235714 0.008114 
-5.495791 -0.233929 0.008112 
-5.503454 -0.232143 0.008110 
-5.511176 -0.230357 0.008108 
-5.518958 -0.228571 0.008105 
-5.526801 -0.226786 0.008103 
-5.534706 -0.225000 0.008101 
-5.542674 -0.223214 0.008098 
-5.550706 -0.221429 0.008096 
-5.558804 -0.219643 0.008094 
-5.566967 -0.217857 0.008091 
-5.575198 -0.216071 0.008089 
-5.583496 -0.214286 0.008086 
-5.591865 -0.212500 0.008084 
-5.600303 -0.210714 0.008081 
-5.608814 -0.208929 0.008078 
-5.617398 -0.207143 0.008076 
-5.626056 -0.205357 0.008073 
-5.634790 -0.203571 0.008070 
-5.643600 -0.201786 0.008067 
-5.652489 -0.200000 0.008065 
-5.661458 -0.198214 0.008062 
-5.670508 -0.196429 0.008059 
-5.679640 -0.194643 0.008056 
-5.688857 -0.192857 0.008052 
-5.698159 -0.191071 0.008049 
-5.707549 -0.189286 0.008046 
-5.717028 -0.187500 0.008043 
-5.726597 -0.185714 0.008040 
-5.736259 -0.183929 0.008036 
-5.746015 -0.182143 0.008033 
-5.755868 -0.180357 0.008029 
-5.765818 -0.178571 0.008026 
-5.775868 -0.176786 0.008022 
-5.786021 -0.175000 0.008018 
-5.796277 -0.173214 0.008015 
-5.806640 -0.171429 0.008011 
-5.817111 -0.169643 0.008007 
-5.827693 -0.167857 0.008003 
-5.838389 -0.166071 0.007999 
-5.849199 -0.164286 0.007994 
-5.860129 -0.162500 0.007990 
-5.871178 -0.160714 0.007986 
-5.882352 -0.158929 0.007981 
-5.893651 -0.157143 0.007977 
-5.905080 -0.155357 0.007972 
-5.916641 -0.153571 0.007967 
-5.928337 -0.151786 0.007963 
-5.940171 -0.150000 0.007958 
-5.952147 -0.148214 0.007952 
-5.964269 -0.146429 0.007947 
-5.976539 -0.144643 0.007942 
-5.988961 -0.142857 0.007937 
-6.001540 -0.141071 0.007931 
-6.014279 -0.139286 0.007925 
-6.027183 -0.137500 0.007919 
-6.040255 -0.135714 0.007913 
-6.053500 -0.133929 0.007907 
-6.066923 -0.132143 0.007901 
-6.080529 -0.130357 0.007894 
-6.094322 -0.128571 0.007888 
-6.108308 -0.126786 0.007881 
-6.122493 -0.125000 0.007874 
-6.136882 -0.123214 0.007867 
-6.151480 -0.121429 0.007859 
-6.166295 -0.119643 0.007852 
-6.181333 -0.117857 0.007844 
-6.196601 -0.116071 0.007836 
-6.212105 -0.114286 0.007828 
-6.227853 -0.112500 0.007819 
-6.243854 -0.110714 0.007811 
-6.260114 -0.108929 0.007802 
-6.276643 -0.107143 0.007792 
-6.293451 -0.105357 0.007783 
-6.310545 -0.103571 0.007773 
-6.327937 -0.101786 0.007762 
-6.345636 -0.100000 0.007752 
-6.363655 -0.098214 0.007741 
-6.382004 -0.096429 0.007730 
-6.400696 -0.094643 0.007718 
-6.419744 -0.092857 0.007706 
-6.439162 -0.091071 0.007693 
-6.458965 -0.089286 0.007680 
-6.479168 -0.087500 0.007667 
-6.499787 -0.085714 0.007653 
-6.520840 -0.083929 0.007639 
-6.542347 -0.082143 0.007623 
-6.564326 -0.080357 0.007608 
-6.586798 -0.078571 0.007591 
-6.609788 -0.076786 0.007574 
-6.633318 -0.075000 0.007557 
-6.657416 -0.073214 0.007538 
-6.682109 -0.071429 0.007519 
-6.707426 -0.069643 0.007499 
-6.733402 -0.067857 0.007477 
-6.760070 -0.066071 0.007455 
-6.787469 -0.064286 0.007432 
-6.815640 -0.062500 0.007407 
-6.844628 -0.060714 0.007382 
-6.874480 -0.058929 0.007355 
-6.905252 -0.057143 0.007326 
-6.937001 -0.055357 0.007296 
-6.969791 -0.053571 0.007264 
-7.003692 -0.051786 0.007230 
-7.038784 -0.050000 0.007194 
-7.075151 -0.048214 0.007156 
-7.112892 -0.046429 0.007115 
-7.152112 -0.044643 0.007072 
-7.192934 -0.042857 0.007026 
-7.235494 -0.041071 0.006976 
-7.279946 -0.039286 0.006923 
-7.326466 -0.037500 0.006865 
-7.375256 -0.035714 0.006803 
-7.426549 -0.033929 0.006735 
-7.480616 -0.032143 0.006662 
-7.537775 -0.030357 0.006581 
-7.598399 -0.028571 0.006494 
-7.662938 -0.026786 0.006397 
-7.731931 -0.025000 0.006289 
-7.806039 -0.023214 0.006170 
-7.886081 -0.021429 0.006036 
-7.973093 -0.019643 0.005886 
-8.068403 -0.017857 0.005714 
-8.173763 -0.016071 0.005518 
-8.291547 -0.014286 0.005291 
-8.425078 -0.012500 0.005025 
-8.579229 -0.010714 0.004710 
-8.761550 -0.008929 0.004329 
-8.984694 -0.007143 0.003861 
-9.272376 -0.005357 0.003272 
-9.677841 -0.003571 0.002506 
-10.370988 -0.001786 0.001473 
