0.264479 0.264448 0.264436 
0.194529 0.194515 0.194508 
0.143079 0.143073 0.143072 
0.105238 0.105239 0.105238 
0.077405 0.077408 0.077410 
0.056933 0.056938 0.056940 
0.041876 0.041882 0.041884 
0.030801 0.030806 0.030808 
0.022655 0.022660 0.022662 
0.016663 0.016668 0.016669 
0.012257 0.012260 0.012262 
0.009015 0.009018 0.009019 
0.006631 0.006634 0.006635 
0.004877 0.004879 0.004880 
0.003587 0.003589 0.003590 
0.002638 0.002640 0.002640 
0.001941 0.001942 0.001942 
0.001427 0.001428 0.001429 
0.001050 0.001051 0.001051 
0.000772 0.000773 0.000773 
0.000568 0.000568 0.000569 
0.000418 0.000418 0.000418 
0.000307 0.000307 0.000308 
0.000226 0.000226 0.000226 
0.000166 0.000166 0.000166 
0.000122 0.000122 0.000122 
0.000090 0.000090 0.000090 
0.000066 0.000066 0.000066 
0.000049 0.000049 0.000049 
0.000036 0.000036 0.000036 
0.000026 0.000026 0.000026 
0.000019 0.000019 0.000019 
0.000014 0.000014 0.000014 
0.000010 0.000010 0.000010 
0.000008 0.000008 0.000008 
0.000006 0.000006 0.000006 
0.000004 0.000004 0.000004 
0.000003 0.000003 0.000003 
0.000002 0.000002 0.000002 
0.000002 0.000002 0.000002 
0.000001 0.000001 0.000001 
0.000001 0.000001 0.000001 
0.000001 0.000001 0.000001 
0.000000 0.000000 0.000000 
0.000000 0.000000 0.000000 
0.000000 0.000000 0.000000 
0.000000 0.000000 0.000000 
0.000000 0.000000 0.000000 
0.000000 0.000000 0.000000 
0.000000 0.000000 0.000000 
0.000000 0.000000 0.000000 
0.000000 0.000000 0.000000 
0.000000 0.000000 0.000000 
0.000000 0.000000 0.000000 
0.000000 0.000000 0.000000 
0.000000 0.000000 0.000000 
0.000000 0.000000 0.000000 
