0 0.000000 
1 0.000000 
2 0.000000 
3 0.000000 
4 0.000000 
5 0.000000 
6 0.000000 
7 0.000000 
8 0.000000 
9 0.000000 
10 0.000000 
11 0.000000 
12 0.000000 
13 0.000000 
14 0.000000 
15 0.000000 
16 0.000000 
17 0.000000 
18 0.000000 
19 0.000000 
20 0.000000 
21 0.000000 
22 0.000000 
23 0.000000 
24 0.000000 
25 0.000000 
26 0.000000 
27 0.000000 
28 0.000000 
29 0.000000 
30 0.000000 
31 0.000000 
32 0.000000 
33 0.000000 
34 0.000000 
35 0.000000 
36 0.000000 
37 0.000000 
38 0.000000 
39 0.000000 
40 0.000000 
41 0.000000 
42 0.000000 
43 0.000000 
44 0.000000 
45 0.000000 
46 0.000000 
47 0.000000 
48 0.000000 
49 0.000000 
50 0.000000 
51 0.000000 
52 0.000000 
53 0.000000 
54 0.000000 
55 0.000000 
56 0.000000 
57 0.000000 
58 0.000000 
59 0.000000 
60 0.000000 
61 0.000000 
62 0.000000 
63 0.000000 
64 0.000000 
65 0.000000 
66 0.000000 
67 0.000000 
68 0.000000 
69 0.000000 
70 0.000000 
71 0.000000 
72 0.000000 
73 0.000000 
74 0.000000 
75 0.000000 
76 0.000000 
77 0.000000 
78 0.000000 
79 0.000000 
80 0.000000 
81 0.000000 
82 0.000000 
83 0.000000 
84 0.000000 
85 0.000000 
86 0.000000 
87 0.000000 
88 0.000000 
89 0.000000 
90 0.000000 
91 5.069335 
92 7.805736 
93 9.020437 
94 9.272088 
95 8.941010 
96 8.282346 
97 7.463985 
98 6.593511 
99 5.737262 
100 4.933749 
101 4.203023 
102 3.553177 
103 2.984815 
104 2.494076 
105 2.074659 
106 1.719143 
107 1.419833 
108 1.169267 
109 0.960506 
110 0.787283 
111 0.644050 
112 0.525974 
113 0.428892 
114 0.349256 
115 0.284063 
116 0.230789 
117 0.187324 
118 0.151913 
119 0.123099 
120 0.099679 
121 0.080664 
122 0.065238 
123 0.052734 
124 0.042607 
125 0.034410 
126 0.027779 
127 0.022417 
128 0.018085 
129 0.014586 
130 0.011760 
131 0.009480 
132 0.007640 
133 0.006156 
134 0.004959 
135 0.003994 
136 0.003217 
137 0.002590 
138 0.002085 
139 0.001679 
140 0.001351 
141 0.001088 
142 0.000875 
143 0.000704 
144 0.000567 
145 0.000456 
146 0.000367 
147 0.000295 
148 0.000237 
149 0.000191 
150 0.000153 
151 0.000123 
152 0.000099 
153 0.000080 
154 0.000064 
155 0.000052 
156 0.000041 
157 0.000033 
158 0.000027 
159 0.000022 
160 0.000017 
161 0.000014 
162 0.000011 
163 0.000009 
164 0.000007 
165 0.000006 
166 0.000005 
167 0.000004 
168 0.000003 
169 0.000002 
170 0.000002 
171 0.000002 
172 0.000001 
173 0.000001 
174 0.000001 
175 0.000001 
176 0.000001 
177 0.000000 
178 0.000000 
179 0.000000 
180 0.000000 
181 0.000000 
182 0.262437 
183 0.808174 
184 1.556111 
185 2.397959 
186 3.234639 
187 3.990858 
188 4.617978 
189 5.091215 
190 5.404608 
191 5.565637 
192 5.590377 
193 5.499578 
194 5.315711 
195 5.060905 
196 4.755611 
197 4.417848 
198 4.062866 
199 3.703099 
200 3.348314 
201 3.005872 
202 2.681040 
203 2.377326 
204 2.096798 
205 1.840384 
206 1.608130 
207 1.399434 
208 1.213225 
209 1.048125 
210 0.902566 
211 0.774889 
212 0.663417 
213 0.566502 
214 0.482568 
215 0.410135 
216 0.347831 
217 0.294401 
218 0.248710 
219 0.209738 
220 0.176577 
221 0.148425 
222 0.124576 
223 0.104412 
224 0.087395 
225 0.073059 
226 0.061001 
227 0.050875 
228 0.042385 
229 0.035275 
230 0.029329 
231 0.024362 
232 0.020218 
233 0.016765 
234 0.013891 
235 0.011500 
236 0.009514 
237 0.007865 
238 0.006498 
239 0.005365 
240 0.004426 
241 0.003650 
242 0.003008 
243 0.002477 
244 0.002039 
245 0.001678 
246 0.001380 
247 0.001134 
248 0.000932 
249 0.000765 
250 0.000628 
251 0.000516 
252 0.000423 
253 0.000347 
254 0.000284 
255 0.000233 
256 0.000191 
257 0.000156 
258 0.000128 
259 0.000105 
260 0.000086 
261 0.000070 
262 0.000057 
263 0.000047 
264 0.000038 
265 0.000031 
266 0.000026 
267 0.000021 
268 0.000017 
269 0.000014 
270 0.000011 
271 0.000009 
272 0.000008 
273 0.013596 
274 0.062775 
275 0.169183 
276 0.347514 
277 0.602465 
278 0.928683 
279 1.312626 
280 1.735333 
281 2.175306 
282 2.611052 
283 3.023022 
284 3.394904 
285 3.714309 
286 3.972952 
287 4.166466 
288 4.293958 
289 4.357425 
290 4.361113 
291 4.310887 
292 4.213643 
293 4.076807 
294 3.907911 
295 3.714271 
296 3.502742 
297 3.279556 
298 3.050221 
299 2.819479 
300 2.591299 
301 2.368908 
302 2.154843 
303 1.951010 
304 1.758762 
305 1.578973 
306 1.412109 
307 1.258302 
308 1.117413 
309 0.989094 
310 0.872835 
311 0.768011 
312 0.673921 
313 0.589816 
314 0.514928 
315 0.448488 
316 0.389744 
317 0.337969 
318 0.292473 
319 0.252607 
320 0.217769 
321 0.187400 
322 0.160991 
323 0.138077 
324 0.118239 
325 0.101098 
326 0.086318 
327 0.073596 
328 0.062665 
329 0.053290 
330 0.045261 
331 0.038396 
332 0.032536 
333 0.027539 
334 0.023285 
335 0.019668 
336 0.016596 
337 0.013991 
338 0.011784 
339 0.009916 
340 0.008337 
341 0.007004 
342 0.005879 
343 0.004931 
344 0.004132 
345 0.003461 
346 0.002896 
347 0.002422 
348 0.002025 
349 0.001691 
350 0.001411 
351 0.001177 
352 0.000982 
353 0.000818 
354 0.000681 
355 0.000567 
356 0.000472 
357 0.000392 
358 0.000326 
359 0.000271 
360 0.000225 
361 0.000187 
362 0.000155 
363 0.000128 
364 0.000810 
365 0.004423 
366 0.015094 
367 0.038620 
368 0.081735 
369 0.151093 
370 0.252259 
371 0.388884 
372 0.562184 
373 0.770760 
374 1.010726 
375 1.276084 
376 1.559255 
377 1.851689 
378 2.144481 
379 2.428927 
380 2.696997 
381 2.941697 
382 3.157309 
383 3.339524 
384 3.485473 
385 3.593677 
386 3.663932 
387 3.697158 
388 3.695210 
389 3.660689 
390 3.596744 
391 3.506894 
392 3.394860 
393 3.264422 
394 3.119296 
395 2.963041 
396 2.798984 
397 2.630163 
398 2.459298 
399 2.288774 
400 2.120633 
401 1.956585 
402 1.798021 
403 1.646036 
404 1.501454 
405 1.364858 
406 1.236615 
407 1.116909 
408 1.005769 
409 0.903093 
410 0.808675 
411 0.722225 
412 0.643392 
413 0.571777 
414 0.506954 
415 0.448477 
416 0.395895 
417 0.348756 
418 0.306620 
419 0.269059 
420 0.235663 
421 0.206046 
422 0.179841 
423 0.156709 
424 0.136334 
425 0.118425 
426 0.102715 
427 0.088960 
428 0.076939 
429 0.066453 
430 0.057321 
431 0.049381 
432 0.042489 
433 0.036515 
434 0.031344 
435 0.026876 
436 0.023020 
437 0.019696 
438 0.016835 
439 0.014375 
440 0.012263 
441 0.010451 
442 0.008899 
443 0.007571 
444 0.006435 
445 0.005465 
446 0.004638 
447 0.003932 
448 0.003332 
449 0.002821 
450 0.002386 
451 0.002018 
452 0.001704 
453 0.001439 
454 0.001214 
455 0.001060 
456 0.001143 
457 0.001915 
458 0.004274 
459 0.009682 
460 0.020205 
461 0.038450 
462 0.067391 
463 0.110133 
464 0.169626 
465 0.248368 
466 0.348155 
467 0.469883 
468 0.613422 
469 0.777586 
470 0.960172 
471 1.158075 
472 1.367457 
473 1.583949 
474 1.802870 
475 2.019447 
476 2.229029 
477 2.427261 
478 2.610239 
479 2.774625 
480 2.917720 
481 3.037507 
482 3.132660 
483 3.202521 
484 3.247056 
485 3.266798 
486 3.262767 
487 3.236392 
488 3.189431 
489 3.123879 
490 3.041898 
491 2.945738 
492 2.837678 
493 2.719963 
494 2.594761 
495 2.464125 
496 2.329965 
497 2.194023 
498 2.057866 
499 1.922873 
500 1.790240 
501 1.660977 
502 1.535923 
503 1.415748 
504 1.300971 
505 1.191970 
506 1.089001 
507 0.992206 
508 0.901633 
509 0.817246 
510 0.738942 
511 0.666561 
512 0.599896 
513 0.538707 
514 0.482728 
515 0.431673 
516 0.385247 
517 0.343150 
518 0.305081 
519 0.270744 
520 0.239849 
521 0.212117 
522 0.187282 
523 0.165090 
524 0.145301 
525 0.127691 
526 0.112050 
527 0.098185 
528 0.085917 
529 0.075080 
530 0.065524 
531 0.057112 
532 0.049718 
533 0.043229 
534 0.037543 
535 0.032567 
536 0.028220 
537 0.024426 
538 0.021120 
539 0.018243 
540 0.015742 
541 0.013571 
542 0.011687 
543 0.010056 
544 0.008645 
545 0.007425 
546 0.006374 
547 0.005481 
548 0.004768 
549 0.004321 
550 0.004334 
551 0.005165 
552 0.007381 
553 0.011801 
554 0.019510 
555 0.031847 
556 0.050360 
557 0.076735 
558 0.112698 
559 0.159902 
560 0.219809 
561 0.293581 
562 0.381978 
563 0.485287 
564 0.603272 
565 0.735160 
566 0.879653 
567 1.034966 
568 1.198898 
569 1.368911 
570 1.542227 
571 1.715929 
572 1.887069 
573 2.052758 
574 2.210264 
575 2.357082 
576 2.491002 
577 2.610156 
578 2.713044 
579 2.798559 
580 2.865981 
581 2.914972 
582 2.945550 
583 2.958065 
584 2.953157 
585 2.931720 
586 2.894855 
587 2.843830 
588 2.780035 
589 2.704941 
590 2.620063 
591 2.526925 
592 2.427030 
593 2.321835 
594 2.212728 
595 2.101010 
596 1.987887 
597 1.874455 
598 1.761700 
599 1.650490 
600 1.541581 
601 1.435614 
602 1.333123 
603 1.234541 
604 1.140205 
605 1.050365 
606 0.965189 
607 0.884777 
608 0.809166 
609 0.738337 
610 0.672225 
611 0.610725 
612 0.553702 
613 0.500992 
614 0.452415 
615 0.407771 
616 0.366855 
617 0.329451 
618 0.295345 
619 0.264320 
620 0.236163 
621 0.210667 
622 0.187628 
623 0.166854 
624 0.148160 
625 0.131370 
626 0.116319 
627 0.102850 
628 0.090819 
629 0.080090 
630 0.070539 
631 0.062049 
632 0.054515 
633 0.047839 
634 0.041932 
635 0.036713 
636 0.032108 
637 0.028050 
638 0.024481 
639 0.021348 
640 0.018612 
641 0.016254 
642 0.014285 
643 0.012762 
644 0.011812 
645 0.011649 
646 0.012600 
647 0.015119 
648 0.019802 
649 0.027386 
650 0.038738 
651 0.054833 
652 0.076721 
653 0.105480 
654 0.142162 
655 0.187740 
656 0.243048 
657 0.308728 
658 0.385180 
659 0.472531 
660 0.570605 
661 0.678914 
662 0.796659 
663 0.922745 
664 1.055813 
665 1.194271 
666 1.336347 
667 1.480139 
668 1.623669 
669 1.764938 
670 1.901984 
671 2.032928 
672 2.156021 
673 2.269683 
674 2.372533 
675 2.463413 
676 2.541403 
677 2.605825 
678 2.656251 
679 2.692489 
680 2.714576 
681 2.722759 
682 2.717477 
683 2.699336 
684 2.669085 
685 2.627591 
686 2.575814 
687 2.514779 
688 2.445556 
689 2.369237 
690 2.286914 
691 2.199662 
692 2.108524 
693 2.014498 
694 1.918525 
695 1.821484 
696 1.724181 
697 1.627349 
698 1.531641 
699 1.437637 
700 1.345838 
701 1.256670 
702 1.170488 
703 1.087580 
704 1.008170 
705 0.932423 
706 0.860452 
707 0.792320 
708 0.728049 
709 0.667623 
710 0.610992 
711 0.558079 
712 0.508785 
713 0.462990 
714 0.420561 
715 0.381351 
716 0.345206 
717 0.311967 
718 0.281470 
719 0.253552 
720 0.228049 
721 0.204801 
722 0.183652 
723 0.164450 
724 0.147048 
725 0.131307 
726 0.117093 
727 0.104281 
728 0.092752 
729 0.082393 
730 0.073102 
731 0.064782 
732 0.057346 
733 0.050715 
734 0.044826 
735 0.039632 
736 0.035109 
737 0.031267 
738 0.028158 
739 0.025886 
740 0.024621 
741 0.024604 
742 0.026161 
743 0.029703 
744 0.035724 
745 0.044802 
746 0.057577 
747 0.074743 
748 0.097019 
749 0.125121 
750 0.159739 
751 0.201494 
752 0.250917 
753 0.308411 
754 0.374229 
755 0.448449 
756 0.530962 
757 0.621462 
758 0.719441 
759 0.824199 
760 0.934853 
761 1.050357 
762 1.169527 
763 1.291066 
764 1.413594 
765 1.535689 
766 1.655909 
767 1.772834 
768 1.885093 
769 1.991390 
770 2.090538 
771 2.181468 
772 2.263258 
773 2.335137 
774 2.396498 
775 2.446898 
776 2.486063 
777 2.513878 
778 2.530385 
779 2.535769 
780 2.530348 
781 2.514559 
782 2.488940 
783 2.454118 
784 2.410789 
785 2.359706 
786 2.301656 
787 2.237455 
788 2.167926 
789 2.093889 
790 2.016152 
791 1.935496 
792 1.852670 
793 1.768386 
794 1.683308 
795 1.598051 
796 1.513178 
797 1.429197 
798 1.346562 
799 1.265670 
800 1.186867 
801 1.110445 
802 1.036645 
803 0.965663 
804 0.897651 
805 0.832717 
806 0.770934 
807 0.712341 
808 0.656947 
809 0.604733 
810 0.555657 
811 0.509658 
812 0.466655 
813 0.426556 
814 0.389258 
815 0.354645 
816 0.322598 
817 0.292993 
818 0.265702 
819 0.240596 
820 0.217547 
821 0.196426 
822 0.177111 
823 0.159478 
824 0.143410 
825 0.128796 
826 0.115530 
827 0.103515 
828 0.092663 
829 0.082900 
830 0.074170 
831 0.066438 
832 0.059696 
833 0.053971 
834 0.049326 
835 0.045874 
836 0.043777 
837 0.043253 
838 0.044575 
839 0.048075 
840 0.054139 
841 0.063198 
842 0.075722 
843 0.092208 
844 0.113161 
845 0.139078 
846 0.170434 
847 0.207654 
848 0.251101 
849 0.301053 
850 0.357689 
851 0.421073 
852 0.491144 
853 0.567710 
854 0.650443 
855 0.738881 
856 0.832433 
857 0.930386 
858 1.031922 
859 1.136129 
860 1.242022 
861 1.348560 
862 1.454670 
863 1.559267 
864 1.661274 
865 1.759645 
866 1.853383 
867 1.941556 
868 2.023316 
869 2.097906 
870 2.164676 
871 2.223086 
872 2.272715 
873 2.313259 
874 2.344531 
875 2.366461 
876 2.379091 
877 2.382565 
878 2.377123 
879 2.363094 
880 2.340882 
881 2.310959 
882 2.273851 
883 2.230127 
884 2.180392 
885 2.125272 
886 2.065408 
887 2.001442 
888 1.934013 
889 1.863747 
890 1.791251 
891 1.717107 
892 1.641869 
893 1.566056 
894 1.490149 
895 1.414594 
896 1.339792 
897 1.266109 
898 1.193865 
899 1.123342 
900 1.054782 
901 0.988389 
902 0.924333 
903 0.862746 
904 0.803730 
905 0.747358 
906 0.693675 
907 0.642701 
908 0.594436 
909 0.548857 
910 0.505927 
911 0.465593 
912 0.427788 
913 0.392437 
914 0.359455 
915 0.328750 
916 0.300225 
917 0.273780 
918 0.249312 
919 0.226720 
920 0.205902 
921 0.186760 
922 0.169200 
923 0.153137 
924 0.138495 
925 0.125212 
926 0.113242 
927 0.102561 
928 0.093169 
929 0.085095 
930 0.078400 
931 0.073183 
932 0.069580 
933 0.067767 
934 0.067962 
935 0.070421 
936 0.075433 
937 0.083322 
938 0.094431 
939 0.109120 
940 0.127753 
941 0.150687 
942 0.178259 
943 0.210774 
944 0.248494 
945 0.291622 
946 0.340293 
947 0.394564 
948 0.454408 
949 0.519704 
950 0.590236 
951 0.665693 
952 0.745670 
953 0.829669 
954 0.917112 
955 1.007341 
956 1.099637 
957 1.193228 
958 1.287302 
959 1.381023 
960 1.473542 
961 1.564018 
962 1.651624 
963 1.735567 
964 1.815098 
965 1.889522 
966 1.958210 
967 2.020607 
968 2.076234 
969 2.124700 
970 2.165699 
971 2.199013 
972 2.224512 
973 2.242151 
974 2.251970 
975 2.254085 
976 2.248683 
977 2.236020 
978 2.216410 
979 2.190217 
980 2.157853 
981 2.119762 
982 2.076420 
983 2.028320 
984 1.975973 
985 1.919894 
986 1.860598 
987 1.798596 
988 1.734387 
989 1.668454 
990 1.601263 
991 1.533253 
992 1.464841 
993 1.396413 
994 1.328327 
995 1.260910 
996 1.194458 
997 1.129234 
998 1.065472 
999 1.003374 
1000 0.943113 
1001 0.884834 
1002 0.828654 
1003 0.774665 
1004 0.722935 
1005 0.673511 
1006 0.626418 
1007 0.581665 
1008 0.539242 
1009 0.499128 
1010 0.461285 
1011 0.425667 
1012 0.392218 
1013 0.360875 
1014 0.331568 
1015 0.304226 
1016 0.278774 
1017 0.255139 
1018 0.233249 
1019 0.213039 
1020 0.194452 
1021 0.177442 
1022 0.161975 
1023 0.148037 
1024 0.135631 
1025 0.124785 
1026 0.115551 
1027 0.108010 
1028 0.102270 
1029 0.098469 
1030 0.096772 
1031 0.097375 
1032 0.100495 
1033 0.106371 
1034 0.115257 
1035 0.127418 
1036 0.143119 
1037 0.162622 
1038 0.186174 
1039 0.214000 
1040 0.246293 
1041 0.283208 
1042 0.324851 
1043 0.371274 
1044 0.422468 
1045 0.478358 
1046 0.538801 
1047 0.603584 
1048 0.672423 
1049 0.744964 
1050 0.820788 
1051 0.899416 
1052 0.980311 
1053 1.062894 
1054 1.146541 
1055 1.230603 
1056 1.314409 
1057 1.397280 
1058 1.478537 
1059 1.557511 
1060 1.633556 
1061 1.706055 
1062 1.774429 
1063 1.838145 
1064 1.896723 
1065 1.949741 
1066 1.996838 
1067 2.037719 
1068 2.072155 
1069 2.099986 
1070 2.121117 
1071 2.135521 
1072 2.143233 
1073 2.144348 
1074 2.139017 
1075 2.127444 
1076 2.109878 
1077 2.086611 
1078 2.057968 
1079 2.024308 
1080 1.986010 
1081 1.943475 
1082 1.897116 
1083 1.847353 
1084 1.794611 
1085 1.739310 
1086 1.681868 
1087 1.622691 
1088 1.562173 
1089 1.500692 
1090 1.438605 
1091 1.376253 
1092 1.313951 
1093 1.251993 
1094 1.190648 
1095 1.130160 
1096 1.070749 
1097 1.012610 
1098 0.955913 
1099 0.900806 
1100 0.847412 
1101 0.795836 
1102 0.746159 
1103 0.698443 
1104 0.652734 
1105 0.609059 
1106 0.567433 
1107 0.527855 
1108 0.490313 
1109 0.454785 
1110 0.421242 
1111 0.389647 
1112 0.359959 
1113 0.332136 
1114 0.306136 
1115 0.281917 
1116 0.259446 
1117 0.238694 
1118 0.219644 
1119 0.202291 
1120 0.186643 
1121 0.172729 
1122 0.160591 
1123 0.150297 
1124 0.141930 
1125 0.135599 
1126 0.131429 
1127 0.129569 
1128 0.130182 
1129 0.133447 
1130 0.139553 
1131 0.148696 
1132 0.161074 
1133 0.176882 
1134 0.196303 
1135 0.219508 
1136 0.246641 
1137 0.277823 
1138 0.313139 
1139 0.352634 
1140 0.396310 
1141 0.444122 
1142 0.495974 
1143 0.551716 
1144 0.611147 
1145 0.674011 
1146 0.739999 
1147 0.808755 
1148 0.879876 
1149 0.952918 
1150 1.027400 
1151 1.102812 
1152 1.178621 
1153 1.254278 
1154 1.329224 
1155 1.402903 
1156 1.474760 
1157 1.544259 
1158 1.610880 
1159 1.674135 
1160 1.733566 
1161 1.788754 
1162 1.839324 
1163 1.884946 
1164 1.925341 
1165 1.960282 
1166 1.989591 
1167 2.013149 
1168 2.030884 
1169 2.042779 
1170 2.048867 
1171 2.049226 
1172 2.043981 
1173 2.033296 
1174 2.017376 
1175 1.996455 
1176 1.970801 
1177 1.940703 
1178 1.906474 
1179 1.868442 
1180 1.826947 
1181 1.782339 
1182 1.734970 
1183 1.685195 
1184 1.633364 
1185 1.579824 
1186 1.524910 
1187 1.468949 
1188 1.412253 
1189 1.355120 
1190 1.297829 
1191 1.240644 
1192 1.183809 
1193 1.127547 
1194 1.072065 
1195 1.017546 
1196 0.964155 
1197 0.912038 
1198 0.861321 
1199 0.812111 
1200 0.764500 
1201 0.718560 
1202 0.674349 
1203 0.631912 
1204 0.591280 
1205 0.552471 
1206 0.515496 
1207 0.480356 
1208 0.447045 
1209 0.415555 
1210 0.385874 
1211 0.357990 
1212 0.331892 
1213 0.307574 
1214 0.285036 
1215 0.264285 
1216 0.245338 
1217 0.228225 
1218 0.212987 
1219 0.199681 
1220 0.188376 
1221 0.179158 
1222 0.172125 
1223 0.167393 
1224 0.165085 
1225 0.165338 
1226 0.168294 
1227 0.174103 
1228 0.182914 
1229 0.194873 
1230 0.210121 
1231 0.228786 
1232 0.250981 
1233 0.276800 
1234 0.306311 
1235 0.339553 
1236 0.376536 
1237 0.417230 
1238 0.461572 
1239 0.509456 
1240 0.560734 
1241 0.615219 
1242 0.672682 
1243 0.732853 
1244 0.795425 
1245 0.860055 
1246 0.926367 
1247 0.993959 
1248 1.062404 
1249 1.131256 
1250 1.200057 
1251 1.268342 
1252 1.335640 
1253 1.401489 
1254 1.465432 
1255 1.527029 
1256 1.585859 
1257 1.641524 
1258 1.693657 
1259 1.741921 
1260 1.786018 
1261 1.825685 
1262 1.860700 
1263 1.890883 
1264 1.916097 
1265 1.936247 
1266 1.951280 
1267 1.961186 
1268 1.965992 
1269 1.965767 
1270 1.960613 
1271 1.950666 
1272 1.936095 
1273 1.917095 
1274 1.893885 
1275 1.866706 
1276 1.835817 
1277 1.801492 
1278 1.764016 
1279 1.723681 
1280 1.680786 
1281 1.635631 
1282 1.588515 
1283 1.539734 
1284 1.489580 
1285 1.438334 
1286 1.386272 
1287 1.333654 
1288 1.280730 
1289 1.227737 
1290 1.174895 
1291 1.122409 
1292 1.070470 
1293 1.019250 
1294 0.968909 
1295 0.919585 
1296 0.871405 
1297 0.824480 
1298 0.778903 
1299 0.734758 
1300 0.692113 
1301 0.651023 
1302 0.611537 
1303 0.573691 
1304 0.537515 
1305 0.503031 
1306 0.470260 
1307 0.439216 
1308 0.409916 
1309 0.382376 
1310 0.356614 
1311 0.332653 
1312 0.310521 
1313 0.290253 
1314 0.271895 
1315 0.255497 
1316 0.241122 
1317 0.228843 
1318 0.218741 
1319 0.210907 
1320 0.205442 
1321 0.202451 
1322 0.202046 
1323 0.204342 
1324 0.209454 
1325 0.217497 
1326 0.228578 
1327 0.242797 
1328 0.260245 
1329 0.280994 
1330 0.305100 
1331 0.332599 
1332 0.363500 
1333 0.397788 
1334 0.435418 
1335 0.476315 
1336 0.520370 
1337 0.567444 
1338 0.617363 
1339 0.669922 
1340 0.724883 
1341 0.781979 
1342 0.840914 
1343 0.901366 
1344 0.962994 
1345 1.025432 
1346 1.088305 
1347 1.151223 
1348 1.213790 
1349 1.275607 
1350 1.336278 
1351 1.395411 
1352 1.452627 
1353 1.507559 
1354 1.559860 
1355 1.609202 
1356 1.655285 
1357 1.697835 
1358 1.736608 
1359 1.771392 
1360 1.802007 
1361 1.828310 
1362 1.850189 
1363 1.867569 
1364 1.880411 
1365 1.888707 
1366 1.892483 
1367 1.891796 
1368 1.886733 
1369 1.877409 
1370 1.863963 
1371 1.846560 
1372 1.825382 
1373 1.800632 
1374 1.772528 
1375 1.741301 
1376 1.707191 
1377 1.670447 
1378 1.631325 
1379 1.590080 
1380 1.546971 
1381 1.502253 
1382 1.456180 
1383 1.408999 
1384 1.360951 
1385 1.312268 
1386 1.263174 
1387 1.213879 
1388 1.164585 
1389 1.115481 
1390 1.066741 
1391 1.018530 
1392 0.970995 
1393 0.924275 
1394 0.878492 
1395 0.833759 
1396 0.790173 
1397 0.747825 
1398 0.706791 
1399 0.667140 
1400 0.628933 
1401 0.592222 
1402 0.557056 
1403 0.523478 
1404 0.491527 
1405 0.461242 
1406 0.432662 
1407 0.405826 
1408 0.380776 
1409 0.357557 
1410 0.336218 
1411 0.316814 
1412 0.299406 
1413 0.284059 
1414 0.270847 
1415 0.259848 
1416 0.251145 
1417 0.244825 
1418 0.240981 
1419 0.239704 
1420 0.241087 
1421 0.245221 
1422 0.252193 
1423 0.262083 
1424 0.274963 
1425 0.290893 
1426 0.309920 
1427 0.332074 
1428 0.357368 
1429 0.385792 
1430 0.417318 
1431 0.451889 
1432 0.489427 
1433 0.529825 
1434 0.572952 
1435 0.618648 
1436 0.666728 
1437 0.716982 
1438 0.769175 
1439 0.823048 
1440 0.878325 
1441 0.934708 
1442 0.991884 
1443 1.049530 
1444 1.107310 
1445 1.164883 
1446 1.221906 
1447 1.278035 
1448 1.332931 
1449 1.386261 
1450 1.437705 
1451 1.486954 
1452 1.533718 
1453 1.577725 
1454 1.618724 
1455 1.656488 
1456 1.690816 
1457 1.721533 
1458 1.748493 
1459 1.771578 
1460 1.790697 
1461 1.805789 
1462 1.816824 
1463 1.823796 
1464 1.826730 
1465 1.825672 
1466 1.820699 
1467 1.811906 
1468 1.799411 
1469 1.783354 
1470 1.763889 
1471 1.741188 
1472 1.715436 
1473 1.686830 
1474 1.655576 
1475 1.621887 
1476 1.585981 
1477 1.548082 
1478 1.508412 
1479 1.467195 
1480 1.424653 
1481 1.381004 
1482 1.336461 
1483 1.291231 
1484 1.245513 
1485 1.199501 
1486 1.153376 
1487 1.107313 
1488 1.061474 
1489 1.016013 
1490 0.971072 
1491 0.926784 
1492 0.883271 
1493 0.840646 
1494 0.799010 
1495 0.758459 
1496 0.719079 
1497 0.680947 
1498 0.644138 
1499 0.608718 
1500 0.574751 
1501 0.542295 
1502 0.511409 
1503 0.482148 
1504 0.454570 
1505 0.428731 
1506 0.404690 
1507 0.382506 
1508 0.362244 
1509 0.343970 
1510 0.327752 
1511 0.313664 
1512 0.301779 
1513 0.292177 
1514 0.284934 
1515 0.280131 
1516 0.277845 
1517 0.278153 
1518 0.281128 
1519 0.286836 
1520 0.295337 
1521 0.306684 
1522 0.320916 
1523 0.338062 
1524 0.358134 
1525 0.381131 
1526 0.407033 
1527 0.435800 
1528 0.467373 
1529 0.501672 
1530 0.538595 
1531 0.578019 
1532 0.619799 
1533 0.663766 
1534 0.709734 
1535 0.757493 
1536 0.806819 
1537 0.857466 
1538 0.909176 
1539 0.961677 
1540 1.014685 
1541 1.067911 
1542 1.121056 
1543 1.173820 
1544 1.225904 
1545 1.277009 
1546 1.326842 
1547 1.375120 
1548 1.421568 
1549 1.465924 
1550 1.507942 
1551 1.547392 
1552 1.584065 
1553 1.617769 
1554 1.648337 
1555 1.675623 
1556 1.699504 
1557 1.719883 
1558 1.736686 
1559 1.749862 
1560 1.759385 
1561 1.765254 
1562 1.767488 
1563 1.766130 
1564 1.761243 
1565 1.752909 
1566 1.741229 
1567 1.726321 
1568 1.708317 
1569 1.687365 
1570 1.663623 
1571 1.637260 
1572 1.608453 
1573 1.577388 
1574 1.544253 
1575 1.509243 
1576 1.472553 
1577 1.434379 
1578 1.394917 
1579 1.354360 
1580 1.312899 
1581 1.270720 
1582 1.228002 
1583 1.184922 
1584 1.141646 
1585 1.098335 
1586 1.055142 
1587 1.012212 
1588 0.969682 
1589 0.927681 
1590 0.886330 
1591 0.845742 
1592 0.806023 
1593 0.767272 
1594 0.729583 
1595 0.693043 
1596 0.657735 
1597 0.623736 
1598 0.591124 
1599 0.559969 
1600 0.530343 
1601 0.502314 
1602 0.475953 
1603 0.451328 
1604 0.428508 
1605 0.407563 
1606 0.388564 
1607 0.371582 
1608 0.356689 
1609 0.343960 
1610 0.333465 
1611 0.325277 
1612 0.319466 
1613 0.316101 
1614 0.315245 
1615 0.316958 
1616 0.321293 
1617 0.328297 
1618 0.338006 
1619 0.350448 
1620 0.365638 
1621 0.383579 
1622 0.404259 
1623 0.427651 
1624 0.453712 
1625 0.482381 
1626 0.513580 
1627 0.547213 
1628 0.583164 
1629 0.621302 
1630 0.661474 
1631 0.703513 
1632 0.747232 
1633 0.792431 
1634 0.838894 
1635 0.886393 
1636 0.934689 
1637 0.983533 
1638 1.032669 
1639 1.081835 
1640 1.130767 
1641 1.179199 
1642 1.226869 
1643 1.273516 
1644 1.318885 
1645 1.362731 
1646 1.404818 
1647 1.444921 
1648 1.482830 
1649 1.518349 
1650 1.551300 
1651 1.581522 
1652 1.608873 
1653 1.633228 
1654 1.654486 
1655 1.672564 
1656 1.687399 
1657 1.698950 
1658 1.707196 
1659 1.712134 
1660 1.713783 
1661 1.712178 
1662 1.707374 
1663 1.699442 
1664 1.688467 
1665 1.674550 
1666 1.657807 
1667 1.638363 
1668 1.616355 
1669 1.591929 
1670 1.565241 
1671 1.536450 
1672 1.505723 
1673 1.473230 
1674 1.439143 
1675 1.403635 
1676 1.366882 
1677 1.329055 
1678 1.290326 
1679 1.250863 
1680 1.210831 
1681 1.170389 
1682 1.129693 
1683 1.088894 
1684 1.048134 
1685 1.007552 
1686 0.967281 
1687 0.927446 
1688 0.888167 
1689 0.849558 
1690 0.811728 
1691 0.774781 
1692 0.738814 
1693 0.703922 
1694 0.670195 
1695 0.637720 
1696 0.606581 
1697 0.576860 
1698 0.548637 
1699 0.521989 
1700 0.496993 
1701 0.473727 
1702 0.452264 
1703 0.432679 
1704 0.415045 
1705 0.399436 
1706 0.385922 
1707 0.374572 
1708 0.365455 
1709 0.358634 
1710 0.354170 
1711 0.352119 
1712 0.352531 
1713 0.355450 
1714 0.360913 
1715 0.368948 
1716 0.379572 
1717 0.392794 
1718 0.408610 
1719 0.427001 
1720 0.447939 
1721 0.471377 
1722 0.497258 
1723 0.525506 
1724 0.556031 
1725 0.588727 
1726 0.623472 
1727 0.660129 
1728 0.698546 
1729 0.738558 
1730 0.779985 
1731 0.822634 
1732 0.866304 
1733 0.910782 
1734 0.955846 
1735 1.001270 
1736 1.046821 
1737 1.092265 
1738 1.137365 
1739 1.181886 
1740 1.225595 
1741 1.268264 
1742 1.309671 
1743 1.349602 
1744 1.387851 
1745 1.424227 
1746 1.458547 
1747 1.490643 
1748 1.520363 
1749 1.547568 
1750 1.572138 
1751 1.593967 
1752 1.612967 
1753 1.629068 
1754 1.642217 
1755 1.652379 
1756 1.659534 
1757 1.663681 
1758 1.664836 
1759 1.663029 
1760 1.658306 
1761 1.650728 
1762 1.640369 
1763 1.627317 
1764 1.611670 
1765 1.593538 
1766 1.573039 
1767 1.550303 
1768 1.525463 
1769 1.498661 
1770 1.470044 
1771 1.439762 
1772 1.407968 
1773 1.374816 
1774 1.340464 
1775 1.305067 
1776 1.268781 
1777 1.231758 
1778 1.194149 
1779 1.156104 
1780 1.117766 
1781 1.079277 
1782 1.040774 
1783 1.002388 
1784 0.964249 
1785 0.926478 
1786 0.889197 
1787 0.852517 
1788 0.816551 
1789 0.781404 
1790 0.747178 
1791 0.713972 
1792 0.681882 
1793 0.650999 
1794 0.621415 
1795 0.593216 
1796 0.566487 
1797 0.541312 
1798 0.517772 
1799 0.495945 
1800 0.475910 
1801 0.457741 
1802 0.441511 
1803 0.427291 
1804 0.415148 
1805 0.405147 
1806 0.397348 
1807 0.391806 
1808 0.388572 
1809 0.387690 
1810 0.389198 
1811 0.393127 
1812 0.399499 
1813 0.408326 
1814 0.419611 
1815 0.433347 
1816 0.449514 
1817 0.468081 
1818 0.489004 
1819 0.512226 
1820 0.537678 
1821 0.565274 
1822 0.594918 
1823 0.626499 
1824 0.659892 
1825 0.694960 
1826 0.731553 
1827 0.769511 
1828 0.808661 
1829 0.848822 
1830 0.889804 
1831 0.931409 
1832 0.973433 
1833 1.015670 
1834 1.057909 
1835 1.099938 
1836 1.141545 
1837 1.182521 
1838 1.222660 
1839 1.261761 
1840 1.299629 
1841 1.336076 
1842 1.370925 
1843 1.404008 
1844 1.435168 
1845 1.464260 
1846 1.491151 
1847 1.515724 
1848 1.537872 
1849 1.557506 
1850 1.574549 
1851 1.588941 
1852 1.600634 
1853 1.609599 
1854 1.615817 
1855 1.619288 
1856 1.620023 
1857 1.618049 
1858 1.613405 
1859 1.606143 
1860 1.596327 
1861 1.584034 
1862 1.569348 
1863 1.552367 
1864 1.533194 
1865 1.511941 
1866 1.488729 
1867 1.463681 
1868 1.436928 
1869 1.408605 
1870 1.378848 
1871 1.347797 
1872 1.315593 
1873 1.282379 
1874 1.248295 
1875 1.213483 
1876 1.178083 
1877 1.142232 
1878 1.106068 
1879 1.069724 
1880 1.033329 
1881 0.997013 
1882 0.960898 
1883 0.925106 
1884 0.889754 
1885 0.854957 
1886 0.820826 
1887 0.787468 
1888 0.754987 
1889 0.723485 
1890 0.693060 
1891 0.663808 
1892 0.635822 
1893 0.609191 
1894 0.584005 
1895 0.560347 
1896 0.538300 
1897 0.517944 
1898 0.499355 
1899 0.482608 
1900 0.467771 
1901 0.454912 
1902 0.444093 
1903 0.435372 
1904 0.428802 
1905 0.424429 
1906 0.422294 
1907 0.422432 
1908 0.424870 
1909 0.429625 
1910 0.436708 
1911 0.446119 
1912 0.457850 
1913 0.471881 
1914 0.488182 
1915 0.506710 
1916 0.527413 
1917 0.550225 
1918 0.575069 
1919 0.601856 
1920 0.630485 
1921 0.660843 
1922 0.692805 
1923 0.726236 
1924 0.760991 
1925 0.796914 
1926 0.833842 
1927 0.871604 
1928 0.910021 
1929 0.948910 
1930 0.988085 
1931 1.027355 
1932 1.066529 
1933 1.105417 
1934 1.143829 
1935 1.181578 
1936 1.218481 
1937 1.254361 
1938 1.289048 
1939 1.322377 
1940 1.354193 
1941 1.384350 
1942 1.412711 
1943 1.439150 
1944 1.463552 
1945 1.485814 
1946 1.505843 
1947 1.523561 
1948 1.538900 
1949 1.551805 
1950 1.562236 
1951 1.570163 
1952 1.575573 
1953 1.578460 
1954 1.578836 
1955 1.576723 
1956 1.572154 
1957 1.565175 
1958 1.555841 
1959 1.544218 
1960 1.530383 
1961 1.514419 
1962 1.496419 
1963 1.476482 
1964 1.454714 
1965 1.431227 
1966 1.406137 
1967 1.379565 
1968 1.351635 
1969 1.322473 
1970 1.292209 
1971 1.260972 
1972 1.228893 
1973 1.196103 
1974 1.162732 
1975 1.128910 
1976 1.094766 
1977 1.060427 
1978 1.026017 
1979 0.991661 
1980 0.957478 
1981 0.923586 
1982 0.890103 
1983 0.857141 
1984 0.824810 
1985 0.793218 
1986 0.762470 
1987 0.732669 
1988 0.703913 
1989 0.676300 
1990 0.649923 
1991 0.624872 
1992 0.601237 
1993 0.579102 
1994 0.558547 
1995 0.539652 
1996 0.522490 
1997 0.507132 
1998 0.493644 
1999 0.482087 
