0 0.000000 
1 0.000000 
2 0.000000 
3 0.000000 
4 0.000000 
5 0.000000 
6 0.000000 
7 0.000000 
8 0.000000 
9 0.000000 
10 0.000000 
11 0.000000 
12 0.000000 
13 0.000000 
14 0.000000 
15 0.000000 
16 0.000000 
17 0.000000 
18 0.000000 
19 0.000000 
20 0.000000 
21 0.000000 
22 0.000000 
23 0.000000 
24 0.000000 
25 0.000000 
26 0.000000 
27 0.000000 
28 0.000000 
29 0.000000 
30 0.000000 
31 0.000000 
32 0.000000 
33 0.000000 
34 0.000000 
35 0.000000 
36 0.000000 
37 0.000000 
38 0.000000 
39 0.000000 
40 0.000000 
41 0.000000 
42 0.000000 
43 0.000000 
44 0.000000 
45 0.000000 
46 0.000000 
47 0.000000 
48 0.000000 
49 0.000000 
50 0.000000 
51 0.000000 
52 0.000000 
53 0.000000 
54 0.000000 
55 0.000000 
56 0.000000 
57 0.000000 
58 0.000000 
59 0.000000 
60 0.000000 
61 0.000000 
62 0.000000 
63 0.000000 
64 0.000000 
65 0.000000 
66 0.000000 
67 0.000000 
68 0.000000 
69 0.000000 
70 0.000000 
71 0.000000 
72 0.000000 
73 0.000000 
74 0.000000 
75 0.000000 
76 0.000000 
77 0.000000 
78 0.000000 
79 0.000000 
80 0.000000 
81 0.000000 
82 0.000000 
83 0.000000 
84 0.000000 
85 0.000000 
86 0.000000 
87 0.000000 
88 0.000000 
89 0.000000 
90 0.000000 
91 0.017798 
92 0.035595 
93 0.053392 
94 0.071188 
95 0.088984 
96 0.106779 
97 0.124573 
98 0.142367 
99 0.160160 
100 0.177952 
101 0.195744 
102 0.213535 
103 0.231326 
104 0.249116 
105 0.266905 
106 0.284694 
107 0.302482 
108 0.320269 
109 0.338056 
110 0.355843 
111 0.373628 
112 0.391413 
113 0.409198 
114 0.426981 
115 0.444765 
116 0.462547 
117 0.480329 
118 0.498110 
119 0.515891 
120 0.533671 
121 0.551450 
122 0.569229 
123 0.587007 
124 0.604785 
125 0.622562 
126 0.640338 
127 0.658114 
128 0.675889 
129 0.693664 
130 0.711438 
131 0.729211 
132 0.746983 
133 0.764755 
134 0.782527 
135 0.800298 
136 0.818068 
137 0.835837 
138 0.853606 
139 0.871375 
140 0.889142 
141 0.906909 
142 0.924676 
143 0.942442 
144 0.960207 
145 0.977971 
146 0.995735 
147 1.013499 
148 1.013481 
149 1.013463 
150 1.013446 
151 1.013428 
152 1.013410 
153 1.013393 
154 1.013375 
155 1.013358 
156 1.013340 
157 1.013322 
158 1.013305 
159 1.013287 
160 1.013269 
161 1.013252 
162 1.013234 
163 1.013217 
164 1.013199 
165 1.013181 
166 1.013164 
167 1.013146 
168 1.013128 
169 1.013111 
170 1.013093 
171 1.013075 
172 1.013058 
173 1.013040 
174 1.013023 
175 1.013005 
176 1.012987 
177 1.012970 
178 1.012952 
179 1.012934 
180 1.012917 
181 1.012899 
182 1.012882 
183 1.012864 
184 1.012846 
185 1.012829 
186 1.012811 
187 1.012794 
188 1.012776 
189 1.012759 
190 1.012742 
191 1.012724 
192 1.012707 
193 1.012690 
194 1.012673 
195 1.012656 
196 1.012639 
197 1.012622 
198 1.012605 
199 1.012588 
200 1.012572 
201 1.012555 
202 1.012539 
203 1.012523 
204 1.012506 
205 1.012490 
206 1.012475 
207 1.012459 
208 1.012443 
209 1.012428 
210 1.012413 
211 1.012398 
212 1.012383 
213 1.012368 
214 1.012353 
215 1.012339 
216 1.012325 
217 1.012311 
218 1.012297 
219 1.012283 
220 1.012270 
221 1.012257 
222 1.012244 
223 1.012231 
224 1.012219 
225 1.012206 
226 1.012194 
227 1.012183 
228 1.012171 
229 1.012160 
230 1.012149 
231 1.012138 
232 1.012128 
233 1.012118 
234 1.012108 
235 1.012098 
236 1.012089 
237 1.012080 
238 1.012072 
239 1.012063 
240 1.012055 
241 1.012048 
242 1.012040 
243 1.012033 
244 1.012026 
245 1.012019 
246 1.012013 
247 1.012007 
248 1.012001 
249 1.011996 
250 1.011990 
251 1.011985 
252 1.011980 
253 1.011976 
254 1.011971 
255 1.011967 
256 1.011963 
257 1.011959 
258 1.011956 
259 1.011952 
260 1.011949 
261 1.011946 
262 1.011943 
263 1.011940 
264 1.011938 
265 1.011936 
266 1.011933 
267 1.011931 
268 1.011930 
269 1.011928 
270 1.011926 
271 1.011925 
272 1.011923 
273 1.011922 
274 1.011921 
275 1.011920 
276 1.011919 
277 1.011918 
278 1.011918 
279 1.011917 
280 1.011916 
281 1.011916 
282 1.011916 
283 1.011915 
284 1.011915 
285 1.011915 
286 1.011915 
287 1.011914 
288 1.011914 
289 1.011914 
290 1.011914 
291 1.011914 
292 1.011914 
293 1.011914 
294 1.011914 
295 1.011914 
296 1.011914 
297 1.011914 
298 1.011914 
299 1.011914 
300 1.011914 
301 1.011914 
302 1.011914 
303 1.011914 
304 1.011914 
305 1.011914 
306 1.011914 
307 1.011914 
308 1.011915 
309 1.011915 
310 1.011915 
311 1.011915 
312 1.011915 
313 1.011915 
314 1.011915 
315 1.011915 
316 1.011915 
317 1.011915 
318 1.011915 
319 1.011915 
320 1.011915 
321 1.011915 
322 1.011915 
323 1.011915 
324 1.011915 
325 1.011915 
326 1.011915 
327 1.011915 
328 1.011915 
329 1.011915 
330 1.011915 
331 1.011915 
332 1.011915 
333 1.011915 
334 1.011915 
335 1.011915 
336 1.011915 
337 1.011915 
338 1.011915 
339 1.011915 
340 1.011915 
341 1.011915 
342 1.011915 
343 1.011915 
344 1.011915 
345 1.011915 
346 1.011915 
347 1.011915 
348 1.011915 
349 1.011915 
350 1.011915 
351 1.011915 
352 1.011915 
353 1.011915 
354 1.011915 
355 1.011915 
356 1.011915 
357 1.011915 
358 1.011915 
359 1.011915 
360 1.011915 
361 1.011915 
362 1.011915 
363 1.011915 
364 1.011915 
365 1.011915 
366 1.011915 
367 1.011915 
368 1.011915 
369 1.011915 
370 1.011915 
371 1.011915 
372 1.011915 
373 1.011915 
374 1.011915 
375 1.011915 
376 1.011915 
377 1.011915 
378 1.011915 
379 1.011915 
380 1.011915 
381 1.011915 
382 1.011915 
383 1.011915 
384 1.011915 
385 1.011915 
386 1.011915 
387 1.011915 
388 1.011915 
389 1.011915 
390 1.011915 
391 1.011915 
392 1.011915 
393 1.011915 
394 1.011915 
395 1.011915 
396 1.011915 
397 1.011915 
398 1.011915 
399 1.011915 
400 1.011915 
401 1.011915 
402 1.011915 
403 1.011915 
404 1.011915 
405 1.011915 
406 1.011915 
407 1.011915 
408 1.011915 
409 1.011915 
410 1.011915 
411 1.011915 
412 1.011915 
413 1.011915 
414 1.011915 
415 1.011915 
416 1.011915 
417 1.011915 
418 1.011915 
419 1.011915 
420 1.011915 
421 1.011915 
422 1.011915 
423 1.011915 
424 1.011915 
425 1.011915 
426 1.011915 
427 1.011915 
428 1.011915 
429 1.011915 
430 1.011915 
431 1.011915 
432 1.011915 
433 1.011915 
434 1.011915 
435 1.011915 
436 1.011915 
437 1.011915 
438 1.011915 
439 1.011915 
440 1.011915 
441 1.011915 
442 1.011915 
443 1.011915 
444 1.011915 
445 1.011915 
446 1.011915 
447 1.011915 
448 1.011915 
449 1.011915 
450 1.011915 
451 1.011915 
452 1.011915 
453 1.011915 
454 1.011915 
455 1.011915 
456 1.011915 
457 1.011915 
458 1.011915 
459 1.011915 
460 1.011915 
461 1.011915 
462 1.011915 
463 1.011915 
464 1.011915 
465 1.011915 
466 1.011915 
467 1.011915 
468 1.011915 
469 1.011915 
470 1.011915 
471 1.011915 
472 1.011915 
473 1.011915 
474 1.011915 
475 1.011915 
476 1.011915 
477 1.011915 
478 1.011915 
479 1.011915 
480 1.011915 
481 1.011915 
482 1.011915 
483 1.011915 
484 1.011915 
485 1.011915 
486 1.011915 
487 1.011915 
488 1.011915 
489 1.011915 
490 1.011915 
491 1.011915 
492 1.011915 
493 1.011915 
494 1.011915 
495 1.011915 
496 1.011915 
497 1.011915 
498 1.011915 
499 1.011915 
500 1.011915 
501 1.011915 
502 1.011915 
503 1.011915 
504 1.011915 
505 1.011915 
506 1.011915 
507 1.011915 
508 1.011915 
509 1.011915 
510 1.011915 
511 1.011915 
512 1.011915 
513 1.011915 
514 1.011915 
515 1.011915 
516 1.011915 
517 1.011915 
518 1.011915 
519 1.011915 
520 1.011915 
521 1.011915 
522 1.011915 
523 1.011915 
524 1.011915 
525 1.011915 
526 1.011915 
527 1.011915 
528 1.011915 
529 1.011915 
530 1.011915 
531 1.011915 
532 1.011915 
533 1.011915 
534 1.011915 
535 1.011915 
536 1.011915 
537 1.011915 
538 1.011915 
539 1.011915 
540 1.011915 
541 1.011915 
542 1.011915 
543 1.011915 
544 1.011915 
545 1.011915 
546 1.011915 
547 1.011915 
548 1.011915 
549 1.011915 
550 1.011915 
551 1.011915 
552 1.011915 
553 1.011915 
554 1.011915 
555 1.011915 
556 1.011915 
557 1.011915 
558 1.011915 
559 1.011915 
560 1.011915 
561 1.011915 
562 1.011915 
563 1.011915 
564 1.011915 
565 1.011915 
566 1.011915 
567 1.011915 
568 1.011915 
569 1.011915 
570 1.011915 
571 1.011915 
572 1.011915 
573 1.011915 
574 1.011915 
575 1.011915 
576 1.011915 
577 1.011915 
578 1.011915 
579 1.011915 
580 1.011915 
581 1.011915 
582 1.011915 
583 1.011915 
584 1.011915 
585 1.011915 
586 1.011915 
587 1.011915 
588 1.011915 
589 1.011915 
590 1.011915 
591 1.011915 
592 1.011915 
593 1.011915 
594 1.011915 
595 1.011915 
596 1.011915 
597 1.011915 
598 1.011915 
599 1.011915 
600 1.011915 
601 1.011915 
602 1.011915 
603 1.011915 
604 1.011915 
605 1.011915 
606 1.011915 
607 1.011915 
608 1.011915 
609 1.011915 
610 1.011915 
611 1.011915 
612 1.011915 
613 1.011915 
614 1.011915 
615 1.011915 
616 1.011915 
617 1.011915 
618 1.011915 
619 1.011915 
620 1.011915 
621 1.011915 
622 1.011915 
623 1.011915 
624 1.011915 
625 1.011915 
626 1.011915 
627 1.011915 
628 1.011915 
629 1.011915 
630 1.011915 
631 1.011915 
632 1.011915 
633 1.011915 
634 1.011915 
635 1.011915 
636 1.011915 
637 1.011915 
638 1.011915 
639 1.011915 
640 1.011915 
641 1.011915 
642 1.011915 
643 1.011915 
644 1.011915 
645 1.011915 
646 1.011915 
647 1.011915 
648 1.011915 
649 1.011915 
650 1.011915 
651 1.011915 
652 1.011915 
653 1.011915 
654 1.011915 
655 1.011915 
656 1.011915 
657 1.011915 
658 1.011915 
659 1.011915 
660 1.011915 
661 1.011915 
662 1.011915 
663 1.011915 
664 1.011915 
665 1.011915 
666 1.011915 
667 1.011915 
668 1.011915 
669 1.011915 
670 1.011915 
671 1.011915 
672 1.011915 
673 1.011915 
674 1.011915 
675 1.011915 
676 1.011915 
677 1.011915 
678 1.011915 
679 1.011915 
680 1.011915 
681 1.011915 
682 1.011915 
683 1.011915 
684 1.011915 
685 1.011915 
686 1.011915 
687 1.011915 
688 1.011915 
689 1.011915 
690 1.011915 
691 1.011915 
692 1.011915 
693 1.011915 
694 1.011915 
695 1.011915 
696 1.011915 
697 1.011915 
698 1.011915 
699 1.011915 
700 1.011915 
701 1.011915 
702 1.011915 
703 1.011915 
704 1.011915 
705 1.011915 
706 1.011915 
707 1.011915 
708 1.011915 
709 1.011915 
710 1.011915 
711 1.011915 
712 1.011915 
713 1.011915 
714 1.011915 
715 1.011915 
716 1.011915 
717 1.011915 
718 1.011915 
719 1.011915 
720 1.011915 
721 1.011915 
722 1.011915 
723 1.011915 
724 1.011915 
725 1.011915 
726 1.011915 
727 1.011915 
728 1.011915 
729 1.011915 
730 1.011915 
731 1.011915 
732 1.011915 
733 1.011915 
734 1.011915 
735 1.011915 
736 1.011915 
737 1.011915 
738 1.011915 
739 1.011915 
740 1.011915 
741 1.011915 
742 1.011915 
743 1.011915 
744 1.011915 
745 1.011915 
746 1.011915 
747 1.011915 
748 1.011915 
749 1.011915 
750 1.011915 
751 1.011915 
752 1.011915 
753 1.011915 
754 1.011915 
755 1.011915 
756 1.011915 
757 1.011915 
758 1.011915 
759 1.011915 
760 1.011915 
761 1.011915 
762 1.011915 
763 1.011915 
764 1.011915 
765 1.011915 
766 1.011915 
767 1.011915 
768 1.011915 
769 1.011915 
770 1.011915 
771 1.011915 
772 1.011915 
773 1.011915 
774 1.011915 
775 1.011915 
776 1.011915 
777 1.011915 
778 1.011915 
779 1.011915 
780 1.011915 
781 1.011915 
782 1.011915 
783 1.011915 
784 1.011915 
785 1.011915 
786 1.011915 
787 1.011915 
788 1.011915 
789 1.011915 
790 1.011915 
791 1.011915 
792 1.011915 
793 1.011915 
794 1.011915 
795 1.011915 
796 1.011915 
797 1.011915 
798 1.011915 
799 1.011915 
800 1.011915 
801 1.011915 
802 1.011915 
803 1.011915 
804 1.011915 
805 1.011915 
806 1.011915 
807 1.011915 
808 1.011915 
809 1.011915 
810 1.011915 
811 1.011915 
812 1.011915 
813 1.011915 
814 1.011915 
815 1.011915 
816 1.011915 
817 1.011915 
818 1.011915 
819 1.011915 
820 1.011915 
821 1.011915 
822 1.011915 
823 1.011915 
824 1.011915 
825 1.011915 
826 1.011915 
827 1.011915 
828 1.011915 
829 1.011915 
830 1.011915 
831 1.011915 
832 1.011915 
833 1.011915 
834 1.011915 
835 1.011915 
836 1.011915 
837 1.011915 
838 1.011915 
839 1.011915 
840 1.011915 
841 1.011915 
842 1.011915 
843 1.011915 
844 1.011915 
845 1.011915 
846 1.011915 
847 1.011915 
848 1.011915 
849 1.011915 
850 1.011915 
851 1.011915 
852 1.011915 
853 1.011915 
854 1.011915 
855 1.011915 
856 1.011915 
857 1.011915 
858 1.011915 
859 1.011915 
860 1.011915 
861 1.011915 
862 1.011915 
863 1.011915 
864 1.011915 
865 1.011915 
866 1.011915 
867 1.011915 
868 1.011915 
869 1.011915 
870 1.011915 
871 1.011915 
872 1.011915 
873 1.011915 
874 1.011915 
875 1.011915 
876 1.011915 
877 1.011915 
878 1.011915 
879 1.011915 
880 1.011915 
881 1.011915 
882 1.011915 
883 1.011915 
884 1.011915 
885 1.011915 
886 1.011915 
887 1.011915 
888 1.011915 
889 1.011915 
890 1.011915 
891 1.011915 
892 1.011915 
893 1.011915 
894 1.011915 
895 1.011915 
896 1.011915 
897 1.011915 
898 1.011915 
899 1.011915 
900 1.011915 
901 1.011915 
902 1.011915 
903 1.011915 
904 1.011915 
905 1.011915 
906 1.011915 
907 1.011915 
908 1.011915 
909 1.011915 
910 1.011915 
911 1.011915 
912 1.011915 
913 1.011915 
914 1.011915 
915 1.011915 
916 1.011915 
917 1.011915 
918 1.011915 
919 1.011915 
920 1.011915 
921 1.011915 
922 1.011915 
923 1.011915 
924 1.011915 
925 1.011915 
926 1.011915 
927 1.011915 
928 1.011915 
929 1.011915 
930 1.011915 
931 1.011915 
932 1.011915 
933 1.011915 
934 1.011915 
935 1.011915 
936 1.011915 
937 1.011915 
938 1.011915 
939 1.011915 
940 1.011915 
941 1.011915 
942 1.011915 
943 1.011915 
944 1.011915 
945 1.011915 
946 1.011915 
947 1.011915 
948 1.011915 
949 1.011915 
950 1.011915 
951 1.011915 
952 1.011915 
953 1.011915 
954 1.011915 
955 1.011915 
956 1.011915 
957 1.011915 
958 1.011915 
959 1.011915 
960 1.011915 
961 1.011915 
962 1.011915 
963 1.011915 
964 1.011915 
965 1.011915 
966 1.011915 
967 1.011915 
968 1.011915 
969 1.011915 
970 1.011915 
971 1.011915 
972 1.011915 
973 1.011915 
974 1.011915 
975 1.011915 
976 1.011915 
977 1.011915 
978 1.011915 
979 1.011915 
980 1.011915 
981 1.011915 
982 1.011915 
983 1.011915 
984 1.011915 
985 1.011915 
986 1.011915 
987 1.011915 
988 1.011915 
989 1.011915 
990 1.011915 
991 1.011915 
992 1.011915 
993 1.011915 
994 1.011915 
995 1.011915 
996 1.011915 
997 1.011915 
998 1.011915 
999 1.011915 
1000 1.011915 
1001 1.011915 
1002 1.011915 
1003 1.011915 
1004 1.011915 
1005 1.011915 
1006 1.011915 
1007 1.011915 
1008 1.011915 
1009 1.011915 
1010 1.011915 
1011 1.011915 
1012 1.011915 
1013 1.011915 
1014 1.011915 
1015 1.011915 
1016 1.011915 
1017 1.011915 
1018 1.011915 
1019 1.011915 
1020 1.011915 
1021 1.011915 
1022 1.011915 
1023 1.011915 
1024 1.011915 
1025 1.011915 
1026 1.011915 
1027 1.011915 
1028 1.011915 
1029 1.011915 
1030 1.011915 
1031 1.011915 
1032 1.011915 
1033 1.011915 
1034 1.011915 
1035 1.011915 
1036 1.011915 
1037 1.011915 
1038 1.011915 
1039 1.011915 
1040 1.011915 
1041 1.011915 
1042 1.011915 
1043 1.011915 
1044 1.011915 
1045 1.011915 
1046 1.011915 
1047 1.011915 
1048 1.011915 
1049 1.011915 
1050 1.011915 
1051 1.011915 
1052 1.011915 
1053 1.011915 
1054 1.011915 
1055 1.011915 
1056 1.011915 
1057 1.011915 
1058 1.011915 
1059 1.011915 
1060 1.011915 
1061 1.011915 
1062 1.011915 
1063 1.011915 
1064 1.011915 
1065 1.011915 
1066 1.011915 
1067 1.011915 
1068 1.011915 
1069 1.011915 
1070 1.011915 
1071 1.011915 
1072 1.011915 
1073 1.011915 
1074 1.011915 
1075 1.011915 
1076 1.011915 
1077 1.011915 
1078 1.011915 
1079 1.011915 
1080 1.011915 
1081 1.011915 
1082 1.011915 
1083 1.011915 
1084 1.011915 
1085 1.011915 
1086 1.011915 
1087 1.011915 
1088 1.011915 
1089 1.011915 
1090 1.011915 
1091 1.011915 
1092 1.011915 
1093 1.011915 
1094 1.011915 
1095 1.011915 
1096 1.011915 
1097 1.011915 
1098 1.011915 
1099 1.011915 
1100 1.011915 
1101 1.011915 
1102 1.011915 
1103 1.011915 
1104 1.011915 
1105 1.011915 
1106 1.011915 
1107 1.011915 
1108 1.011915 
1109 1.011915 
1110 1.011915 
1111 1.011915 
1112 1.011915 
1113 1.011915 
1114 1.011915 
1115 1.011915 
1116 1.011915 
1117 1.011915 
1118 1.011915 
1119 1.011915 
1120 1.011915 
1121 1.011915 
1122 1.011915 
1123 1.011915 
1124 1.011915 
1125 1.011915 
1126 1.011915 
1127 1.011915 
1128 1.011915 
1129 1.011915 
1130 1.011915 
1131 1.011915 
1132 1.011915 
1133 1.011915 
1134 1.011915 
1135 1.011915 
1136 1.011915 
1137 1.011915 
1138 1.011915 
1139 1.011915 
1140 1.011915 
1141 1.011915 
1142 1.011915 
1143 1.011915 
1144 1.011915 
1145 1.011915 
1146 1.011915 
1147 1.011915 
1148 1.011915 
1149 1.011915 
1150 1.011915 
1151 1.011915 
1152 1.011915 
1153 1.011915 
1154 1.011915 
1155 1.011915 
1156 1.011915 
1157 1.011915 
1158 1.011915 
1159 1.011915 
1160 1.011915 
1161 1.011915 
1162 1.011915 
1163 1.011915 
1164 1.011915 
1165 1.011915 
1166 1.011915 
1167 1.011915 
1168 1.011915 
1169 1.011915 
1170 1.011915 
1171 1.011915 
1172 1.011915 
1173 1.011915 
1174 1.011915 
1175 1.011915 
1176 1.011915 
1177 1.011915 
1178 1.011915 
1179 1.011915 
1180 1.011915 
1181 1.011915 
1182 1.011915 
1183 1.011915 
1184 1.011915 
1185 1.011915 
1186 1.011915 
1187 1.011915 
1188 1.011915 
1189 1.011915 
1190 1.011915 
1191 1.011915 
1192 1.011915 
1193 1.011915 
1194 1.011915 
1195 1.011915 
1196 1.011915 
1197 1.011915 
1198 1.011915 
1199 1.011915 
1200 1.011915 
1201 1.011915 
1202 1.011915 
1203 1.011915 
1204 1.011915 
1205 1.011915 
1206 1.011915 
1207 1.011915 
1208 1.011915 
1209 1.011915 
1210 1.011915 
1211 1.011915 
1212 1.011915 
1213 1.011915 
1214 1.011915 
1215 1.011915 
1216 1.011915 
1217 1.011915 
1218 1.011915 
1219 1.011915 
1220 1.011915 
1221 1.011915 
1222 1.011915 
1223 1.011915 
1224 1.011915 
1225 1.011915 
1226 1.011915 
1227 1.011915 
1228 1.011915 
1229 1.011915 
1230 1.011915 
1231 1.011915 
1232 1.011915 
1233 1.011915 
1234 1.011915 
1235 1.011915 
1236 1.011915 
1237 1.011915 
1238 1.011915 
1239 1.011915 
1240 1.011915 
1241 1.011915 
1242 1.011915 
1243 1.011915 
1244 1.011915 
1245 1.011915 
1246 1.011915 
1247 1.011915 
1248 1.011915 
1249 1.011915 
1250 1.011915 
1251 1.011915 
1252 1.011915 
1253 1.011915 
1254 1.011915 
1255 1.011915 
1256 1.011915 
1257 1.011915 
1258 1.011915 
1259 1.011915 
1260 1.011915 
1261 1.011915 
1262 1.011915 
1263 1.011915 
1264 1.011915 
1265 1.011915 
1266 1.011915 
1267 1.011915 
1268 1.011915 
1269 1.011915 
1270 1.011915 
1271 1.011915 
1272 1.011915 
1273 1.011915 
1274 1.011915 
1275 1.011915 
1276 1.011915 
1277 1.011915 
1278 1.011915 
1279 1.011915 
1280 1.011915 
1281 1.011915 
1282 1.011915 
1283 1.011915 
1284 1.011915 
1285 1.011915 
1286 1.011915 
1287 1.011915 
1288 1.011915 
1289 1.011915 
1290 1.011915 
1291 1.011915 
1292 1.011915 
1293 1.011915 
1294 1.011915 
1295 1.011915 
1296 1.011915 
1297 1.011915 
1298 1.011915 
1299 1.011915 
1300 1.011915 
1301 1.011915 
1302 1.011915 
1303 1.011915 
1304 1.011915 
1305 1.011915 
1306 1.011915 
1307 1.011915 
1308 1.011915 
1309 1.011915 
1310 1.011915 
1311 1.011915 
1312 1.011915 
1313 1.011915 
1314 1.011915 
1315 1.011915 
1316 1.011915 
1317 1.011915 
1318 1.011915 
1319 1.011915 
1320 1.011915 
1321 1.011915 
1322 1.011915 
1323 1.011915 
1324 1.011915 
1325 1.011915 
1326 1.011915 
1327 1.011915 
1328 1.011915 
1329 1.011915 
1330 1.011915 
1331 1.011915 
1332 1.011915 
1333 1.011915 
1334 1.011915 
1335 1.011915 
1336 1.011915 
1337 1.011915 
1338 1.011915 
1339 1.011915 
1340 1.011915 
1341 1.011915 
1342 1.011915 
1343 1.011915 
1344 1.011915 
1345 1.011915 
1346 1.011915 
1347 1.011915 
1348 1.011915 
1349 1.011915 
1350 1.011915 
1351 1.011915 
1352 1.011915 
1353 1.011915 
1354 1.011915 
1355 1.011915 
1356 1.011915 
1357 1.011915 
1358 1.011915 
1359 1.011915 
1360 1.011915 
1361 1.011915 
1362 1.011915 
1363 1.011915 
1364 1.011915 
1365 1.011915 
1366 1.011915 
1367 1.011915 
1368 1.011915 
1369 1.011915 
1370 1.011915 
1371 1.011915 
1372 1.011915 
1373 1.011915 
1374 1.011915 
1375 1.011915 
1376 1.011915 
1377 1.011915 
1378 1.011915 
1379 1.011915 
1380 1.011915 
1381 1.011915 
1382 1.011915 
1383 1.011915 
1384 1.011915 
1385 1.011915 
1386 1.011915 
1387 1.011915 
1388 1.011915 
1389 1.011915 
1390 1.011915 
1391 1.011915 
1392 1.011915 
1393 1.011915 
1394 1.011915 
1395 1.011915 
1396 1.011915 
1397 1.011915 
1398 1.011915 
1399 1.011915 
1400 1.011915 
1401 1.011915 
1402 1.011915 
1403 1.011915 
1404 1.011915 
1405 1.011915 
1406 1.011915 
1407 1.011915 
1408 1.011915 
1409 1.011915 
1410 1.011915 
1411 1.011915 
1412 1.011915 
1413 1.011915 
1414 1.011915 
1415 1.011915 
1416 1.011915 
1417 1.011915 
1418 1.011915 
1419 1.011915 
1420 1.011915 
1421 1.011915 
1422 1.011915 
1423 1.011915 
1424 1.011915 
1425 1.011915 
1426 1.011915 
1427 1.011915 
1428 1.011915 
1429 1.011915 
1430 1.011915 
1431 1.011915 
1432 1.011915 
1433 1.011915 
1434 1.011915 
1435 1.011915 
1436 1.011915 
1437 1.011915 
1438 1.011915 
1439 1.011915 
1440 1.011915 
1441 1.011915 
1442 1.011915 
1443 1.011915 
1444 1.011915 
1445 1.011915 
1446 1.011915 
1447 1.011915 
1448 1.011915 
1449 1.011915 
1450 1.011915 
1451 1.011915 
1452 1.011915 
1453 1.011915 
1454 1.011915 
1455 1.011915 
1456 1.011915 
1457 1.011915 
1458 1.011915 
1459 1.011915 
1460 1.011915 
1461 1.011915 
1462 1.011915 
1463 1.011915 
1464 1.011915 
1465 1.011915 
1466 1.011915 
1467 1.011915 
1468 1.011915 
1469 1.011915 
1470 1.011915 
1471 1.011915 
1472 1.011915 
1473 1.011915 
1474 1.011915 
1475 1.011915 
1476 1.011915 
1477 1.011915 
1478 1.011915 
1479 1.011915 
1480 1.011915 
1481 1.011915 
1482 1.011915 
1483 1.011915 
1484 1.011915 
1485 1.011915 
1486 1.011915 
1487 1.011915 
1488 1.011915 
1489 1.011915 
1490 1.011915 
1491 1.011915 
1492 1.011915 
1493 1.011915 
1494 1.011915 
1495 1.011915 
1496 1.011915 
1497 1.011915 
1498 1.011915 
1499 1.011915 
1500 1.011915 
1501 1.011915 
1502 1.011915 
1503 1.011915 
1504 1.011915 
1505 1.011915 
1506 1.011915 
1507 1.011915 
1508 1.011915 
1509 1.011915 
1510 1.011915 
1511 1.011915 
1512 1.011915 
1513 1.011915 
1514 1.011915 
1515 1.011915 
1516 1.011915 
1517 1.011915 
1518 1.011915 
1519 1.011915 
1520 1.011915 
1521 1.011915 
1522 1.011915 
1523 1.011915 
1524 1.011915 
1525 1.011915 
1526 1.011915 
1527 1.011915 
1528 1.011915 
1529 1.011915 
1530 1.011915 
1531 1.011915 
1532 1.011915 
1533 1.011915 
1534 1.011915 
1535 1.011915 
1536 1.011915 
1537 1.011915 
1538 1.011915 
1539 1.011915 
1540 1.011915 
1541 1.011915 
1542 1.011915 
1543 1.011915 
1544 1.011915 
1545 1.011915 
1546 1.011915 
1547 1.011915 
1548 1.011915 
1549 1.011915 
1550 1.011915 
1551 1.011915 
1552 1.011915 
1553 1.011915 
1554 1.011915 
1555 1.011915 
1556 1.011915 
1557 1.011915 
1558 1.011915 
1559 1.011915 
1560 1.011915 
1561 1.011915 
1562 1.011915 
1563 1.011915 
1564 1.011915 
1565 1.011915 
1566 1.011915 
1567 1.011915 
1568 1.011915 
1569 1.011915 
1570 1.011915 
1571 1.011915 
1572 1.011915 
1573 1.011915 
1574 1.011915 
1575 1.011915 
1576 1.011915 
1577 1.011915 
1578 1.011915 
1579 1.011915 
1580 1.011915 
1581 1.011915 
1582 1.011915 
1583 1.011915 
1584 1.011915 
1585 1.011915 
1586 1.011915 
1587 1.011915 
1588 1.011915 
1589 1.011915 
1590 1.011915 
1591 1.011915 
1592 1.011915 
1593 1.011915 
1594 1.011915 
1595 1.011915 
1596 1.011915 
1597 1.011915 
1598 1.011915 
1599 1.011915 
1600 1.011915 
1601 1.011915 
1602 1.011915 
1603 1.011915 
1604 1.011915 
1605 1.011915 
1606 1.011915 
1607 1.011915 
1608 1.011915 
1609 1.011915 
1610 1.011915 
1611 1.011915 
1612 1.011915 
1613 1.011915 
1614 1.011915 
1615 1.011915 
1616 1.011915 
1617 1.011915 
1618 1.011915 
1619 1.011915 
1620 1.011915 
1621 1.011915 
1622 1.011915 
1623 1.011915 
1624 1.011915 
1625 1.011915 
1626 1.011915 
1627 1.011915 
1628 1.011915 
1629 1.011915 
1630 1.011915 
1631 1.011915 
1632 1.011915 
1633 1.011915 
1634 1.011915 
1635 1.011915 
1636 1.011915 
1637 1.011915 
1638 1.011915 
1639 1.011915 
1640 1.011915 
1641 1.011915 
1642 1.011915 
1643 1.011915 
1644 1.011915 
1645 1.011915 
1646 1.011915 
1647 1.011915 
1648 1.011915 
1649 1.011915 
1650 1.011915 
1651 1.011915 
1652 1.011915 
1653 1.011915 
1654 1.011915 
1655 1.011915 
1656 1.011915 
1657 1.011915 
1658 1.011915 
1659 1.011915 
1660 1.011915 
1661 1.011915 
1662 1.011915 
1663 1.011915 
1664 1.011915 
1665 1.011915 
1666 1.011915 
1667 1.011915 
1668 1.011915 
1669 1.011915 
1670 1.011915 
1671 1.011915 
1672 1.011915 
1673 1.011915 
1674 1.011915 
1675 1.011915 
1676 1.011915 
1677 1.011915 
1678 1.011915 
1679 1.011915 
1680 1.011915 
1681 1.011915 
1682 1.011915 
1683 1.011915 
1684 1.011915 
1685 1.011915 
1686 1.011915 
1687 1.011915 
1688 1.011915 
1689 1.011915 
1690 1.011915 
1691 1.011915 
1692 1.011915 
1693 1.011915 
1694 1.011915 
1695 1.011915 
1696 1.011915 
1697 1.011915 
1698 1.011915 
1699 1.011915 
1700 1.011915 
1701 1.011915 
1702 1.011915 
1703 1.011915 
1704 1.011915 
1705 1.011915 
1706 1.011915 
1707 1.011915 
1708 1.011915 
1709 1.011915 
1710 1.011915 
1711 1.011915 
1712 1.011915 
1713 1.011915 
1714 1.011915 
1715 1.011915 
1716 1.011915 
1717 1.011915 
1718 1.011915 
1719 1.011915 
1720 1.011915 
1721 1.011915 
1722 1.011915 
1723 1.011915 
1724 1.011915 
1725 1.011915 
1726 1.011915 
1727 1.011915 
1728 1.011915 
1729 1.011915 
1730 1.011915 
1731 1.011915 
1732 1.011915 
1733 1.011915 
1734 1.011915 
1735 1.011915 
1736 1.011915 
1737 1.011915 
1738 1.011915 
1739 1.011915 
1740 1.011915 
1741 1.011915 
1742 1.011915 
1743 1.011915 
1744 1.011915 
1745 1.011915 
1746 1.011915 
1747 1.011915 
1748 1.011915 
1749 1.011915 
1750 1.011915 
1751 1.011915 
1752 1.011915 
1753 1.011915 
1754 1.011915 
1755 1.011915 
1756 1.011915 
1757 1.011915 
1758 1.011915 
1759 1.011915 
1760 1.011915 
1761 1.011915 
1762 1.011915 
1763 1.011915 
1764 1.011915 
1765 1.011915 
1766 1.011915 
1767 1.011915 
1768 1.011915 
1769 1.011915 
1770 1.011915 
1771 1.011915 
1772 1.011915 
1773 1.011915 
1774 1.011915 
1775 1.011915 
1776 1.011915 
1777 1.011915 
1778 1.011915 
1779 1.011915 
1780 1.011915 
1781 1.011915 
1782 1.011915 
1783 1.011915 
1784 1.011915 
1785 1.011915 
1786 1.011915 
1787 1.011915 
1788 1.011915 
1789 1.011915 
1790 1.011915 
1791 1.011915 
1792 1.011915 
1793 1.011915 
1794 1.011915 
1795 1.011915 
1796 1.011915 
1797 1.011915 
1798 1.011915 
1799 1.011915 
1800 1.011915 
1801 1.011915 
1802 1.011915 
1803 1.011915 
1804 1.011915 
1805 1.011915 
1806 1.011915 
1807 1.011915 
1808 1.011915 
1809 1.011915 
1810 1.011915 
1811 1.011915 
1812 1.011915 
1813 1.011915 
1814 1.011915 
1815 1.011915 
1816 1.011915 
1817 1.011915 
1818 1.011915 
1819 1.011915 
1820 1.011915 
1821 1.011915 
1822 1.011915 
1823 1.011915 
1824 1.011915 
1825 1.011915 
1826 1.011915 
1827 1.011915 
1828 1.011915 
1829 1.011915 
1830 1.011915 
1831 1.011915 
1832 1.011915 
1833 1.011915 
1834 1.011915 
1835 1.011915 
1836 1.011915 
1837 1.011915 
1838 1.011915 
1839 1.011915 
1840 1.011915 
1841 1.011915 
1842 1.011915 
1843 1.011915 
1844 1.011915 
1845 1.011915 
1846 1.011915 
1847 1.011915 
1848 1.011915 
1849 1.011915 
1850 1.011915 
1851 1.011915 
1852 1.011915 
1853 1.011915 
1854 1.011915 
1855 1.011915 
1856 1.011915 
1857 1.011915 
1858 1.011915 
1859 1.011915 
1860 1.011915 
1861 1.011915 
1862 1.011915 
1863 1.011915 
1864 1.011915 
1865 1.011915 
1866 1.011915 
1867 1.011915 
1868 1.011915 
1869 1.011915 
1870 1.011915 
1871 1.011915 
1872 1.011915 
1873 1.011915 
1874 1.011915 
1875 1.011915 
1876 1.011915 
1877 1.011915 
1878 1.011915 
1879 1.011915 
1880 1.011915 
1881 1.011915 
1882 1.011915 
1883 1.011915 
1884 1.011915 
1885 1.011915 
1886 1.011915 
1887 1.011915 
1888 1.011915 
1889 1.011915 
1890 1.011915 
1891 1.011915 
1892 1.011915 
1893 1.011915 
1894 1.011915 
1895 1.011915 
1896 1.011915 
1897 1.011915 
1898 1.011915 
1899 1.011915 
1900 1.011915 
1901 1.011915 
1902 1.011915 
1903 1.011915 
1904 1.011915 
1905 1.011915 
1906 1.011915 
1907 1.011915 
1908 1.011915 
1909 1.011915 
1910 1.011915 
1911 1.011915 
1912 1.011915 
1913 1.011915 
1914 1.011915 
1915 1.011915 
1916 1.011915 
1917 1.011915 
1918 1.011915 
1919 1.011915 
1920 1.011915 
1921 1.011915 
1922 1.011915 
1923 1.011915 
1924 1.011915 
1925 1.011915 
1926 1.011915 
1927 1.011915 
1928 1.011915 
1929 1.011915 
1930 1.011915 
1931 1.011915 
1932 1.011915 
1933 1.011915 
1934 1.011915 
1935 1.011915 
1936 1.011915 
1937 1.011915 
1938 1.011915 
1939 1.011915 
1940 1.011915 
1941 1.011915 
1942 1.011915 
1943 1.011915 
1944 1.011915 
1945 1.011915 
1946 1.011915 
1947 1.011915 
1948 1.011915 
1949 1.011915 
1950 1.011915 
1951 1.011915 
1952 1.011915 
1953 1.011915 
1954 1.011915 
1955 1.011915 
1956 1.011915 
1957 1.011915 
1958 1.011915 
1959 1.011915 
1960 1.011915 
1961 1.011915 
1962 1.011915 
1963 1.011915 
1964 1.011915 
1965 1.011915 
1966 1.011915 
1967 1.011915 
1968 1.011915 
1969 1.011915 
1970 1.011915 
1971 1.011915 
1972 1.011915 
1973 1.011915 
1974 1.011915 
1975 1.011915 
1976 1.011915 
1977 1.011915 
1978 1.011915 
1979 1.011915 
1980 1.011915 
1981 1.011915 
1982 1.011915 
1983 1.011915 
1984 1.011915 
1985 1.011915 
1986 1.011915 
1987 1.011915 
1988 1.011915 
1989 1.011915 
1990 1.011915 
1991 1.011915 
1992 1.011915 
1993 1.011915 
1994 1.011915 
1995 1.011915 
1996 1.011915 
1997 1.011915 
1998 1.011915 
1999 1.011915 
