0 0.000000 
1 0.000000 
2 0.000000 
3 0.000000 
4 0.000000 
5 0.000000 
6 0.000000 
7 0.000000 
8 0.000000 
9 0.000000 
10 0.000000 
11 0.000000 
12 0.000000 
13 0.000000 
14 0.000000 
15 0.000000 
16 0.000000 
17 0.000000 
18 0.000000 
19 0.000000 
20 0.000000 
21 0.000000 
22 0.000000 
23 0.000000 
24 0.000000 
25 0.000000 
26 0.000000 
27 0.000000 
28 0.000000 
29 0.000000 
30 0.000000 
31 0.000000 
32 0.000000 
33 0.000000 
34 0.000000 
35 0.000000 
36 0.000000 
37 0.000000 
38 0.000000 
39 0.000000 
40 0.000000 
41 0.000000 
42 0.000000 
43 0.000000 
44 0.000000 
45 0.000000 
46 0.000000 
47 0.000000 
48 0.000000 
49 0.000000 
50 0.000000 
51 0.000000 
52 0.000000 
53 0.000000 
54 0.000000 
55 0.000000 
56 0.000000 
57 0.000000 
58 0.000000 
59 0.000000 
60 0.000000 
61 0.000000 
62 0.000000 
63 0.000000 
64 0.000000 
65 0.000000 
66 0.000000 
67 0.000000 
68 0.000000 
69 0.000000 
70 0.000000 
71 0.000000 
72 0.000000 
73 0.000000 
74 0.000000 
75 0.000000 
76 0.000000 
77 0.000000 
78 0.000000 
79 0.000000 
80 0.000000 
81 0.000000 
82 0.000000 
83 0.000000 
84 0.000000 
85 0.000000 
86 0.000000 
87 0.000000 
88 0.000000 
89 0.000000 
90 0.000000 
91 0.083416 
92 0.163884 
93 0.241482 
94 0.316287 
95 0.388373 
96 0.457812 
97 0.524676 
98 0.589034 
99 0.650954 
100 0.710502 
101 0.767742 
102 0.822737 
103 0.875549 
104 0.926237 
105 0.974861 
106 1.021477 
107 1.066141 
108 1.108908 
109 1.149831 
110 1.188961 
111 1.226349 
112 1.262045 
113 1.296096 
114 1.328550 
115 1.359452 
116 1.388848 
117 1.416779 
118 1.443291 
119 1.468422 
120 1.492215 
121 1.514709 
122 1.535942 
123 1.555951 
124 1.574774 
125 1.592446 
126 1.609001 
127 1.624474 
128 1.638898 
129 1.652305 
130 1.664726 
131 1.676193 
132 1.686734 
133 1.696380 
134 1.705158 
135 1.713096 
136 1.720221 
137 1.726559 
138 1.732137 
139 1.736978 
140 1.741107 
141 1.744548 
142 1.747323 
143 1.749456 
144 1.750968 
145 1.751880 
146 1.752213 
147 1.751988 
148 1.721030 
149 1.690618 
150 1.660745 
151 1.631399 
152 1.602571 
153 1.574253 
154 1.546436 
155 1.519110 
156 1.492267 
157 1.465898 
158 1.439995 
159 1.414550 
160 1.389554 
161 1.365000 
162 1.340880 
163 1.317186 
164 1.293911 
165 1.271047 
166 1.248588 
167 1.226525 
168 1.204851 
169 1.183561 
170 1.162647 
171 1.142103 
172 1.121922 
173 1.102097 
174 1.082623 
175 1.063492 
176 1.044700 
177 1.026240 
178 1.008106 
179 0.990292 
180 0.972793 
181 0.955604 
182 0.938759 
183 0.922291 
184 0.906230 
185 0.890604 
186 0.875437 
187 0.860751 
188 0.846569 
189 0.832907 
190 0.819782 
191 0.807208 
192 0.795199 
193 0.783765 
194 0.772915 
195 0.762656 
196 0.752997 
197 0.743940 
198 0.735490 
199 0.727649 
200 0.720418 
201 0.713798 
202 0.707786 
203 0.702382 
204 0.697582 
205 0.693383 
206 0.689779 
207 0.686766 
208 0.684337 
209 0.682486 
210 0.681206 
211 0.680488 
212 0.680323 
213 0.680704 
214 0.681620 
215 0.683062 
216 0.685020 
217 0.687483 
218 0.690439 
219 0.693879 
220 0.697790 
221 0.702160 
222 0.706979 
223 0.712234 
224 0.717912 
225 0.724002 
226 0.730490 
227 0.737365 
228 0.744614 
229 0.752225 
230 0.760184 
231 0.768478 
232 0.777096 
233 0.786025 
234 0.795252 
235 0.804763 
236 0.814548 
237 0.824593 
238 0.834887 
239 0.845386 
240 0.856052 
241 0.866847 
242 0.877736 
243 0.888685 
244 0.899661 
245 0.910637 
246 0.921583 
247 0.932472 
248 0.943280 
249 0.953984 
250 0.964562 
251 0.974993 
252 0.985258 
253 0.995339 
254 1.005220 
255 1.014886 
256 1.024321 
257 1.033514 
258 1.042451 
259 1.051123 
260 1.059518 
261 1.067627 
262 1.075443 
263 1.082957 
264 1.090164 
265 1.097056 
266 1.103629 
267 1.109879 
268 1.115800 
269 1.121392 
270 1.126649 
271 1.131571 
272 1.136157 
273 1.140404 
274 1.144312 
275 1.147882 
276 1.151114 
277 1.154010 
278 1.156570 
279 1.158796 
280 1.160691 
281 1.162259 
282 1.163501 
283 1.164423 
284 1.165027 
285 1.165319 
286 1.165303 
287 1.164985 
288 1.164369 
289 1.163463 
290 1.162272 
291 1.160802 
292 1.159060 
293 1.157054 
294 1.154790 
295 1.152275 
296 1.149524 
297 1.146548 
298 1.143360 
299 1.139972 
300 1.136398 
301 1.132648 
302 1.128736 
303 1.124671 
304 1.120467 
305 1.116134 
306 1.111683 
307 1.107126 
308 1.102473 
309 1.097735 
310 1.092922 
311 1.088045 
312 1.083113 
313 1.078137 
314 1.073126 
315 1.068089 
316 1.063036 
317 1.057976 
318 1.052917 
319 1.047870 
320 1.042841 
321 1.037840 
322 1.032874 
323 1.027951 
324 1.023079 
325 1.018267 
326 1.013519 
327 1.008845 
328 1.004251 
329 0.999744 
330 0.995330 
331 0.991015 
332 0.986805 
333 0.982707 
334 0.978725 
335 0.974865 
336 0.971131 
337 0.967529 
338 0.964061 
339 0.960733 
340 0.957547 
341 0.954508 
342 0.951616 
343 0.948876 
344 0.946290 
345 0.943858 
346 0.941584 
347 0.939467 
348 0.937510 
349 0.935712 
350 0.934074 
351 0.932596 
352 0.931277 
353 0.930117 
354 0.929115 
355 0.928270 
356 0.927580 
357 0.927045 
358 0.926660 
359 0.926426 
360 0.926339 
361 0.926396 
362 0.926595 
363 0.926933 
364 0.927406 
365 0.928011 
366 0.928745 
367 0.929604 
368 0.930583 
369 0.931679 
370 0.932888 
371 0.934205 
372 0.935625 
373 0.937145 
374 0.938760 
375 0.940464 
376 0.942254 
377 0.944123 
378 0.946068 
379 0.948083 
380 0.950163 
381 0.952303 
382 0.954498 
383 0.956742 
384 0.959031 
385 0.961360 
386 0.963723 
387 0.966115 
388 0.968531 
389 0.970966 
390 0.973415 
391 0.975873 
392 0.978335 
393 0.980796 
394 0.983252 
395 0.985699 
396 0.988130 
397 0.990544 
398 0.992934 
399 0.995297 
400 0.997630 
401 0.999927 
402 1.002187 
403 1.004405 
404 1.006577 
405 1.008701 
406 1.010774 
407 1.012793 
408 1.014755 
409 1.016658 
410 1.018498 
411 1.020275 
412 1.021986 
413 1.023628 
414 1.025202 
415 1.026704 
416 1.028133 
417 1.029489 
418 1.030770 
419 1.031975 
420 1.033104 
421 1.034156 
422 1.035130 
423 1.036027 
424 1.036846 
425 1.037586 
426 1.038249 
427 1.038835 
428 1.039344 
429 1.039776 
430 1.040133 
431 1.040414 
432 1.040622 
433 1.040756 
434 1.040819 
435 1.040812 
436 1.040735 
437 1.040591 
438 1.040381 
439 1.040106 
440 1.039769 
441 1.039372 
442 1.038915 
443 1.038402 
444 1.037834 
445 1.037214 
446 1.036543 
447 1.035824 
448 1.035059 
449 1.034250 
450 1.033401 
451 1.032512 
452 1.031587 
453 1.030629 
454 1.029638 
455 1.028619 
456 1.027573 
457 1.026503 
458 1.025411 
459 1.024300 
460 1.023172 
461 1.022030 
462 1.020875 
463 1.019711 
464 1.018540 
465 1.017364 
466 1.016185 
467 1.015005 
468 1.013828 
469 1.012654 
470 1.011486 
471 1.010326 
472 1.009175 
473 1.008037 
474 1.006913 
475 1.005804 
476 1.004713 
477 1.003641 
478 1.002589 
479 1.001559 
480 1.000554 
481 0.999573 
482 0.998619 
483 0.997692 
484 0.996795 
485 0.995927 
486 0.995091 
487 0.994286 
488 0.993514 
489 0.992776 
490 0.992073 
491 0.991404 
492 0.990771 
493 0.990174 
494 0.989613 
495 0.989090 
496 0.988603 
497 0.988154 
498 0.987742 
499 0.987367 
500 0.987030 
501 0.986730 
502 0.986467 
503 0.986241 
504 0.986052 
505 0.985899 
506 0.985782 
507 0.985700 
508 0.985653 
509 0.985640 
510 0.985661 
511 0.985715 
512 0.985800 
513 0.985918 
514 0.986065 
515 0.986243 
516 0.986449 
517 0.986683 
518 0.986944 
519 0.987231 
520 0.987542 
521 0.987877 
522 0.988235 
523 0.988615 
524 0.989015 
525 0.989434 
526 0.989871 
527 0.990326 
528 0.990796 
529 0.991281 
530 0.991779 
531 0.992289 
532 0.992811 
533 0.993342 
534 0.993882 
535 0.994430 
536 0.994983 
537 0.995543 
538 0.996106 
539 0.996672 
540 0.997240 
541 0.997808 
542 0.998376 
543 0.998943 
544 0.999508 
545 1.000069 
546 1.000625 
547 1.001176 
548 1.001721 
549 1.002259 
550 1.002789 
551 1.003309 
552 1.003821 
553 1.004321 
554 1.004811 
555 1.005289 
556 1.005754 
557 1.006206 
558 1.006644 
559 1.007068 
560 1.007478 
561 1.007872 
562 1.008250 
563 1.008613 
564 1.008959 
565 1.009288 
566 1.009600 
567 1.009895 
568 1.010172 
569 1.010432 
570 1.010674 
571 1.010898 
572 1.011104 
573 1.011292 
574 1.011462 
575 1.011614 
576 1.011748 
577 1.011864 
578 1.011963 
579 1.012044 
580 1.012107 
581 1.012154 
582 1.012184 
583 1.012197 
584 1.012194 
585 1.012175 
586 1.012140 
587 1.012090 
588 1.012025 
589 1.011946 
590 1.011852 
591 1.011745 
592 1.011625 
593 1.011493 
594 1.011348 
595 1.011191 
596 1.011024 
597 1.010846 
598 1.010657 
599 1.010460 
600 1.010253 
601 1.010038 
602 1.009815 
603 1.009585 
604 1.009348 
605 1.009105 
606 1.008856 
607 1.008602 
608 1.008344 
609 1.008082 
610 1.007817 
611 1.007549 
612 1.007279 
613 1.007007 
614 1.006734 
615 1.006461 
616 1.006187 
617 1.005914 
618 1.005642 
619 1.005371 
620 1.005103 
621 1.004836 
622 1.004573 
623 1.004312 
624 1.004056 
625 1.003803 
626 1.003555 
627 1.003312 
628 1.003074 
629 1.002841 
630 1.002615 
631 1.002394 
632 1.002180 
633 1.001973 
634 1.001773 
635 1.001580 
636 1.001394 
637 1.001217 
638 1.001047 
639 1.000884 
640 1.000731 
641 1.000585 
642 1.000448 
643 1.000319 
644 1.000199 
645 1.000087 
646 0.999984 
647 0.999890 
648 0.999804 
649 0.999727 
650 0.999658 
651 0.999599 
652 0.999547 
653 0.999505 
654 0.999470 
655 0.999444 
656 0.999426 
657 0.999416 
658 0.999415 
659 0.999420 
660 0.999434 
661 0.999455 
662 0.999483 
663 0.999518 
664 0.999560 
665 0.999608 
666 0.999663 
667 0.999725 
668 0.999792 
669 0.999865 
670 0.999943 
671 1.000027 
672 1.000115 
673 1.000208 
674 1.000306 
675 1.000408 
676 1.000513 
677 1.000623 
678 1.000735 
679 1.000851 
680 1.000970 
681 1.001091 
682 1.001214 
683 1.001339 
684 1.001466 
685 1.001595 
686 1.001725 
687 1.001855 
688 1.001986 
689 1.002118 
690 1.002249 
691 1.002381 
692 1.002512 
693 1.002643 
694 1.002773 
695 1.002901 
696 1.003029 
697 1.003155 
698 1.003279 
699 1.003402 
700 1.003522 
701 1.003640 
702 1.003756 
703 1.003869 
704 1.003979 
705 1.004087 
706 1.004191 
707 1.004292 
708 1.004390 
709 1.004485 
710 1.004576 
711 1.004663 
712 1.004746 
713 1.004826 
714 1.004902 
715 1.004974 
716 1.005042 
717 1.005105 
718 1.005165 
719 1.005221 
720 1.005272 
721 1.005319 
722 1.005362 
723 1.005401 
724 1.005436 
725 1.005467 
726 1.005493 
727 1.005515 
728 1.005534 
729 1.005548 
730 1.005558 
731 1.005565 
732 1.005567 
733 1.005566 
734 1.005561 
735 1.005553 
736 1.005541 
737 1.005526 
738 1.005507 
739 1.005485 
740 1.005460 
741 1.005432 
742 1.005400 
743 1.005367 
744 1.005330 
745 1.005291 
746 1.005249 
747 1.005205 
748 1.005159 
749 1.005111 
750 1.005061 
751 1.005009 
752 1.004956 
753 1.004901 
754 1.004844 
755 1.004786 
756 1.004728 
757 1.004668 
758 1.004607 
759 1.004545 
760 1.004483 
761 1.004420 
762 1.004357 
763 1.004294 
764 1.004231 
765 1.004167 
766 1.004104 
767 1.004041 
768 1.003979 
769 1.003916 
770 1.003855 
771 1.003794 
772 1.003733 
773 1.003674 
774 1.003616 
775 1.003558 
776 1.003502 
777 1.003447 
778 1.003393 
779 1.003341 
780 1.003290 
781 1.003241 
782 1.003193 
783 1.003147 
784 1.003102 
785 1.003060 
786 1.003019 
787 1.002979 
788 1.002942 
789 1.002907 
790 1.002873 
791 1.002841 
792 1.002812 
793 1.002784 
794 1.002759 
795 1.002735 
796 1.002713 
797 1.002694 
798 1.002676 
799 1.002661 
800 1.002647 
801 1.002635 
802 1.002626 
803 1.002618 
804 1.002612 
805 1.002608 
806 1.002606 
807 1.002606 
808 1.002607 
809 1.002611 
810 1.002616 
811 1.002622 
812 1.002631 
813 1.002641 
814 1.002652 
815 1.002665 
816 1.002679 
817 1.002695 
818 1.002712 
819 1.002730 
820 1.002750 
821 1.002771 
822 1.002792 
823 1.002815 
824 1.002839 
825 1.002863 
826 1.002889 
827 1.002915 
828 1.002942 
829 1.002969 
830 1.002998 
831 1.003026 
832 1.003055 
833 1.003085 
834 1.003115 
835 1.003145 
836 1.003175 
837 1.003205 
838 1.003236 
839 1.003266 
840 1.003297 
841 1.003327 
842 1.003357 
843 1.003387 
844 1.003417 
845 1.003447 
846 1.003476 
847 1.003505 
848 1.003533 
849 1.003561 
850 1.003588 
851 1.003615 
852 1.003641 
853 1.003666 
854 1.003691 
855 1.003715 
856 1.003739 
857 1.003761 
858 1.003783 
859 1.003804 
860 1.003824 
861 1.003843 
862 1.003862 
863 1.003879 
864 1.003896 
865 1.003911 
866 1.003926 
867 1.003940 
868 1.003952 
869 1.003964 
870 1.003975 
871 1.003985 
872 1.003994 
873 1.004002 
874 1.004009 
875 1.004015 
876 1.004020 
877 1.004024 
878 1.004027 
879 1.004029 
880 1.004031 
881 1.004031 
882 1.004031 
883 1.004030 
884 1.004028 
885 1.004025 
886 1.004021 
887 1.004017 
888 1.004012 
889 1.004006 
890 1.003999 
891 1.003992 
892 1.003984 
893 1.003975 
894 1.003966 
895 1.003956 
896 1.003946 
897 1.003936 
898 1.003924 
899 1.003913 
900 1.003901 
901 1.003888 
902 1.003875 
903 1.003862 
904 1.003849 
905 1.003835 
906 1.003821 
907 1.003807 
908 1.003793 
909 1.003778 
910 1.003764 
911 1.003749 
912 1.003735 
913 1.003720 
914 1.003705 
915 1.003691 
916 1.003676 
917 1.003662 
918 1.003647 
919 1.003633 
920 1.003619 
921 1.003605 
922 1.003591 
923 1.003578 
924 1.003564 
925 1.003551 
926 1.003539 
927 1.003526 
928 1.003514 
929 1.003502 
930 1.003491 
931 1.003480 
932 1.003469 
933 1.003459 
934 1.003449 
935 1.003440 
936 1.003431 
937 1.003422 
938 1.003414 
939 1.003406 
940 1.003399 
941 1.003392 
942 1.003386 
943 1.003380 
944 1.003374 
945 1.003370 
946 1.003365 
947 1.003361 
948 1.003357 
949 1.003354 
950 1.003352 
951 1.003350 
952 1.003348 
953 1.003347 
954 1.003346 
955 1.003345 
956 1.003345 
957 1.003346 
958 1.003346 
959 1.003348 
960 1.003349 
961 1.003351 
962 1.003354 
963 1.003356 
964 1.003359 
965 1.003363 
966 1.003366 
967 1.003370 
968 1.003375 
969 1.003379 
970 1.003384 
971 1.003389 
972 1.003394 
973 1.003400 
974 1.003406 
975 1.003411 
976 1.003418 
977 1.003424 
978 1.003430 
979 1.003437 
980 1.003443 
981 1.003450 
982 1.003457 
983 1.003464 
984 1.003471 
985 1.003478 
986 1.003485 
987 1.003492 
988 1.003499 
989 1.003506 
990 1.003513 
991 1.003520 
992 1.003527 
993 1.003534 
994 1.003541 
995 1.003548 
996 1.003554 
997 1.003561 
998 1.003567 
999 1.003574 
1000 1.003580 
1001 1.003586 
1002 1.003592 
1003 1.003597 
1004 1.003603 
1005 1.003608 
1006 1.003613 
1007 1.003619 
1008 1.003623 
1009 1.003628 
1010 1.003632 
1011 1.003637 
1012 1.003641 
1013 1.003644 
1014 1.003648 
1015 1.003651 
1016 1.003655 
1017 1.003658 
1018 1.003660 
1019 1.003663 
1020 1.003665 
1021 1.003667 
1022 1.003669 
1023 1.003670 
1024 1.003672 
1025 1.003673 
1026 1.003674 
1027 1.003675 
1028 1.003675 
1029 1.003675 
1030 1.003675 
1031 1.003675 
1032 1.003675 
1033 1.003675 
1034 1.003674 
1035 1.003673 
1036 1.003672 
1037 1.003671 
1038 1.003669 
1039 1.003668 
1040 1.003666 
1041 1.003664 
1042 1.003662 
1043 1.003660 
1044 1.003658 
1045 1.003655 
1046 1.003653 
1047 1.003650 
1048 1.003648 
1049 1.003645 
1050 1.003642 
1051 1.003639 
1052 1.003636 
1053 1.003633 
1054 1.003630 
1055 1.003626 
1056 1.003623 
1057 1.003620 
1058 1.003616 
1059 1.003613 
1060 1.003610 
1061 1.003606 
1062 1.003603 
1063 1.003600 
1064 1.003596 
1065 1.003593 
1066 1.003589 
1067 1.003586 
1068 1.003583 
1069 1.003579 
1070 1.003576 
1071 1.003573 
1072 1.003570 
1073 1.003567 
1074 1.003564 
1075 1.003561 
1076 1.003558 
1077 1.003555 
1078 1.003553 
1079 1.003550 
1080 1.003547 
1081 1.003545 
1082 1.003543 
1083 1.003540 
1084 1.003538 
1085 1.003536 
1086 1.003534 
1087 1.003532 
1088 1.003530 
1089 1.003529 
1090 1.003527 
1091 1.003526 
1092 1.003524 
1093 1.003523 
1094 1.003522 
1095 1.003521 
1096 1.003520 
1097 1.003519 
1098 1.003519 
1099 1.003518 
1100 1.003517 
1101 1.003517 
1102 1.003517 
1103 1.003517 
1104 1.003516 
1105 1.003516 
1106 1.003517 
1107 1.003517 
1108 1.003517 
1109 1.003517 
1110 1.003518 
1111 1.003518 
1112 1.003519 
1113 1.003520 
1114 1.003521 
1115 1.003521 
1116 1.003522 
1117 1.003523 
1118 1.003524 
1119 1.003526 
1120 1.003527 
1121 1.003528 
1122 1.003529 
1123 1.003531 
1124 1.003532 
1125 1.003533 
1126 1.003535 
1127 1.003536 
1128 1.003538 
1129 1.003539 
1130 1.003541 
1131 1.003543 
1132 1.003544 
1133 1.003546 
1134 1.003547 
1135 1.003549 
1136 1.003551 
1137 1.003552 
1138 1.003554 
1139 1.003556 
1140 1.003557 
1141 1.003559 
1142 1.003560 
1143 1.003562 
1144 1.003564 
1145 1.003565 
1146 1.003567 
1147 1.003568 
1148 1.003570 
1149 1.003571 
1150 1.003572 
1151 1.003574 
1152 1.003575 
1153 1.003576 
1154 1.003578 
1155 1.003579 
1156 1.003580 
1157 1.003581 
1158 1.003582 
1159 1.003583 
1160 1.003584 
1161 1.003585 
1162 1.003586 
1163 1.003587 
1164 1.003588 
1165 1.003588 
1166 1.003589 
1167 1.003590 
1168 1.003590 
1169 1.003591 
1170 1.003591 
1171 1.003592 
1172 1.003592 
1173 1.003592 
1174 1.003592 
1175 1.003593 
1176 1.003593 
1177 1.003593 
1178 1.003593 
1179 1.003593 
1180 1.003593 
1181 1.003593 
1182 1.003593 
1183 1.003593 
1184 1.003592 
1185 1.003592 
1186 1.003592 
1187 1.003592 
1188 1.003591 
1189 1.003591 
1190 1.003590 
1191 1.003590 
1192 1.003589 
1193 1.003589 
1194 1.003588 
1195 1.003588 
1196 1.003587 
1197 1.003587 
1198 1.003586 
1199 1.003585 
1200 1.003585 
1201 1.003584 
1202 1.003583 
1203 1.003582 
1204 1.003582 
1205 1.003581 
1206 1.003580 
1207 1.003579 
1208 1.003579 
1209 1.003578 
1210 1.003577 
1211 1.003576 
1212 1.003575 
1213 1.003575 
1214 1.003574 
1215 1.003573 
1216 1.003572 
1217 1.003571 
1218 1.003571 
1219 1.003570 
1220 1.003569 
1221 1.003569 
1222 1.003568 
1223 1.003567 
1224 1.003566 
1225 1.003566 
1226 1.003565 
1227 1.003564 
1228 1.003564 
1229 1.003563 
1230 1.003563 
1231 1.003562 
1232 1.003562 
1233 1.003561 
1234 1.003561 
1235 1.003560 
1236 1.003560 
1237 1.003559 
1238 1.003559 
1239 1.003559 
1240 1.003558 
1241 1.003558 
1242 1.003558 
1243 1.003557 
1244 1.003557 
1245 1.003557 
1246 1.003557 
1247 1.003557 
1248 1.003556 
1249 1.003556 
1250 1.003556 
1251 1.003556 
1252 1.003556 
1253 1.003556 
1254 1.003556 
1255 1.003556 
1256 1.003556 
1257 1.003556 
1258 1.003556 
1259 1.003556 
1260 1.003557 
1261 1.003557 
1262 1.003557 
1263 1.003557 
1264 1.003557 
1265 1.003558 
1266 1.003558 
1267 1.003558 
1268 1.003558 
1269 1.003559 
1270 1.003559 
1271 1.003559 
1272 1.003559 
1273 1.003560 
1274 1.003560 
1275 1.003560 
1276 1.003561 
1277 1.003561 
1278 1.003561 
1279 1.003562 
1280 1.003562 
1281 1.003563 
1282 1.003563 
1283 1.003563 
1284 1.003564 
1285 1.003564 
1286 1.003564 
1287 1.003565 
1288 1.003565 
1289 1.003566 
1290 1.003566 
1291 1.003566 
1292 1.003567 
1293 1.003567 
1294 1.003567 
1295 1.003568 
1296 1.003568 
1297 1.003568 
1298 1.003569 
1299 1.003569 
1300 1.003569 
1301 1.003570 
1302 1.003570 
1303 1.003570 
1304 1.003571 
1305 1.003571 
1306 1.003571 
1307 1.003571 
1308 1.003572 
1309 1.003572 
1310 1.003572 
1311 1.003572 
1312 1.003572 
1313 1.003573 
1314 1.003573 
1315 1.003573 
1316 1.003573 
1317 1.003573 
1318 1.003573 
1319 1.003574 
1320 1.003574 
1321 1.003574 
1322 1.003574 
1323 1.003574 
1324 1.003574 
1325 1.003574 
1326 1.003574 
1327 1.003574 
1328 1.003574 
1329 1.003574 
1330 1.003574 
1331 1.003574 
1332 1.003574 
1333 1.003574 
1334 1.003574 
1335 1.003574 
1336 1.003574 
1337 1.003574 
1338 1.003574 
1339 1.003573 
1340 1.003573 
1341 1.003573 
1342 1.003573 
1343 1.003573 
1344 1.003573 
1345 1.003573 
1346 1.003573 
1347 1.003572 
1348 1.003572 
1349 1.003572 
1350 1.003572 
1351 1.003572 
1352 1.003572 
1353 1.003571 
1354 1.003571 
1355 1.003571 
1356 1.003571 
1357 1.003571 
1358 1.003570 
1359 1.003570 
1360 1.003570 
1361 1.003570 
1362 1.003570 
1363 1.003570 
1364 1.003569 
1365 1.003569 
1366 1.003569 
1367 1.003569 
1368 1.003569 
1369 1.003568 
1370 1.003568 
1371 1.003568 
1372 1.003568 
1373 1.003568 
1374 1.003568 
1375 1.003568 
1376 1.003567 
1377 1.003567 
1378 1.003567 
1379 1.003567 
1380 1.003567 
1381 1.003567 
1382 1.003567 
1383 1.003566 
1384 1.003566 
1385 1.003566 
1386 1.003566 
1387 1.003566 
1388 1.003566 
1389 1.003566 
1390 1.003566 
1391 1.003566 
1392 1.003566 
1393 1.003566 
1394 1.003565 
1395 1.003565 
1396 1.003565 
1397 1.003565 
1398 1.003565 
1399 1.003565 
1400 1.003565 
1401 1.003565 
1402 1.003565 
1403 1.003565 
1404 1.003565 
1405 1.003565 
1406 1.003565 
1407 1.003565 
1408 1.003565 
1409 1.003565 
1410 1.003565 
1411 1.003565 
1412 1.003565 
1413 1.003565 
1414 1.003565 
1415 1.003565 
1416 1.003566 
1417 1.003566 
1418 1.003566 
1419 1.003566 
1420 1.003566 
1421 1.003566 
1422 1.003566 
1423 1.003566 
1424 1.003566 
1425 1.003566 
1426 1.003566 
1427 1.003566 
1428 1.003566 
1429 1.003566 
1430 1.003567 
1431 1.003567 
1432 1.003567 
1433 1.003567 
1434 1.003567 
1435 1.003567 
1436 1.003567 
1437 1.003567 
1438 1.003567 
1439 1.003567 
1440 1.003567 
1441 1.003568 
1442 1.003568 
1443 1.003568 
1444 1.003568 
1445 1.003568 
1446 1.003568 
1447 1.003568 
1448 1.003568 
1449 1.003568 
1450 1.003568 
1451 1.003568 
1452 1.003569 
1453 1.003569 
1454 1.003569 
1455 1.003569 
1456 1.003569 
1457 1.003569 
1458 1.003569 
1459 1.003569 
1460 1.003569 
1461 1.003569 
1462 1.003569 
1463 1.003569 
1464 1.003569 
1465 1.003569 
1466 1.003569 
1467 1.003570 
1468 1.003570 
1469 1.003570 
1470 1.003570 
1471 1.003570 
1472 1.003570 
1473 1.003570 
1474 1.003570 
1475 1.003570 
1476 1.003570 
1477 1.003570 
1478 1.003570 
1479 1.003570 
1480 1.003570 
1481 1.003570 
1482 1.003570 
1483 1.003570 
1484 1.003570 
1485 1.003570 
1486 1.003570 
1487 1.003570 
1488 1.003570 
1489 1.003570 
1490 1.003570 
1491 1.003570 
1492 1.003570 
1493 1.003570 
1494 1.003570 
1495 1.003570 
1496 1.003570 
1497 1.003570 
1498 1.003570 
1499 1.003570 
1500 1.003570 
1501 1.003570 
1502 1.003570 
1503 1.003569 
1504 1.003569 
1505 1.003569 
1506 1.003569 
1507 1.003569 
1508 1.003569 
1509 1.003569 
1510 1.003569 
1511 1.003569 
1512 1.003569 
1513 1.003569 
1514 1.003569 
1515 1.003569 
1516 1.003569 
1517 1.003569 
1518 1.003569 
1519 1.003569 
1520 1.003569 
1521 1.003569 
1522 1.003568 
1523 1.003568 
1524 1.003568 
1525 1.003568 
1526 1.003568 
1527 1.003568 
1528 1.003568 
1529 1.003568 
1530 1.003568 
1531 1.003568 
1532 1.003568 
1533 1.003568 
1534 1.003568 
1535 1.003568 
1536 1.003568 
1537 1.003568 
1538 1.003567 
1539 1.003567 
1540 1.003567 
1541 1.003567 
1542 1.003567 
1543 1.003567 
1544 1.003567 
1545 1.003567 
1546 1.003567 
1547 1.003567 
1548 1.003567 
1549 1.003567 
1550 1.003567 
1551 1.003567 
1552 1.003567 
1553 1.003567 
1554 1.003567 
1555 1.003567 
1556 1.003567 
1557 1.003567 
1558 1.003567 
1559 1.003566 
1560 1.003566 
1561 1.003566 
1562 1.003566 
1563 1.003566 
1564 1.003566 
1565 1.003566 
1566 1.003566 
1567 1.003566 
1568 1.003566 
1569 1.003566 
1570 1.003566 
1571 1.003566 
1572 1.003566 
1573 1.003566 
1574 1.003566 
1575 1.003566 
1576 1.003566 
1577 1.003566 
1578 1.003566 
1579 1.003566 
1580 1.003566 
1581 1.003567 
1582 1.003567 
1583 1.003567 
1584 1.003567 
1585 1.003567 
1586 1.003567 
1587 1.003567 
1588 1.003567 
1589 1.003567 
1590 1.003567 
1591 1.003567 
1592 1.003567 
1593 1.003567 
1594 1.003567 
1595 1.003567 
1596 1.003567 
1597 1.003567 
1598 1.003567 
1599 1.003568 
1600 1.003568 
1601 1.003568 
1602 1.003568 
1603 1.003568 
1604 1.003568 
1605 1.003568 
1606 1.003568 
1607 1.003568 
1608 1.003568 
1609 1.003568 
1610 1.003569 
1611 1.003569 
1612 1.003569 
1613 1.003569 
1614 1.003569 
1615 1.003569 
1616 1.003569 
1617 1.003569 
1618 1.003569 
1619 1.003569 
1620 1.003569 
1621 1.003570 
1622 1.003570 
1623 1.003570 
1624 1.003570 
1625 1.003570 
1626 1.003570 
1627 1.003570 
1628 1.003570 
1629 1.003570 
1630 1.003570 
1631 1.003570 
1632 1.003571 
1633 1.003571 
1634 1.003571 
1635 1.003571 
1636 1.003571 
1637 1.003571 
1638 1.003571 
1639 1.003571 
1640 1.003571 
1641 1.003571 
1642 1.003571 
1643 1.003571 
1644 1.003571 
1645 1.003571 
1646 1.003571 
1647 1.003571 
1648 1.003571 
1649 1.003571 
1650 1.003571 
1651 1.003571 
1652 1.003571 
1653 1.003571 
1654 1.003571 
1655 1.003571 
1656 1.003571 
1657 1.003571 
1658 1.003571 
1659 1.003571 
1660 1.003571 
1661 1.003571 
1662 1.003571 
1663 1.003571 
1664 1.003571 
1665 1.003571 
1666 1.003570 
1667 1.003570 
1668 1.003570 
1669 1.003570 
1670 1.003570 
1671 1.003570 
1672 1.003570 
1673 1.003570 
1674 1.003569 
1675 1.003569 
1676 1.003569 
1677 1.003569 
1678 1.003569 
1679 1.003569 
1680 1.003569 
1681 1.003568 
1682 1.003568 
1683 1.003568 
1684 1.003568 
1685 1.003568 
1686 1.003568 
1687 1.003567 
1688 1.003567 
1689 1.003567 
1690 1.003567 
1691 1.003567 
1692 1.003566 
1693 1.003566 
1694 1.003566 
1695 1.003566 
1696 1.003566 
1697 1.003565 
1698 1.003565 
1699 1.003565 
1700 1.003565 
1701 1.003565 
1702 1.003564 
1703 1.003564 
1704 1.003564 
1705 1.003564 
1706 1.003564 
1707 1.003564 
1708 1.003563 
1709 1.003563 
1710 1.003563 
1711 1.003563 
1712 1.003563 
1713 1.003563 
1714 1.003563 
1715 1.003563 
1716 1.003562 
1717 1.003562 
1718 1.003562 
1719 1.003562 
1720 1.003562 
1721 1.003562 
1722 1.003562 
1723 1.003562 
1724 1.003562 
1725 1.003562 
1726 1.003562 
1727 1.003562 
1728 1.003562 
1729 1.003562 
1730 1.003562 
1731 1.003562 
1732 1.003562 
1733 1.003562 
1734 1.003562 
1735 1.003563 
1736 1.003563 
1737 1.003563 
1738 1.003563 
1739 1.003563 
1740 1.003563 
1741 1.003563 
1742 1.003564 
1743 1.003564 
1744 1.003564 
1745 1.003564 
1746 1.003565 
1747 1.003565 
1748 1.003565 
1749 1.003565 
1750 1.003566 
1751 1.003566 
1752 1.003566 
1753 1.003567 
1754 1.003567 
1755 1.003567 
1756 1.003568 
1757 1.003568 
1758 1.003568 
1759 1.003569 
1760 1.003569 
1761 1.003570 
1762 1.003570 
1763 1.003570 
1764 1.003571 
1765 1.003571 
1766 1.003571 
1767 1.003572 
1768 1.003572 
1769 1.003573 
1770 1.003573 
1771 1.003573 
1772 1.003574 
1773 1.003574 
1774 1.003575 
1775 1.003575 
1776 1.003575 
1777 1.003576 
1778 1.003576 
1779 1.003577 
1780 1.003577 
1781 1.003577 
1782 1.003578 
1783 1.003578 
1784 1.003578 
1785 1.003578 
1786 1.003579 
1787 1.003579 
1788 1.003579 
1789 1.003579 
1790 1.003580 
1791 1.003580 
1792 1.003580 
1793 1.003580 
1794 1.003580 
1795 1.003581 
1796 1.003581 
1797 1.003581 
1798 1.003581 
1799 1.003581 
1800 1.003581 
1801 1.003581 
1802 1.003581 
1803 1.003581 
1804 1.003581 
1805 1.003580 
1806 1.003580 
1807 1.003580 
1808 1.003580 
1809 1.003580 
1810 1.003580 
1811 1.003579 
1812 1.003579 
1813 1.003579 
1814 1.003578 
1815 1.003578 
1816 1.003578 
1817 1.003577 
1818 1.003577 
1819 1.003576 
1820 1.003576 
1821 1.003575 
1822 1.003575 
1823 1.003574 
1824 1.003574 
1825 1.003573 
1826 1.003572 
1827 1.003572 
1828 1.003571 
1829 1.003570 
1830 1.003570 
1831 1.003569 
1832 1.003568 
1833 1.003567 
1834 1.003567 
1835 1.003566 
1836 1.003565 
1837 1.003564 
1838 1.003563 
1839 1.003563 
1840 1.003562 
1841 1.003561 
1842 1.003560 
1843 1.003559 
1844 1.003558 
1845 1.003558 
1846 1.003557 
1847 1.003556 
1848 1.003555 
1849 1.003554 
1850 1.003554 
1851 1.003553 
1852 1.003552 
1853 1.003551 
1854 1.003550 
1855 1.003550 
1856 1.003549 
1857 1.003548 
1858 1.003548 
1859 1.003547 
1860 1.003547 
1861 1.003546 
1862 1.003545 
1863 1.003545 
1864 1.003544 
1865 1.003544 
1866 1.003544 
1867 1.003543 
1868 1.003543 
1869 1.003543 
1870 1.003542 
1871 1.003542 
1872 1.003542 
1873 1.003542 
1874 1.003542 
1875 1.003542 
1876 1.003542 
1877 1.003542 
1878 1.003542 
1879 1.003542 
1880 1.003543 
1881 1.003543 
1882 1.003543 
1883 1.003544 
1884 1.003544 
1885 1.003545 
1886 1.003545 
1887 1.003546 
1888 1.003547 
1889 1.003547 
1890 1.003548 
1891 1.003549 
1892 1.003550 
1893 1.003551 
1894 1.003552 
1895 1.003553 
1896 1.003554 
1897 1.003555 
1898 1.003556 
1899 1.003558 
1900 1.003559 
1901 1.003560 
1902 1.003562 
1903 1.003563 
1904 1.003565 
1905 1.003566 
1906 1.003568 
1907 1.003569 
1908 1.003571 
1909 1.003572 
1910 1.003574 
1911 1.003576 
1912 1.003577 
1913 1.003579 
1914 1.003581 
1915 1.003582 
1916 1.003584 
1917 1.003586 
1918 1.003588 
1919 1.003589 
1920 1.003591 
1921 1.003593 
1922 1.003594 
1923 1.003596 
1924 1.003598 
1925 1.003599 
1926 1.003601 
1927 1.003603 
1928 1.003604 
1929 1.003606 
1930 1.003607 
1931 1.003609 
1932 1.003610 
1933 1.003611 
1934 1.003613 
1935 1.003614 
1936 1.003615 
1937 1.003616 
1938 1.003617 
1939 1.003618 
1940 1.003619 
1941 1.003620 
1942 1.003620 
1943 1.003621 
1944 1.003621 
1945 1.003622 
1946 1.003622 
1947 1.003622 
1948 1.003623 
1949 1.003623 
1950 1.003623 
1951 1.003622 
1952 1.003622 
1953 1.003622 
1954 1.003621 
1955 1.003621 
1956 1.003620 
1957 1.003619 
1958 1.003618 
1959 1.003617 
1960 1.003616 
1961 1.003615 
1962 1.003613 
1963 1.003612 
1964 1.003610 
1965 1.003609 
1966 1.003607 
1967 1.003605 
1968 1.003603 
1969 1.003601 
1970 1.003598 
1971 1.003596 
1972 1.003594 
1973 1.003591 
1974 1.003588 
1975 1.003586 
1976 1.003583 
1977 1.003580 
1978 1.003577 
1979 1.003574 
1980 1.003571 
1981 1.003567 
1982 1.003564 
1983 1.003561 
1984 1.003558 
1985 1.003554 
1986 1.003551 
1987 1.003547 
1988 1.003544 
1989 1.003540 
1990 1.003536 
1991 1.003533 
1992 1.003529 
1993 1.003526 
1994 1.003522 
1995 1.003519 
1996 1.003515 
1997 1.003512 
1998 1.003508 
1999 1.003505 
