0.252587 0.253831 0.253741 
0.188755 0.189333 0.189300 
0.140966 0.141165 0.141144 
0.105401 0.105365 0.105365 
0.078747 0.078593 0.078600 
0.058905 0.058695 0.058706 
0.044022 0.043795 0.043810 
0.032941 0.032721 0.032735 
0.024622 0.024421 0.024436 
0.018428 0.018252 0.018263 
0.013775 0.013623 0.013635 
0.010310 0.010184 0.010193 
0.007707 0.007601 0.007610 
0.005768 0.005682 0.005689 
0.004311 0.004241 0.004247 
0.003226 0.003170 0.003175 
0.002410 0.002366 0.002370 
0.001803 0.001768 0.001771 
0.001347 0.001319 0.001322 
0.001007 0.000986 0.000988 
0.000752 0.000735 0.000737 
0.000562 0.000549 0.000550 
0.000419 0.000409 0.000410 
0.000313 0.000305 0.000306 
0.000234 0.000228 0.000228 
0.000174 0.000170 0.000170 
0.000130 0.000126 0.000127 
0.000097 0.000094 0.000095 
0.000072 0.000070 0.000070 
0.000054 0.000052 0.000052 
0.000040 0.000039 0.000039 
0.000030 0.000029 0.000029 
0.000022 0.000022 0.000022 
0.000017 0.000016 0.000016 
0.000012 0.000012 0.000012 
0.000009 0.000009 0.000009 
0.000007 0.000007 0.000007 
0.000005 0.000005 0.000005 
0.000004 0.000004 0.000004 
0.000003 0.000003 0.000003 
0.000002 0.000002 0.000002 
0.000002 0.000001 0.000001 
0.000001 0.000001 0.000001 
0.000001 0.000001 0.000001 
0.000001 0.000001 0.000001 
0.000000 0.000000 0.000000 
0.000000 0.000000 0.000000 
0.000000 0.000000 0.000000 
0.000000 0.000000 0.000000 
0.000000 0.000000 0.000000 
0.000000 0.000000 0.000000 
0.000000 0.000000 0.000000 
0.000000 0.000000 0.000000 
0.000000 0.000000 0.000000 
0.000000 0.000000 0.000000 
0.000000 0.000000 0.000000 
0.000000 0.000000 0.000000 
