0.051758 0.051758 0.051758 
0.049234 0.049234 0.049234 
0.046833 0.046833 0.046833 
0.044550 0.044550 0.044550 
0.042377 0.042377 0.042377 
0.040311 0.040311 0.040311 
0.038345 0.038345 0.038345 
0.036475 0.036475 0.036475 
0.034697 0.034697 0.034697 
0.033005 0.033005 0.033005 
0.031395 0.031395 0.031395 
0.029864 0.029864 0.029864 
0.028408 0.028408 0.028408 
0.027023 0.027023 0.027023 
0.025705 0.025705 0.025705 
0.024452 0.024452 0.024452 
0.023259 0.023259 0.023259 
0.022125 0.022125 0.022125 
0.021046 0.021046 0.021046 
0.020020 0.020020 0.020020 
0.019044 0.019044 0.019044 
0.018115 0.018115 0.018115 
0.017232 0.017232 0.017232 
0.016392 0.016392 0.016392 
0.015592 0.015592 0.015592 
0.014832 0.014832 0.014832 
0.014109 0.014109 0.014109 
0.013421 0.013421 0.013421 
0.012766 0.012766 0.012766 
0.012144 0.012144 0.012144 
0.011552 0.011552 0.011552 
0.010988 0.010988 0.010988 
0.010453 0.010453 0.010453 
0.009943 0.009943 0.009943 
0.009458 0.009458 0.009458 
0.008997 0.008997 0.008997 
0.008558 0.008558 0.008558 
0.008141 0.008141 0.008141 
0.007744 0.007744 0.007744 
0.007366 0.007366 0.007366 
0.007007 0.007007 0.007007 
0.006665 0.006665 0.006665 
0.006340 0.006340 0.006340 
0.006031 0.006031 0.006031 
0.005737 0.005737 0.005737 
0.005457 0.005457 0.005457 
0.005191 0.005191 0.005191 
0.004938 0.004938 0.004938 
0.004697 0.004697 0.004697 
0.004468 0.004468 0.004468 
0.004250 0.004250 0.004250 
0.004043 0.004043 0.004043 
0.003846 0.003846 0.003846 
0.003658 0.003658 0.003658 
0.003480 0.003480 0.003480 
0.003310 0.003310 0.003310 
0.003149 0.003149 0.003149 
