0 0.000000 
1 0.000000 
2 0.000000 
3 0.000000 
4 0.000000 
5 0.000000 
6 0.000000 
7 0.000000 
8 0.000000 
9 0.000000 
10 0.000000 
11 0.000000 
12 0.000000 
13 0.000000 
14 0.000000 
15 0.000000 
16 0.000000 
17 0.000000 
18 0.000000 
19 0.000000 
20 0.000000 
21 0.000000 
22 0.000000 
23 0.000000 
24 0.000000 
25 0.000000 
26 0.000000 
27 0.000000 
28 0.000000 
29 0.000000 
30 0.000000 
31 0.000000 
32 0.000000 
33 0.000000 
34 0.000000 
35 0.000000 
36 0.000000 
37 0.000000 
38 0.000000 
39 0.000000 
40 0.000000 
41 0.000000 
42 0.000000 
43 0.000000 
44 0.000000 
45 0.000000 
46 0.000000 
47 0.000000 
48 0.000000 
49 0.000000 
50 0.000000 
51 0.000000 
52 0.000000 
53 0.000000 
54 0.000000 
55 0.000000 
56 0.000000 
57 0.000000 
58 0.000000 
59 0.000000 
60 0.000000 
61 0.000000 
62 0.000000 
63 0.000000 
64 0.000000 
65 0.000000 
66 0.000000 
67 0.000000 
68 0.000000 
69 0.000000 
70 0.000000 
71 0.000000 
72 0.000000 
73 0.000000 
74 0.000000 
75 0.000000 
76 0.000000 
77 0.000000 
78 0.000000 
79 0.000000 
80 0.000000 
81 0.000000 
82 0.000000 
83 0.000000 
84 0.000000 
85 0.000000 
86 0.000000 
87 0.000000 
88 0.000000 
89 0.000000 
90 0.000000 
91 1.173048 
92 2.049214 
93 2.691948 
94 3.151597 
95 3.468095 
96 3.673092 
97 3.791653 
98 3.843611 
99 3.844643 
100 3.807118 
101 3.740785 
102 3.653308 
103 3.550700 
104 3.437661 
105 3.317854 
106 3.194118 
107 3.068641 
108 2.943096 
109 2.818751 
110 2.696553 
111 2.577198 
112 2.461183 
113 2.348852 
114 2.240429 
115 2.136044 
116 2.035755 
117 1.939566 
118 1.847438 
119 1.759301 
120 1.675064 
121 1.594618 
122 1.517842 
123 1.444610 
124 1.374789 
125 1.308245 
126 1.244845 
127 1.184456 
128 1.126948 
129 1.072193 
130 1.020068 
131 0.970452 
132 0.923230 
133 0.878291 
134 0.835526 
135 0.794834 
136 0.756115 
137 0.719277 
138 0.684228 
139 0.650884 
140 0.619161 
141 0.588982 
142 0.560272 
143 0.532959 
144 0.506977 
145 0.482261 
146 0.458748 
147 0.436382 
148 0.347219 
149 0.276273 
150 0.219824 
151 0.174909 
152 0.139171 
153 0.110735 
154 0.088109 
155 0.070106 
156 0.055782 
157 0.044384 
158 0.035316 
159 0.028100 
160 0.022358 
161 0.017790 
162 0.014155 
163 0.011263 
164 0.008962 
165 0.007131 
166 0.005674 
167 0.004514 
168 0.003592 
169 0.002858 
170 0.002274 
171 0.001809 
172 0.001440 
173 0.001146 
174 0.000911 
175 0.000725 
176 0.000577 
177 0.000459 
178 0.000365 
179 0.000291 
180 0.000231 
181 0.000184 
182 0.012552 
183 0.043459 
184 0.094887 
185 0.166195 
186 0.255187 
187 0.358845 
188 0.473824 
189 0.596775 
190 0.724547 
191 0.854297 
192 0.983550 
193 1.110215 
194 1.232573 
195 1.349257 
196 1.459217 
197 1.561683 
198 1.656130 
199 1.742239 
200 1.819863 
201 1.889000 
202 1.949763 
203 2.002355 
204 2.047050 
205 2.084177 
206 2.114102 
207 2.137217 
208 2.153930 
209 2.164656 
210 2.169813 
211 2.169812 
212 2.165057 
213 2.155938 
214 2.142833 
215 2.126104 
216 2.106094 
217 2.083129 
218 2.057520 
219 2.029554 
220 1.999506 
221 1.967628 
222 1.934160 
223 1.899321 
224 1.863317 
225 1.826338 
226 1.788558 
227 1.750140 
228 1.711231 
229 1.671968 
230 1.632476 
231 1.592868 
232 1.553248 
233 1.513710 
234 1.474340 
235 1.435213 
236 1.396399 
237 1.357961 
238 1.319952 
239 1.280988 
240 1.240401 
241 1.198000 
242 1.153892 
243 1.108361 
244 1.061779 
245 1.014555 
246 0.967093 
247 0.919771 
248 0.872930 
249 0.826863 
250 0.781819 
251 0.738000 
252 0.695566 
253 0.654638 
254 0.615302 
255 0.577615 
256 0.541611 
257 0.507298 
258 0.474671 
259 0.443707 
260 0.414375 
261 0.386632 
262 0.360429 
263 0.335714 
264 0.312429 
265 0.290515 
266 0.269911 
267 0.250557 
268 0.232392 
269 0.215355 
270 0.199389 
271 0.184436 
272 0.170442 
273 0.157484 
274 0.145805 
275 0.135791 
276 0.127927 
277 0.122743 
278 0.120766 
279 0.122484 
280 0.128310 
281 0.138566 
282 0.153471 
283 0.173138 
284 0.197577 
285 0.226700 
286 0.260334 
287 0.298230 
288 0.340078 
289 0.385517 
290 0.434149 
291 0.485552 
292 0.539286 
293 0.594908 
294 0.651974 
295 0.710051 
296 0.768763 
297 0.827729 
298 0.886579 
299 0.944960 
300 1.002539 
301 1.059009 
302 1.114092 
303 1.167536 
304 1.219120 
305 1.268650 
306 1.315961 
307 1.360914 
308 1.403394 
309 1.443313 
310 1.480601 
311 1.515210 
312 1.547111 
313 1.576293 
314 1.602757 
315 1.626521 
316 1.647614 
317 1.666076 
318 1.681956 
319 1.695314 
320 1.706214 
321 1.714728 
322 1.720933 
323 1.724908 
324 1.726739 
325 1.726512 
326 1.724316 
327 1.720242 
328 1.714379 
329 1.706820 
330 1.697632 
331 1.686855 
332 1.674503 
333 1.660571 
334 1.645047 
335 1.627916 
336 1.609170 
337 1.588811 
338 1.566855 
339 1.543334 
340 1.518298 
341 1.491810 
342 1.463948 
343 1.434805 
344 1.404481 
345 1.373088 
346 1.340741 
347 1.307562 
348 1.273672 
349 1.239196 
350 1.204254 
351 1.168965 
352 1.133445 
353 1.097804 
354 1.062146 
355 1.026571 
356 0.991172 
357 0.956032 
358 0.921233 
359 0.886845 
360 0.852934 
361 0.819558 
362 0.786770 
363 0.754616 
364 0.723138 
365 0.692374 
366 0.662369 
367 0.633169 
368 0.604835 
369 0.577436 
370 0.551057 
371 0.525795 
372 0.501761 
373 0.479077 
374 0.457870 
375 0.438276 
376 0.420429 
377 0.404462 
378 0.390502 
379 0.378667 
380 0.369063 
381 0.361781 
382 0.356898 
383 0.354471 
384 0.354539 
385 0.357122 
386 0.362220 
387 0.369815 
388 0.379874 
389 0.392345 
390 0.407162 
391 0.424244 
392 0.443495 
393 0.464808 
394 0.488064 
395 0.513132 
396 0.539876 
397 0.568149 
398 0.597801 
399 0.628678 
400 0.660622 
401 0.693475 
402 0.727078 
403 0.761275 
404 0.795912 
405 0.830837 
406 0.865904 
407 0.900970 
408 0.935900 
409 0.970564 
410 1.004838 
411 1.038606 
412 1.071759 
413 1.104195 
414 1.135820 
415 1.166548 
416 1.196298 
417 1.225000 
418 1.252589 
419 1.279008 
420 1.304207 
421 1.328142 
422 1.350775 
423 1.372072 
424 1.392005 
425 1.410544 
426 1.427664 
427 1.443341 
428 1.457549 
429 1.470266 
430 1.481471 
431 1.491141 
432 1.499260 
433 1.505810 
434 1.510779 
435 1.514158 
436 1.515942 
437 1.516132 
438 1.514732 
439 1.511753 
440 1.507211 
441 1.501128 
442 1.493531 
443 1.484453 
444 1.473930 
445 1.462007 
446 1.448730 
447 1.434150 
448 1.418323 
449 1.401306 
450 1.383162 
451 1.363954 
452 1.343747 
453 1.322608 
454 1.300606 
455 1.277810 
456 1.254287 
457 1.230108 
458 1.205341 
459 1.180056 
460 1.154320 
461 1.128203 
462 1.101774 
463 1.075104 
464 1.048265 
465 1.021329 
466 0.994371 
467 0.967469 
468 0.940701 
469 0.914148 
470 0.887895 
471 0.862025 
472 0.836625 
473 0.811782 
474 0.787584 
475 0.764119 
476 0.741473 
477 0.719732 
478 0.698977 
479 0.679288 
480 0.660743 
481 0.643413 
482 0.627365 
483 0.612662 
484 0.599361 
485 0.587510 
486 0.577155 
487 0.568331 
488 0.561070 
489 0.555393 
490 0.551315 
491 0.548843 
492 0.547978 
493 0.548713 
494 0.551032 
495 0.554914 
496 0.560330 
497 0.567245 
498 0.575619 
499 0.585403 
500 0.596547 
501 0.608992 
502 0.622677 
503 0.637538 
504 0.653503 
505 0.670503 
506 0.688462 
507 0.707304 
508 0.726951 
509 0.747323 
510 0.768341 
511 0.789924 
512 0.811992 
513 0.834467 
514 0.857267 
515 0.880317 
516 0.903539 
517 0.926857 
518 0.950198 
519 0.973490 
520 0.996661 
521 1.019643 
522 1.042367 
523 1.064769 
524 1.086782 
525 1.108345 
526 1.129397 
527 1.149878 
528 1.169731 
529 1.188900 
530 1.207333 
531 1.224978 
532 1.241786 
533 1.257711 
534 1.272711 
535 1.286745 
536 1.299775 
537 1.311768 
538 1.322694 
539 1.332524 
540 1.341237 
541 1.348811 
542 1.355230 
543 1.360483 
544 1.364561 
545 1.367459 
546 1.369175 
547 1.369712 
548 1.369077 
549 1.367278 
550 1.364328 
551 1.360244 
552 1.355044 
553 1.348751 
554 1.341389 
555 1.332987 
556 1.323575 
557 1.313186 
558 1.301855 
559 1.289620 
560 1.276523 
561 1.262606 
562 1.247913 
563 1.232493 
564 1.216394 
565 1.199670 
566 1.182373 
567 1.164559 
568 1.146286 
569 1.127614 
570 1.108604 
571 1.089318 
572 1.069820 
573 1.050174 
574 1.030447 
575 1.010704 
576 0.991012 
577 0.971438 
578 0.952047 
579 0.932906 
580 0.914079 
581 0.895631 
582 0.877624 
583 0.860119 
584 0.843176 
585 0.826850 
586 0.811196 
587 0.796267 
588 0.782109 
589 0.768770 
590 0.756292 
591 0.744712 
592 0.734065 
593 0.724384 
594 0.715694 
595 0.708020 
596 0.701380 
597 0.695789 
598 0.691258 
599 0.687795 
600 0.685402 
601 0.684077 
602 0.683817 
603 0.684611 
604 0.686449 
605 0.689314 
606 0.693186 
607 0.698043 
608 0.703860 
609 0.710608 
610 0.718256 
611 0.726770 
612 0.736115 
613 0.746252 
614 0.757140 
615 0.768739 
616 0.781004 
617 0.793890 
618 0.807351 
619 0.821337 
620 0.835801 
621 0.850692 
622 0.865960 
623 0.881552 
624 0.897418 
625 0.913503 
626 0.929757 
627 0.946125 
628 0.962555 
629 0.978995 
630 0.995392 
631 1.011694 
632 1.027850 
633 1.043811 
634 1.059525 
635 1.074946 
636 1.090025 
637 1.104718 
638 1.118980 
639 1.132769 
640 1.146043 
641 1.158765 
642 1.170896 
643 1.182402 
644 1.193252 
645 1.203413 
646 1.212859 
647 1.221563 
648 1.229503 
649 1.236658 
650 1.243009 
651 1.248541 
652 1.253242 
653 1.257100 
654 1.260108 
655 1.262261 
656 1.263556 
657 1.263994 
658 1.263578 
659 1.262312 
660 1.260205 
661 1.257268 
662 1.253514 
663 1.248958 
664 1.243620 
665 1.237518 
666 1.230678 
667 1.223123 
668 1.214882 
669 1.205984 
670 1.196462 
671 1.186349 
672 1.175681 
673 1.164496 
674 1.152833 
675 1.140732 
676 1.128236 
677 1.115388 
678 1.102232 
679 1.088815 
680 1.075181 
681 1.061377 
682 1.047451 
683 1.033450 
684 1.019421 
685 1.005412 
686 0.991470 
687 0.977640 
688 0.963970 
689 0.950503 
690 0.937284 
691 0.924356 
692 0.911761 
693 0.899538 
694 0.887726 
695 0.876362 
696 0.865482 
697 0.855117 
698 0.845299 
699 0.836057 
700 0.827418 
701 0.819405 
702 0.812041 
703 0.805346 
704 0.799336 
705 0.794026 
706 0.789429 
707 0.785555 
708 0.782409 
709 0.779999 
710 0.778325 
711 0.777388 
712 0.777185 
713 0.777711 
714 0.778960 
715 0.780922 
716 0.783585 
717 0.786936 
718 0.790959 
719 0.795636 
720 0.800947 
721 0.806870 
722 0.813382 
723 0.820459 
724 0.828072 
725 0.836195 
726 0.844796 
727 0.853846 
728 0.863312 
729 0.873160 
730 0.883357 
731 0.893867 
732 0.904654 
733 0.915682 
734 0.926913 
735 0.938310 
736 0.949836 
737 0.961452 
738 0.973120 
739 0.984803 
740 0.996463 
741 1.008061 
742 1.019562 
743 1.030929 
744 1.042127 
745 1.053119 
746 1.063872 
747 1.074353 
748 1.084530 
749 1.094371 
750 1.103847 
751 1.112930 
752 1.121592 
753 1.129809 
754 1.137555 
755 1.144809 
756 1.151550 
757 1.157759 
758 1.163419 
759 1.168514 
760 1.173032 
761 1.176961 
762 1.180291 
763 1.183015 
764 1.185127 
765 1.186624 
766 1.187504 
767 1.187768 
768 1.187417 
769 1.186457 
770 1.184895 
771 1.182737 
772 1.179996 
773 1.176682 
774 1.172811 
775 1.168397 
776 1.163459 
777 1.158016 
778 1.152088 
779 1.145697 
780 1.138868 
781 1.131626 
782 1.123997 
783 1.116008 
784 1.107687 
785 1.099066 
786 1.090172 
787 1.081039 
788 1.071697 
789 1.062178 
790 1.052516 
791 1.042743 
792 1.032891 
793 1.022995 
794 1.013086 
795 1.003198 
796 0.993363 
797 0.983614 
798 0.973981 
799 0.964496 
800 0.955189 
801 0.946089 
802 0.937226 
803 0.928625 
804 0.920314 
805 0.912319 
806 0.904662 
807 0.897367 
808 0.890456 
809 0.883948 
810 0.877862 
811 0.872215 
812 0.867022 
813 0.862298 
814 0.858054 
815 0.854301 
816 0.851048 
817 0.848303 
818 0.846070 
819 0.844354 
820 0.843157 
821 0.842479 
822 0.842319 
823 0.842675 
824 0.843541 
825 0.844912 
826 0.846779 
827 0.849135 
828 0.851966 
829 0.855263 
830 0.859010 
831 0.863193 
832 0.867795 
833 0.872799 
834 0.878186 
835 0.883936 
836 0.890028 
837 0.896441 
838 0.903151 
839 0.910135 
840 0.917368 
841 0.924825 
842 0.932482 
843 0.940312 
844 0.948287 
845 0.956383 
846 0.964571 
847 0.972824 
848 0.981116 
849 0.989419 
850 0.997706 
851 1.005950 
852 1.014126 
853 1.022205 
854 1.030164 
855 1.037977 
856 1.045619 
857 1.053066 
858 1.060296 
859 1.067286 
860 1.074015 
861 1.080462 
862 1.086608 
863 1.092435 
864 1.097926 
865 1.103064 
866 1.107836 
867 1.112227 
868 1.116225 
869 1.119821 
870 1.123004 
871 1.125766 
872 1.128102 
873 1.130005 
874 1.131472 
875 1.132501 
876 1.133092 
877 1.133244 
878 1.132961 
879 1.132245 
880 1.131101 
881 1.129537 
882 1.127559 
883 1.125177 
884 1.122401 
885 1.119242 
886 1.115714 
887 1.111830 
888 1.107604 
889 1.103054 
890 1.098196 
891 1.093048 
892 1.087628 
893 1.081956 
894 1.076053 
895 1.069939 
896 1.063635 
897 1.057164 
898 1.050547 
899 1.043808 
900 1.036968 
901 1.030052 
902 1.023082 
903 1.016082 
904 1.009073 
905 1.002081 
906 0.995126 
907 0.988232 
908 0.981421 
909 0.974715 
910 0.968134 
911 0.961700 
912 0.955432 
913 0.949350 
914 0.943472 
915 0.937817 
916 0.932401 
917 0.927240 
918 0.922350 
919 0.917745 
920 0.913438 
921 0.909441 
922 0.905765 
923 0.902420 
924 0.899415 
925 0.896758 
926 0.894454 
927 0.892510 
928 0.890929 
929 0.889714 
930 0.888866 
931 0.888387 
932 0.888275 
933 0.888529 
934 0.889145 
935 0.890119 
936 0.891445 
937 0.893118 
938 0.895129 
939 0.897470 
940 0.900131 
941 0.903102 
942 0.906371 
943 0.909925 
944 0.913751 
945 0.917836 
946 0.922163 
947 0.926718 
948 0.931485 
949 0.936446 
950 0.941584 
951 0.946881 
952 0.952319 
953 0.957880 
954 0.963545 
955 0.969294 
956 0.975109 
957 0.980970 
958 0.986857 
959 0.992751 
960 0.998634 
961 1.004485 
962 1.010286 
963 1.016019 
964 1.021665 
965 1.027206 
966 1.032624 
967 1.037904 
968 1.043027 
969 1.047980 
970 1.052746 
971 1.057310 
972 1.061661 
973 1.065783 
974 1.069666 
975 1.073299 
976 1.076670 
977 1.079770 
978 1.082591 
979 1.085126 
980 1.087367 
981 1.089310 
982 1.090950 
983 1.092283 
984 1.093307 
985 1.094021 
986 1.094423 
987 1.094516 
988 1.094299 
989 1.093777 
990 1.092952 
991 1.091829 
992 1.090415 
993 1.088714 
994 1.086735 
995 1.084485 
996 1.081974 
997 1.079212 
998 1.076210 
999 1.072978 
1000 1.069528 
1001 1.065874 
1002 1.062028 
1003 1.058005 
1004 1.053818 
1005 1.049482 
1006 1.045013 
1007 1.040425 
1008 1.035735 
1009 1.030959 
1010 1.026112 
1011 1.021211 
1012 1.016272 
1013 1.011312 
1014 1.006347 
1015 1.001392 
1016 0.996465 
1017 0.991581 
1018 0.986756 
1019 0.982005 
1020 0.977343 
1021 0.972785 
1022 0.968345 
1023 0.964037 
1024 0.959874 
1025 0.955868 
1026 0.952032 
1027 0.948377 
1028 0.944914 
1029 0.941653 
1030 0.938603 
1031 0.935773 
1032 0.933171 
1033 0.930803 
1034 0.928677 
1035 0.926798 
1036 0.925169 
1037 0.923795 
1038 0.922679 
1039 0.921823 
1040 0.921228 
1041 0.920894 
1042 0.920820 
1043 0.921006 
1044 0.921449 
1045 0.922146 
1046 0.923094 
1047 0.924287 
1048 0.925720 
1049 0.927387 
1050 0.929281 
1051 0.931395 
1052 0.933720 
1053 0.936248 
1054 0.938968 
1055 0.941872 
1056 0.944948 
1057 0.948185 
1058 0.951571 
1059 0.955095 
1060 0.958745 
1061 0.962507 
1062 0.966369 
1063 0.970318 
1064 0.974339 
1065 0.978420 
1066 0.982547 
1067 0.986706 
1068 0.990883 
1069 0.995065 
1070 0.999237 
1071 1.003387 
1072 1.007501 
1073 1.011565 
1074 1.015568 
1075 1.019495 
1076 1.023335 
1077 1.027075 
1078 1.030705 
1079 1.034212 
1080 1.037587 
1081 1.040818 
1082 1.043897 
1083 1.046814 
1084 1.049561 
1085 1.052130 
1086 1.054513 
1087 1.056704 
1088 1.058697 
1089 1.060486 
1090 1.062068 
1091 1.063438 
1092 1.064593 
1093 1.065530 
1094 1.066248 
1095 1.066746 
1096 1.067024 
1097 1.067082 
1098 1.066921 
1099 1.066544 
1100 1.065952 
1101 1.065149 
1102 1.064140 
1103 1.062927 
1104 1.061518 
1105 1.059918 
1106 1.058132 
1107 1.056169 
1108 1.054035 
1109 1.051739 
1110 1.049289 
1111 1.046694 
1112 1.043963 
1113 1.041107 
1114 1.038135 
1115 1.035058 
1116 1.031886 
1117 1.028631 
1118 1.025304 
1119 1.021915 
1120 1.018476 
1121 1.015000 
1122 1.011497 
1123 1.007978 
1124 1.004457 
1125 1.000943 
1126 0.997449 
1127 0.993986 
1128 0.990565 
1129 0.987196 
1130 0.983891 
1131 0.980660 
1132 0.977512 
1133 0.974459 
1134 0.971508 
1135 0.968669 
1136 0.965951 
1137 0.963361 
1138 0.960908 
1139 0.958598 
1140 0.956438 
1141 0.954435 
1142 0.952593 
1143 0.950918 
1144 0.949414 
1145 0.948085 
1146 0.946935 
1147 0.945965 
1148 0.945178 
1149 0.944576 
1150 0.944159 
1151 0.943927 
1152 0.943880 
1153 0.944018 
1154 0.944338 
1155 0.944838 
1156 0.945515 
1157 0.946367 
1158 0.947389 
1159 0.948577 
1160 0.949926 
1161 0.951431 
1162 0.953085 
1163 0.954883 
1164 0.956818 
1165 0.958883 
1166 0.961069 
1167 0.963369 
1168 0.965776 
1169 0.968280 
1170 0.970872 
1171 0.973544 
1172 0.976287 
1173 0.979090 
1174 0.981945 
1175 0.984842 
1176 0.987771 
1177 0.990723 
1178 0.993687 
1179 0.996654 
1180 0.999614 
1181 1.002558 
1182 1.005476 
1183 1.008359 
1184 1.011197 
1185 1.013981 
1186 1.016704 
1187 1.019355 
1188 1.021928 
1189 1.024414 
1190 1.026805 
1191 1.029095 
1192 1.031276 
1193 1.033342 
1194 1.035287 
1195 1.037106 
1196 1.038793 
1197 1.040343 
1198 1.041753 
1199 1.043019 
1200 1.044137 
1201 1.045104 
1202 1.045919 
1203 1.046580 
1204 1.047085 
1205 1.047434 
1206 1.047627 
1207 1.047664 
1208 1.047546 
1209 1.047274 
1210 1.046850 
1211 1.046276 
1212 1.045556 
1213 1.044692 
1214 1.043688 
1215 1.042548 
1216 1.041278 
1217 1.039881 
1218 1.038364 
1219 1.036731 
1220 1.034989 
1221 1.033145 
1222 1.031205 
1223 1.029175 
1224 1.027064 
1225 1.024878 
1226 1.022625 
1227 1.020313 
1228 1.017950 
1229 1.015543 
1230 1.013102 
1231 1.010633 
1232 1.008146 
1233 1.005648 
1234 1.003148 
1235 1.000654 
1236 0.998174 
1237 0.995716 
1238 0.993288 
1239 0.990898 
1240 0.988553 
1241 0.986260 
1242 0.984027 
1243 0.981861 
1244 0.979768 
1245 0.977755 
1246 0.975827 
1247 0.973991 
1248 0.972252 
1249 0.970615 
1250 0.969084 
1251 0.967664 
1252 0.966360 
1253 0.965174 
1254 0.964109 
1255 0.963169 
1256 0.962356 
1257 0.961671 
1258 0.961116 
1259 0.960692 
1260 0.960399 
1261 0.960238 
1262 0.960209 
1263 0.960310 
1264 0.960540 
1265 0.960899 
1266 0.961383 
1267 0.961992 
1268 0.962721 
1269 0.963568 
1270 0.964529 
1271 0.965600 
1272 0.966778 
1273 0.968058 
1274 0.969434 
1275 0.970903 
1276 0.972458 
1277 0.974094 
1278 0.975804 
1279 0.977584 
1280 0.979427 
1281 0.981326 
1282 0.983275 
1283 0.985267 
1284 0.987296 
1285 0.989354 
1286 0.991435 
1287 0.993532 
1288 0.995637 
1289 0.997744 
1290 0.999847 
1291 1.001937 
1292 1.004009 
1293 1.006056 
1294 1.008071 
1295 1.010048 
1296 1.011980 
1297 1.013863 
1298 1.015689 
1299 1.017453 
1300 1.019150 
1301 1.020775 
1302 1.022322 
1303 1.023788 
1304 1.025168 
1305 1.026458 
1306 1.027654 
1307 1.028753 
1308 1.029752 
1309 1.030649 
1310 1.031441 
1311 1.032126 
1312 1.032703 
1313 1.033169 
1314 1.033526 
1315 1.033772 
1316 1.033906 
1317 1.033930 
1318 1.033843 
1319 1.033647 
1320 1.033344 
1321 1.032934 
1322 1.032419 
1323 1.031803 
1324 1.031087 
1325 1.030275 
1326 1.029370 
1327 1.028376 
1328 1.027295 
1329 1.026133 
1330 1.024894 
1331 1.023581 
1332 1.022200 
1333 1.020756 
1334 1.019254 
1335 1.017699 
1336 1.016097 
1337 1.014452 
1338 1.012772 
1339 1.011060 
1340 1.009324 
1341 1.007569 
1342 1.005800 
1343 1.004024 
1344 1.002247 
1345 1.000474 
1346 0.998711 
1347 0.996964 
1348 0.995238 
1349 0.993539 
1350 0.991872 
1351 0.990243 
1352 0.988656 
1353 0.987117 
1354 0.985630 
1355 0.984200 
1356 0.982830 
1357 0.981526 
1358 0.980291 
1359 0.979128 
1360 0.978042 
1361 0.977034 
1362 0.976108 
1363 0.975266 
1364 0.974511 
1365 0.973844 
1366 0.973268 
1367 0.972783 
1368 0.972390 
1369 0.972090 
1370 0.971884 
1371 0.971772 
1372 0.971753 
1373 0.971826 
1374 0.971992 
1375 0.972249 
1376 0.972596 
1377 0.973030 
1378 0.973551 
1379 0.974155 
1380 0.974840 
1381 0.975604 
1382 0.976443 
1383 0.977355 
1384 0.978336 
1385 0.979382 
1386 0.980489 
1387 0.981654 
1388 0.982872 
1389 0.984140 
1390 0.985452 
1391 0.986804 
1392 0.988191 
1393 0.989609 
1394 0.991053 
1395 0.992519 
1396 0.994000 
1397 0.995492 
1398 0.996991 
1399 0.998490 
1400 0.999987 
1401 1.001475 
1402 1.002949 
1403 1.004406 
1404 1.005840 
1405 1.007247 
1406 1.008622 
1407 1.009961 
1408 1.011261 
1409 1.012516 
1410 1.013724 
1411 1.014880 
1412 1.015981 
1413 1.017024 
1414 1.018006 
1415 1.018923 
1416 1.019774 
1417 1.020556 
1418 1.021267 
1419 1.021904 
1420 1.022467 
1421 1.022954 
1422 1.023363 
1423 1.023695 
1424 1.023948 
1425 1.024122 
1426 1.024216 
1427 1.024232 
1428 1.024169 
1429 1.024029 
1430 1.023811 
1431 1.023518 
1432 1.023151 
1433 1.022710 
1434 1.022200 
1435 1.021620 
1436 1.020974 
1437 1.020265 
1438 1.019494 
1439 1.018665 
1440 1.017780 
1441 1.016844 
1442 1.015859 
1443 1.014830 
1444 1.013758 
1445 1.012649 
1446 1.011507 
1447 1.010334 
1448 1.009135 
1449 1.007915 
1450 1.006677 
1451 1.005425 
1452 1.004164 
1453 1.002898 
1454 1.001631 
1455 1.000367 
1456 0.999110 
1457 0.997864 
1458 0.996633 
1459 0.995422 
1460 0.994233 
1461 0.993072 
1462 0.991940 
1463 0.990843 
1464 0.989783 
1465 0.988763 
1466 0.987787 
1467 0.986857 
1468 0.985976 
1469 0.985147 
1470 0.984373 
1471 0.983654 
1472 0.982994 
1473 0.982394 
1474 0.981856 
1475 0.981381 
1476 0.980970 
1477 0.980624 
1478 0.980345 
1479 0.980131 
1480 0.979985 
1481 0.979905 
1482 0.979892 
1483 0.979945 
1484 0.980064 
1485 0.980248 
1486 0.980496 
1487 0.980806 
1488 0.981178 
1489 0.981610 
1490 0.982099 
1491 0.982645 
1492 0.983245 
1493 0.983896 
1494 0.984597 
1495 0.985344 
1496 0.986135 
1497 0.986967 
1498 0.987838 
1499 0.988743 
1500 0.989680 
1501 0.990646 
1502 0.991638 
1503 0.992651 
1504 0.993683 
1505 0.994730 
1506 0.995788 
1507 0.996855 
1508 0.997926 
1509 0.998998 
1510 1.000067 
1511 1.001131 
1512 1.002185 
1513 1.003226 
1514 1.004251 
1515 1.005257 
1516 1.006241 
1517 1.007198 
1518 1.008128 
1519 1.009026 
1520 1.009889 
1521 1.010716 
1522 1.011504 
1523 1.012250 
1524 1.012952 
1525 1.013609 
1526 1.014218 
1527 1.014777 
1528 1.015286 
1529 1.015742 
1530 1.016145 
1531 1.016494 
1532 1.016787 
1533 1.017024 
1534 1.017206 
1535 1.017330 
1536 1.017398 
1537 1.017410 
1538 1.017365 
1539 1.017265 
1540 1.017109 
1541 1.016899 
1542 1.016636 
1543 1.016321 
1544 1.015956 
1545 1.015541 
1546 1.015078 
1547 1.014570 
1548 1.014018 
1549 1.013424 
1550 1.012791 
1551 1.012120 
1552 1.011415 
1553 1.010677 
1554 1.009909 
1555 1.009114 
1556 1.008295 
1557 1.007455 
1558 1.006596 
1559 1.005721 
1560 1.004833 
1561 1.003936 
1562 1.003032 
1563 1.002124 
1564 1.001215 
1565 1.000308 
1566 0.999406 
1567 0.998512 
1568 0.997630 
1569 0.996760 
1570 0.995908 
1571 0.995074 
1572 0.994262 
1573 0.993474 
1574 0.992713 
1575 0.991980 
1576 0.991279 
1577 0.990611 
1578 0.989979 
1579 0.989383 
1580 0.988827 
1581 0.988310 
1582 0.987836 
1583 0.987404 
1584 0.987017 
1585 0.986675 
1586 0.986379 
1587 0.986130 
1588 0.985928 
1589 0.985774 
1590 0.985668 
1591 0.985610 
1592 0.985600 
1593 0.985637 
1594 0.985722 
1595 0.985853 
1596 0.986031 
1597 0.986253 
1598 0.986520 
1599 0.986829 
1600 0.987180 
1601 0.987572 
1602 0.988003 
1603 0.988470 
1604 0.988974 
1605 0.989510 
1606 0.990079 
1607 0.990677 
1608 0.991303 
1609 0.991954 
1610 0.992628 
1611 0.993323 
1612 0.994037 
1613 0.994766 
1614 0.995509 
1615 0.996263 
1616 0.997025 
1617 0.997793 
1618 0.998565 
1619 0.999337 
1620 1.000108 
1621 1.000875 
1622 1.001635 
1623 1.002386 
1624 1.003125 
1625 1.003851 
1626 1.004560 
1627 1.005252 
1628 1.005923 
1629 1.006571 
1630 1.007195 
1631 1.007793 
1632 1.008362 
1633 1.008901 
1634 1.009409 
1635 1.009884 
1636 1.010325 
1637 1.010730 
1638 1.011099 
1639 1.011430 
1640 1.011722 
1641 1.011975 
1642 1.012189 
1643 1.012362 
1644 1.012494 
1645 1.012586 
1646 1.012636 
1647 1.012646 
1648 1.012615 
1649 1.012544 
1650 1.012433 
1651 1.012283 
1652 1.012094 
1653 1.011868 
1654 1.011605 
1655 1.011306 
1656 1.010973 
1657 1.010606 
1658 1.010208 
1659 1.009779 
1660 1.009322 
1661 1.008837 
1662 1.008327 
1663 1.007794 
1664 1.007239 
1665 1.006664 
1666 1.006071 
1667 1.005463 
1668 1.004841 
1669 1.004207 
1670 1.003564 
1671 1.002913 
1672 1.002258 
1673 1.001599 
1674 1.000940 
1675 1.000282 
1676 0.999628 
1677 0.998979 
1678 0.998338 
1679 0.997707 
1680 0.997087 
1681 0.996481 
1682 0.995890 
1683 0.995317 
1684 0.994763 
1685 0.994230 
1686 0.993720 
1687 0.993233 
1688 0.992772 
1689 0.992337 
1690 0.991931 
1691 0.991554 
1692 0.991207 
1693 0.990891 
1694 0.990608 
1695 0.990357 
1696 0.990140 
1697 0.989957 
1698 0.989808 
1699 0.989693 
1700 0.989614 
1701 0.989570 
1702 0.989560 
1703 0.989585 
1704 0.989644 
1705 0.989738 
1706 0.989865 
1707 0.990025 
1708 0.990217 
1709 0.990440 
1710 0.990695 
1711 0.990978 
1712 0.991290 
1713 0.991630 
1714 0.991995 
1715 0.992386 
1716 0.992799 
1717 0.993234 
1718 0.993690 
1719 0.994164 
1720 0.994656 
1721 0.995162 
1722 0.995683 
1723 0.996215 
1724 0.996758 
1725 0.997308 
1726 0.997865 
1727 0.998427 
1728 0.998992 
1729 0.999557 
1730 1.000121 
1731 1.000683 
1732 1.001240 
1733 1.001791 
1734 1.002333 
1735 1.002866 
1736 1.003387 
1737 1.003895 
1738 1.004388 
1739 1.004865 
1740 1.005325 
1741 1.005765 
1742 1.006184 
1743 1.006582 
1744 1.006957 
1745 1.007309 
1746 1.007635 
1747 1.007935 
1748 1.008208 
1749 1.008454 
1750 1.008671 
1751 1.008860 
1752 1.009020 
1753 1.009150 
1754 1.009250 
1755 1.009321 
1756 1.009361 
1757 1.009371 
1758 1.009351 
1759 1.009302 
1760 1.009223 
1761 1.009116 
1762 1.008979 
1763 1.008815 
1764 1.008624 
1765 1.008406 
1766 1.008163 
1767 1.007895 
1768 1.007604 
1769 1.007290 
1770 1.006954 
1771 1.006598 
1772 1.006224 
1773 1.005831 
1774 1.005423 
1775 1.004999 
1776 1.004562 
1777 1.004114 
1778 1.003654 
1779 1.003186 
1780 1.002711 
1781 1.002230 
1782 1.001745 
1783 1.001257 
1784 1.000769 
1785 1.000281 
1786 0.999795 
1787 0.999314 
1788 0.998837 
1789 0.998368 
1790 0.997907 
1791 0.997455 
1792 0.997015 
1793 0.996588 
1794 0.996175 
1795 0.995776 
1796 0.995394 
1797 0.995030 
1798 0.994685 
1799 0.994359 
1800 0.994053 
1801 0.993770 
1802 0.993508 
1803 0.993270 
1804 0.993055 
1805 0.992865 
1806 0.992700 
1807 0.992559 
1808 0.992445 
1809 0.992356 
1810 0.992293 
1811 0.992256 
1812 0.992245 
1813 0.992260 
1814 0.992301 
1815 0.992367 
1816 0.992458 
1817 0.992574 
1818 0.992714 
1819 0.992878 
1820 0.993065 
1821 0.993274 
1822 0.993505 
1823 0.993757 
1824 0.994028 
1825 0.994317 
1826 0.994625 
1827 0.994949 
1828 0.995289 
1829 0.995643 
1830 0.996010 
1831 0.996389 
1832 0.996779 
1833 0.997178 
1834 0.997584 
1835 0.997998 
1836 0.998416 
1837 0.998839 
1838 0.999263 
1839 0.999689 
1840 1.000115 
1841 1.000539 
1842 1.000959 
1843 1.001376 
1844 1.001786 
1845 1.002190 
1846 1.002585 
1847 1.002970 
1848 1.003345 
1849 1.003708 
1850 1.004058 
1851 1.004393 
1852 1.004714 
1853 1.005018 
1854 1.005306 
1855 1.005575 
1856 1.005826 
1857 1.006057 
1858 1.006269 
1859 1.006459 
1860 1.006629 
1861 1.006776 
1862 1.006902 
1863 1.007006 
1864 1.007086 
1865 1.007145 
1866 1.007180 
1867 1.007192 
1868 1.007182 
1869 1.007149 
1870 1.007094 
1871 1.007017 
1872 1.006917 
1873 1.006797 
1874 1.006655 
1875 1.006493 
1876 1.006312 
1877 1.006111 
1878 1.005892 
1879 1.005656 
1880 1.005403 
1881 1.005134 
1882 1.004850 
1883 1.004552 
1884 1.004242 
1885 1.003919 
1886 1.003586 
1887 1.003244 
1888 1.002892 
1889 1.002534 
1890 1.002170 
1891 1.001801 
1892 1.001428 
1893 1.001052 
1894 1.000676 
1895 1.000300 
1896 0.999924 
1897 0.999552 
1898 0.999183 
1899 0.998818 
1900 0.998460 
1901 0.998109 
1902 0.997766 
1903 0.997433 
1904 0.997110 
1905 0.996798 
1906 0.996499 
1907 0.996212 
1908 0.995940 
1909 0.995683 
1910 0.995442 
1911 0.995217 
1912 0.995010 
1913 0.994820 
1914 0.994648 
1915 0.994495 
1916 0.994361 
1917 0.994247 
1918 0.994153 
1919 0.994078 
1920 0.994024 
1921 0.993990 
1922 0.993976 
1923 0.993983 
1924 0.994010 
1925 0.994057 
1926 0.994123 
1927 0.994209 
1928 0.994315 
1929 0.994438 
1930 0.994580 
1931 0.994740 
1932 0.994917 
1933 0.995110 
1934 0.995319 
1935 0.995543 
1936 0.995781 
1937 0.996033 
1938 0.996297 
1939 0.996573 
1940 0.996859 
1941 0.997156 
1942 0.997461 
1943 0.997773 
1944 0.998093 
1945 0.998418 
1946 0.998747 
1947 0.999080 
1948 0.999416 
1949 0.999753 
1950 1.000090 
1951 1.000426 
1952 1.000760 
1953 1.001092 
1954 1.001419 
1955 1.001742 
1956 1.002058 
1957 1.002367 
1958 1.002668 
1959 1.002960 
1960 1.003242 
1961 1.003514 
1962 1.003774 
1963 1.004021 
1964 1.004255 
1965 1.004476 
1966 1.004682 
1967 1.004873 
1968 1.005048 
1969 1.005207 
1970 1.005349 
1971 1.005474 
1972 1.005582 
1973 1.005672 
1974 1.005744 
1975 1.005798 
1976 1.005833 
1977 1.005851 
1978 1.005850 
1979 1.005830 
1980 1.005793 
1981 1.005738 
1982 1.005665 
1983 1.005574 
1984 1.005466 
1985 1.005342 
1986 1.005201 
1987 1.005044 
1988 1.004872 
1989 1.004686 
1990 1.004485 
1991 1.004271 
1992 1.004044 
1993 1.003805 
1994 1.003556 
1995 1.003295 
1996 1.003026 
1997 1.002748 
1998 1.002462 
1999 1.002170 
