0 0.000000 
1 0.000000 
2 0.000000 
3 0.000000 
4 0.000000 
5 0.000000 
6 0.000000 
7 0.000000 
8 0.000000 
9 0.000000 
10 0.000000 
11 0.000000 
12 0.000000 
13 0.000000 
14 0.000000 
15 0.000000 
16 0.000000 
17 0.000000 
18 0.000000 
19 0.000000 
20 0.000000 
21 0.000000 
22 0.000000 
23 0.000000 
24 0.000000 
25 0.000000 
26 0.000000 
27 0.000000 
28 0.000000 
29 0.000000 
30 0.000000 
31 0.000000 
32 0.000000 
33 0.000000 
34 0.000000 
35 0.000000 
36 0.000000 
37 0.000000 
38 0.000000 
39 0.000000 
40 0.000000 
41 0.000000 
42 0.000000 
43 0.000000 
44 0.000000 
45 0.000000 
46 0.000000 
47 0.000000 
48 0.000000 
49 0.000000 
50 0.000000 
51 0.000000 
52 0.000000 
53 0.000000 
54 0.000000 
55 0.000000 
56 0.000000 
57 0.000000 
58 0.000000 
59 0.000000 
60 0.000000 
61 0.000000 
62 0.000000 
63 0.000000 
64 0.000000 
65 0.000000 
66 0.000000 
67 0.000000 
68 0.000000 
69 0.000000 
70 0.000000 
71 0.000000 
72 0.000000 
73 0.000000 
74 0.000000 
75 0.000000 
76 0.000000 
77 0.000000 
78 0.000000 
79 0.000000 
80 0.000000 
81 0.000000 
82 0.000000 
83 0.000000 
84 0.000000 
85 0.000000 
86 0.000000 
87 0.000000 
88 0.000000 
89 0.000000 
90 0.000000 
91 0.000000 
92 0.000000 
93 0.000000 
94 0.000000 
95 0.000000 
96 0.000000 
97 0.000000 
98 0.000000 
99 0.000000 
100 0.000000 
101 0.000000 
102 0.000000 
103 0.000000 
104 0.000000 
105 0.000000 
106 0.000000 
107 0.000000 
108 0.000000 
109 0.000000 
110 0.000000 
111 0.000000 
112 0.000000 
113 0.000000 
114 0.000000 
115 0.000000 
116 0.000000 
117 0.000000 
118 0.000000 
119 0.000000 
120 0.000000 
121 0.000000 
122 0.000000 
123 0.000000 
124 0.000000 
125 0.000000 
126 0.000000 
127 0.000000 
128 0.000000 
129 0.000000 
130 0.000000 
131 0.000000 
132 0.000000 
133 0.000000 
134 0.000000 
135 0.000000 
136 0.000000 
137 0.000000 
138 0.000000 
139 0.000000 
140 0.000000 
141 0.000000 
142 0.000000 
143 0.000000 
144 0.000000 
145 0.000000 
146 0.000000 
147 1.573432 
148 1.567411 
149 1.561412 
150 1.555437 
151 1.549484 
152 1.543554 
153 1.537647 
154 1.531762 
155 1.525900 
156 1.520060 
157 1.514243 
158 1.508448 
159 1.502675 
160 1.496924 
161 1.491195 
162 1.485488 
163 1.479803 
164 1.474140 
165 1.468498 
166 1.462878 
167 1.457279 
168 1.451702 
169 1.446147 
170 1.440612 
171 1.435099 
172 1.429607 
173 1.424135 
174 1.418685 
175 1.413256 
176 1.407847 
177 1.402459 
178 1.397092 
179 1.391745 
180 1.386419 
181 1.381113 
182 1.375827 
183 1.370562 
184 1.365317 
185 1.360092 
186 1.354886 
187 1.349701 
188 1.344536 
189 1.339390 
190 1.334264 
191 1.329158 
192 1.324071 
193 1.319004 
194 1.313956 
195 1.308927 
196 1.303918 
197 1.298928 
198 1.293957 
199 1.289005 
200 1.284072 
201 1.279157 
202 1.274262 
203 1.269385 
204 1.264527 
205 1.259688 
206 1.254867 
207 1.250064 
208 1.245280 
209 1.240515 
210 1.235767 
211 1.231038 
212 1.226326 
213 1.221633 
214 1.216958 
215 1.212301 
216 1.207661 
217 1.203039 
218 1.198435 
219 1.193849 
220 1.189280 
221 1.184728 
222 1.180194 
223 1.175678 
224 1.171178 
225 1.166696 
226 1.162231 
227 1.157783 
228 1.153352 
229 1.148938 
230 1.144541 
231 1.140161 
232 1.135797 
233 1.131451 
234 1.127121 
235 1.122807 
236 1.118510 
237 1.114229 
238 1.109965 
239 1.105717 
240 1.101486 
241 1.097270 
242 1.093071 
243 1.088888 
244 1.084720 
245 1.080569 
246 1.076434 
247 1.072314 
248 1.068210 
249 1.064122 
250 1.060050 
251 1.055993 
252 1.051951 
253 1.047925 
254 1.043915 
255 1.039920 
256 1.035940 
257 1.031975 
258 1.028026 
259 1.024092 
260 1.020172 
261 1.016268 
262 1.012379 
263 1.008504 
264 1.004645 
265 1.000800 
266 0.996970 
267 0.993154 
268 0.989353 
269 0.985567 
270 0.981795 
271 0.978038 
272 0.974295 
273 0.970566 
274 0.966852 
275 0.963152 
276 0.959466 
277 0.955794 
278 0.952136 
279 0.948492 
280 0.944862 
281 0.941246 
282 0.937644 
283 0.934055 
284 0.930481 
285 0.926920 
286 0.923372 
287 0.919838 
288 0.916318 
289 0.912811 
290 0.909318 
291 0.905838 
292 0.902371 
293 0.898918 
294 0.901499 
295 0.904048 
296 0.906563 
297 0.909047 
298 0.911498 
299 0.913917 
300 0.916304 
301 0.918659 
302 0.920983 
303 0.923276 
304 0.925537 
305 0.927768 
306 0.929968 
307 0.932138 
308 0.934278 
309 0.936387 
310 0.938467 
311 0.940517 
312 0.942538 
313 0.944529 
314 0.946491 
315 0.948425 
316 0.950330 
317 0.952206 
318 0.954054 
319 0.955874 
320 0.957666 
321 0.959430 
322 0.961167 
323 0.962877 
324 0.964559 
325 0.966214 
326 0.967843 
327 0.969445 
328 0.971020 
329 0.972569 
330 0.974093 
331 0.975590 
332 0.977061 
333 0.978507 
334 0.979928 
335 0.981323 
336 0.982694 
337 0.984039 
338 0.985360 
339 0.986656 
340 0.987928 
341 0.989176 
342 0.990400 
343 0.991599 
344 0.992776 
345 0.993928 
346 0.995057 
347 0.996164 
348 0.997247 
349 0.998307 
350 0.999344 
351 1.000359 
352 1.001352 
353 1.002322 
354 1.003270 
355 1.004196 
356 1.005100 
357 1.005983 
358 1.006845 
359 1.007685 
360 1.008503 
361 1.009301 
362 1.010078 
363 1.010834 
364 1.011570 
365 1.012285 
366 1.012980 
367 1.013654 
368 1.014309 
369 1.014944 
370 1.015559 
371 1.016155 
372 1.016731 
373 1.017288 
374 1.017825 
375 1.018344 
376 1.018844 
377 1.019325 
378 1.019787 
379 1.020231 
380 1.020657 
381 1.021064 
382 1.021454 
383 1.021825 
384 1.022179 
385 1.022515 
386 1.022833 
387 1.023134 
388 1.023418 
389 1.023685 
390 1.023934 
391 1.024167 
392 1.024383 
393 1.024582 
394 1.024764 
395 1.024931 
396 1.025081 
397 1.025214 
398 1.025332 
399 1.025434 
400 1.025520 
401 1.025591 
402 1.025645 
403 1.025685 
404 1.025709 
405 1.025718 
406 1.025712 
407 1.025690 
408 1.025654 
409 1.025604 
410 1.025538 
411 1.025458 
412 1.025364 
413 1.025255 
414 1.025132 
415 1.024995 
416 1.024844 
417 1.024680 
418 1.024501 
419 1.024309 
420 1.024103 
421 1.023884 
422 1.023652 
423 1.023406 
424 1.023147 
425 1.022876 
426 1.022591 
427 1.022293 
428 1.021983 
429 1.021661 
430 1.021325 
431 1.020978 
432 1.020618 
433 1.020245 
434 1.019861 
435 1.019465 
436 1.019057 
437 1.018637 
438 1.018205 
439 1.017762 
440 1.017307 
441 1.016864 
442 1.016432 
443 1.016012 
444 1.015602 
445 1.015204 
446 1.014816 
447 1.014439 
448 1.014073 
449 1.013716 
450 1.013370 
451 1.013034 
452 1.012708 
453 1.012391 
454 1.012084 
455 1.011786 
456 1.011498 
457 1.011218 
458 1.010948 
459 1.010686 
460 1.010433 
461 1.010188 
462 1.009951 
463 1.009723 
464 1.009503 
465 1.009291 
466 1.009087 
467 1.008890 
468 1.008700 
469 1.008519 
470 1.008344 
471 1.008176 
472 1.008016 
473 1.007862 
474 1.007715 
475 1.007575 
476 1.007441 
477 1.007313 
478 1.007192 
479 1.007076 
480 1.006967 
481 1.006863 
482 1.006766 
483 1.006674 
484 1.006587 
485 1.006506 
486 1.006430 
487 1.006359 
488 1.006293 
489 1.006232 
490 1.006176 
491 1.006125 
492 1.006078 
493 1.006036 
494 1.005998 
495 1.005965 
496 1.005936 
497 1.005910 
498 1.005889 
499 1.005872 
500 1.005858 
501 1.005848 
502 1.005842 
503 1.005839 
504 1.005840 
505 1.005843 
506 1.005851 
507 1.005861 
508 1.005874 
509 1.005890 
510 1.005909 
511 1.005931 
512 1.005955 
513 1.005982 
514 1.006011 
515 1.006043 
516 1.006077 
517 1.006113 
518 1.006152 
519 1.006192 
520 1.006235 
521 1.006279 
522 1.006325 
523 1.006373 
524 1.006423 
525 1.006474 
526 1.006526 
527 1.006580 
528 1.006636 
529 1.006693 
530 1.006751 
531 1.006810 
532 1.006870 
533 1.006931 
534 1.006993 
535 1.007056 
536 1.007119 
537 1.007184 
538 1.007249 
539 1.007314 
540 1.007380 
541 1.007447 
542 1.007514 
543 1.007581 
544 1.007648 
545 1.007716 
546 1.007784 
547 1.007852 
548 1.007920 
549 1.007988 
550 1.008055 
551 1.008123 
552 1.008190 
553 1.008257 
554 1.008324 
555 1.008390 
556 1.008456 
557 1.008522 
558 1.008586 
559 1.008651 
560 1.008714 
561 1.008777 
562 1.008839 
563 1.008900 
564 1.008961 
565 1.009020 
566 1.009079 
567 1.009136 
568 1.009193 
569 1.009248 
570 1.009302 
571 1.009355 
572 1.009407 
573 1.009457 
574 1.009506 
575 1.009554 
576 1.009600 
577 1.009645 
578 1.009689 
579 1.009731 
580 1.009771 
581 1.009809 
582 1.009846 
583 1.009882 
584 1.009915 
585 1.009947 
586 1.009977 
587 1.010005 
588 1.010031 
589 1.010056 
590 1.010078 
591 1.010099 
592 1.010119 
593 1.010137 
594 1.010153 
595 1.010168 
596 1.010182 
597 1.010194 
598 1.010205 
599 1.010215 
600 1.010223 
601 1.010230 
602 1.010236 
603 1.010241 
604 1.010245 
605 1.010247 
606 1.010249 
607 1.010250 
608 1.010249 
609 1.010248 
610 1.010246 
611 1.010243 
612 1.010240 
613 1.010235 
614 1.010230 
615 1.010224 
616 1.010218 
617 1.010211 
618 1.010203 
619 1.010195 
620 1.010186 
621 1.010176 
622 1.010166 
623 1.010156 
624 1.010145 
625 1.010134 
626 1.010122 
627 1.010110 
628 1.010097 
629 1.010085 
630 1.010072 
631 1.010058 
632 1.010045 
633 1.010031 
634 1.010017 
635 1.010003 
636 1.009988 
637 1.009974 
638 1.009959 
639 1.009944 
640 1.009929 
641 1.009914 
642 1.009899 
643 1.009884 
644 1.009868 
645 1.009853 
646 1.009838 
647 1.009823 
648 1.009808 
649 1.009792 
650 1.009777 
651 1.009762 
652 1.009747 
653 1.009732 
654 1.009717 
655 1.009703 
656 1.009688 
657 1.009674 
658 1.009659 
659 1.009645 
660 1.009631 
661 1.009617 
662 1.009604 
663 1.009590 
664 1.009577 
665 1.009564 
666 1.009551 
667 1.009538 
668 1.009526 
669 1.009513 
670 1.009501 
671 1.009490 
672 1.009478 
673 1.009467 
674 1.009456 
675 1.009445 
676 1.009434 
677 1.009424 
678 1.009414 
679 1.009404 
680 1.009395 
681 1.009386 
682 1.009377 
683 1.009368 
684 1.009360 
685 1.009352 
686 1.009344 
687 1.009336 
688 1.009329 
689 1.009322 
690 1.009316 
691 1.009309 
692 1.009303 
693 1.009297 
694 1.009292 
695 1.009286 
696 1.009282 
697 1.009277 
698 1.009272 
699 1.009268 
700 1.009264 
701 1.009261 
702 1.009257 
703 1.009254 
704 1.009252 
705 1.009249 
706 1.009247 
707 1.009245 
708 1.009243 
709 1.009241 
710 1.009240 
711 1.009239 
712 1.009238 
713 1.009238 
714 1.009237 
715 1.009237 
716 1.009237 
717 1.009237 
718 1.009238 
719 1.009238 
720 1.009239 
721 1.009240 
722 1.009241 
723 1.009243 
724 1.009244 
725 1.009246 
726 1.009248 
727 1.009250 
728 1.009252 
729 1.009254 
730 1.009257 
731 1.009259 
732 1.009262 
733 1.009265 
734 1.009267 
735 1.009270 
736 1.009273 
737 1.009276 
738 1.009280 
739 1.009283 
740 1.009286 
741 1.009289 
742 1.009293 
743 1.009296 
744 1.009300 
745 1.009303 
746 1.009307 
747 1.009310 
748 1.009314 
749 1.009317 
750 1.009321 
751 1.009324 
752 1.009328 
753 1.009331 
754 1.009335 
755 1.009338 
756 1.009342 
757 1.009345 
758 1.009349 
759 1.009352 
760 1.009355 
761 1.009359 
762 1.009362 
763 1.009365 
764 1.009369 
765 1.009372 
766 1.009375 
767 1.009378 
768 1.009381 
769 1.009384 
770 1.009387 
771 1.009390 
772 1.009393 
773 1.009396 
774 1.009398 
775 1.009401 
776 1.009404 
777 1.009406 
778 1.009409 
779 1.009411 
780 1.009413 
781 1.009416 
782 1.009418 
783 1.009420 
784 1.009422 
785 1.009424 
786 1.009426 
787 1.009428 
788 1.009430 
789 1.009432 
790 1.009434 
791 1.009435 
792 1.009437 
793 1.009438 
794 1.009440 
795 1.009441 
796 1.009443 
797 1.009444 
798 1.009445 
799 1.009446 
800 1.009447 
801 1.009448 
802 1.009449 
803 1.009450 
804 1.009451 
805 1.009452 
806 1.009453 
807 1.009453 
808 1.009454 
809 1.009455 
810 1.009455 
811 1.009456 
812 1.009456 
813 1.009456 
814 1.009457 
815 1.009457 
816 1.009457 
817 1.009457 
818 1.009458 
819 1.009458 
820 1.009458 
821 1.009458 
822 1.009458 
823 1.009457 
824 1.009457 
825 1.009457 
826 1.009457 
827 1.009457 
828 1.009456 
829 1.009456 
830 1.009456 
831 1.009455 
832 1.009455 
833 1.009455 
834 1.009454 
835 1.009454 
836 1.009453 
837 1.009453 
838 1.009452 
839 1.009452 
840 1.009451 
841 1.009450 
842 1.009450 
843 1.009449 
844 1.009448 
845 1.009448 
846 1.009447 
847 1.009446 
848 1.009446 
849 1.009445 
850 1.009444 
851 1.009443 
852 1.009443 
853 1.009442 
854 1.009441 
855 1.009440 
856 1.009440 
857 1.009439 
858 1.009438 
859 1.009437 
860 1.009437 
861 1.009436 
862 1.009435 
863 1.009434 
864 1.009434 
865 1.009433 
866 1.009432 
867 1.009431 
868 1.009431 
869 1.009430 
870 1.009429 
871 1.009428 
872 1.009428 
873 1.009427 
874 1.009426 
875 1.009426 
876 1.009425 
877 1.009424 
878 1.009424 
879 1.009423 
880 1.009423 
881 1.009422 
882 1.009421 
883 1.009421 
884 1.009420 
885 1.009420 
886 1.009419 
887 1.009419 
888 1.009418 
889 1.009418 
890 1.009417 
891 1.009417 
892 1.009416 
893 1.009416 
894 1.009416 
895 1.009415 
896 1.009415 
897 1.009414 
898 1.009414 
899 1.009414 
900 1.009413 
901 1.009413 
902 1.009413 
903 1.009413 
904 1.009412 
905 1.009412 
906 1.009412 
907 1.009412 
908 1.009411 
909 1.009411 
910 1.009411 
911 1.009411 
912 1.009411 
913 1.009411 
914 1.009411 
915 1.009410 
916 1.009410 
917 1.009410 
918 1.009410 
919 1.009410 
920 1.009410 
921 1.009410 
922 1.009410 
923 1.009410 
924 1.009410 
925 1.009410 
926 1.009410 
927 1.009410 
928 1.009410 
929 1.009410 
930 1.009410 
931 1.009410 
932 1.009410 
933 1.009410 
934 1.009410 
935 1.009410 
936 1.009410 
937 1.009410 
938 1.009411 
939 1.009411 
940 1.009411 
941 1.009411 
942 1.009411 
943 1.009411 
944 1.009411 
945 1.009411 
946 1.009412 
947 1.009412 
948 1.009412 
949 1.009412 
950 1.009412 
951 1.009412 
952 1.009412 
953 1.009413 
954 1.009413 
955 1.009413 
956 1.009413 
957 1.009413 
958 1.009413 
959 1.009414 
960 1.009414 
961 1.009414 
962 1.009414 
963 1.009414 
964 1.009414 
965 1.009415 
966 1.009415 
967 1.009415 
968 1.009415 
969 1.009415 
970 1.009415 
971 1.009415 
972 1.009416 
973 1.009416 
974 1.009416 
975 1.009416 
976 1.009416 
977 1.009416 
978 1.009417 
979 1.009417 
980 1.009417 
981 1.009417 
982 1.009417 
983 1.009417 
984 1.009417 
985 1.009418 
986 1.009418 
987 1.009418 
988 1.009418 
989 1.009418 
990 1.009418 
991 1.009418 
992 1.009418 
993 1.009419 
994 1.009419 
995 1.009419 
996 1.009419 
997 1.009419 
998 1.009419 
999 1.009419 
1000 1.009419 
1001 1.009419 
1002 1.009419 
1003 1.009419 
1004 1.009420 
1005 1.009420 
1006 1.009420 
1007 1.009420 
1008 1.009420 
1009 1.009420 
1010 1.009420 
1011 1.009420 
1012 1.009420 
1013 1.009420 
1014 1.009420 
1015 1.009420 
1016 1.009420 
1017 1.009420 
1018 1.009420 
1019 1.009420 
1020 1.009420 
1021 1.009420 
1022 1.009420 
1023 1.009420 
1024 1.009420 
1025 1.009420 
1026 1.009420 
1027 1.009420 
1028 1.009420 
1029 1.009420 
1030 1.009420 
1031 1.009420 
1032 1.009420 
1033 1.009420 
1034 1.009420 
1035 1.009420 
1036 1.009420 
1037 1.009420 
1038 1.009420 
1039 1.009420 
1040 1.009420 
1041 1.009420 
1042 1.009420 
1043 1.009420 
1044 1.009420 
1045 1.009420 
1046 1.009420 
1047 1.009420 
1048 1.009420 
1049 1.009420 
1050 1.009420 
1051 1.009420 
1052 1.009420 
1053 1.009420 
1054 1.009420 
1055 1.009420 
1056 1.009420 
1057 1.009420 
1058 1.009420 
1059 1.009420 
1060 1.009420 
1061 1.009420 
1062 1.009420 
1063 1.009420 
1064 1.009420 
1065 1.009420 
1066 1.009420 
1067 1.009420 
1068 1.009419 
1069 1.009419 
1070 1.009419 
1071 1.009419 
1072 1.009419 
1073 1.009419 
1074 1.009419 
1075 1.009419 
1076 1.009419 
1077 1.009419 
1078 1.009419 
1079 1.009419 
1080 1.009419 
1081 1.009419 
1082 1.009419 
1083 1.009419 
1084 1.009419 
1085 1.009419 
1086 1.009419 
1087 1.009419 
1088 1.009419 
1089 1.009419 
1090 1.009419 
1091 1.009419 
1092 1.009419 
1093 1.009419 
1094 1.009419 
1095 1.009419 
1096 1.009419 
1097 1.009419 
1098 1.009419 
1099 1.009418 
1100 1.009418 
1101 1.009418 
1102 1.009418 
1103 1.009418 
1104 1.009418 
1105 1.009418 
1106 1.009418 
1107 1.009418 
1108 1.009418 
1109 1.009418 
1110 1.009418 
1111 1.009418 
1112 1.009418 
1113 1.009418 
1114 1.009418 
1115 1.009418 
1116 1.009418 
1117 1.009418 
1118 1.009418 
1119 1.009418 
1120 1.009418 
1121 1.009418 
1122 1.009418 
1123 1.009418 
1124 1.009418 
1125 1.009418 
1126 1.009418 
1127 1.009418 
1128 1.009418 
1129 1.009418 
1130 1.009418 
1131 1.009418 
1132 1.009418 
1133 1.009418 
1134 1.009418 
1135 1.009418 
1136 1.009418 
1137 1.009418 
1138 1.009418 
1139 1.009418 
1140 1.009418 
1141 1.009418 
1142 1.009418 
1143 1.009418 
1144 1.009418 
1145 1.009418 
1146 1.009418 
1147 1.009418 
1148 1.009418 
1149 1.009418 
1150 1.009418 
1151 1.009418 
1152 1.009418 
1153 1.009418 
1154 1.009418 
1155 1.009418 
1156 1.009418 
1157 1.009418 
1158 1.009418 
1159 1.009418 
1160 1.009418 
1161 1.009418 
1162 1.009418 
1163 1.009418 
1164 1.009418 
1165 1.009418 
1166 1.009418 
1167 1.009418 
1168 1.009418 
1169 1.009418 
1170 1.009418 
1171 1.009418 
1172 1.009418 
1173 1.009418 
1174 1.009418 
1175 1.009418 
1176 1.009418 
1177 1.009418 
1178 1.009418 
1179 1.009418 
1180 1.009418 
1181 1.009418 
1182 1.009418 
1183 1.009418 
1184 1.009418 
1185 1.009418 
1186 1.009418 
1187 1.009418 
1188 1.009418 
1189 1.009418 
1190 1.009418 
1191 1.009418 
1192 1.009418 
1193 1.009418 
1194 1.009418 
1195 1.009418 
1196 1.009418 
1197 1.009418 
1198 1.009418 
1199 1.009418 
1200 1.009418 
1201 1.009418 
1202 1.009418 
1203 1.009419 
1204 1.009419 
1205 1.009419 
1206 1.009419 
1207 1.009419 
1208 1.009419 
1209 1.009419 
1210 1.009419 
1211 1.009419 
1212 1.009419 
1213 1.009419 
1214 1.009419 
1215 1.009419 
1216 1.009419 
1217 1.009419 
1218 1.009419 
1219 1.009419 
1220 1.009419 
1221 1.009419 
1222 1.009419 
1223 1.009419 
1224 1.009419 
1225 1.009419 
1226 1.009419 
1227 1.009419 
1228 1.009419 
1229 1.009419 
1230 1.009419 
1231 1.009419 
1232 1.009419 
1233 1.009419 
1234 1.009419 
1235 1.009419 
1236 1.009419 
1237 1.009419 
1238 1.009419 
1239 1.009419 
1240 1.009419 
1241 1.009419 
1242 1.009419 
1243 1.009419 
1244 1.009419 
1245 1.009419 
1246 1.009419 
1247 1.009419 
1248 1.009419 
1249 1.009419 
1250 1.009419 
1251 1.009419 
1252 1.009419 
1253 1.009419 
1254 1.009419 
1255 1.009419 
1256 1.009419 
1257 1.009419 
1258 1.009419 
1259 1.009419 
1260 1.009419 
1261 1.009419 
1262 1.009419 
1263 1.009419 
1264 1.009419 
1265 1.009419 
1266 1.009419 
1267 1.009419 
1268 1.009419 
1269 1.009419 
1270 1.009419 
1271 1.009419 
1272 1.009419 
1273 1.009419 
1274 1.009419 
1275 1.009419 
1276 1.009419 
1277 1.009419 
1278 1.009419 
1279 1.009419 
1280 1.009419 
1281 1.009419 
1282 1.009419 
1283 1.009419 
1284 1.009419 
1285 1.009419 
1286 1.009419 
1287 1.009419 
1288 1.009419 
1289 1.009419 
1290 1.009419 
1291 1.009419 
1292 1.009419 
1293 1.009419 
1294 1.009419 
1295 1.009419 
1296 1.009419 
1297 1.009419 
1298 1.009419 
1299 1.009419 
1300 1.009419 
1301 1.009419 
1302 1.009419 
1303 1.009419 
1304 1.009419 
1305 1.009419 
1306 1.009419 
1307 1.009419 
1308 1.009419 
1309 1.009419 
1310 1.009419 
1311 1.009419 
1312 1.009419 
1313 1.009419 
1314 1.009419 
1315 1.009419 
1316 1.009418 
1317 1.009418 
1318 1.009418 
1319 1.009418 
1320 1.009418 
1321 1.009418 
1322 1.009418 
1323 1.009418 
1324 1.009418 
1325 1.009418 
1326 1.009418 
1327 1.009418 
1328 1.009418 
1329 1.009418 
1330 1.009418 
1331 1.009418 
1332 1.009418 
1333 1.009418 
1334 1.009418 
1335 1.009418 
1336 1.009418 
1337 1.009418 
1338 1.009418 
1339 1.009418 
1340 1.009418 
1341 1.009418 
1342 1.009418 
1343 1.009418 
1344 1.009418 
1345 1.009418 
1346 1.009418 
1347 1.009418 
1348 1.009418 
1349 1.009418 
1350 1.009418 
1351 1.009418 
1352 1.009418 
1353 1.009418 
1354 1.009418 
1355 1.009418 
1356 1.009418 
1357 1.009418 
1358 1.009418 
1359 1.009418 
1360 1.009418 
1361 1.009418 
1362 1.009418 
1363 1.009418 
1364 1.009418 
1365 1.009418 
1366 1.009418 
1367 1.009418 
1368 1.009418 
1369 1.009418 
1370 1.009418 
1371 1.009418 
1372 1.009418 
1373 1.009418 
1374 1.009418 
1375 1.009418 
1376 1.009418 
1377 1.009418 
1378 1.009418 
1379 1.009418 
1380 1.009418 
1381 1.009418 
1382 1.009418 
1383 1.009418 
1384 1.009418 
1385 1.009418 
1386 1.009418 
1387 1.009418 
1388 1.009418 
1389 1.009418 
1390 1.009418 
1391 1.009418 
1392 1.009418 
1393 1.009418 
1394 1.009418 
1395 1.009418 
1396 1.009418 
1397 1.009418 
1398 1.009418 
1399 1.009418 
1400 1.009418 
1401 1.009418 
1402 1.009418 
1403 1.009418 
1404 1.009418 
1405 1.009418 
1406 1.009419 
1407 1.009419 
1408 1.009419 
1409 1.009419 
1410 1.009419 
1411 1.009419 
1412 1.009419 
1413 1.009419 
1414 1.009419 
1415 1.009419 
1416 1.009419 
1417 1.009419 
1418 1.009419 
1419 1.009419 
1420 1.009419 
1421 1.009419 
1422 1.009419 
1423 1.009419 
1424 1.009419 
1425 1.009419 
1426 1.009419 
1427 1.009419 
1428 1.009419 
1429 1.009419 
1430 1.009419 
1431 1.009419 
1432 1.009419 
1433 1.009419 
1434 1.009419 
1435 1.009419 
1436 1.009419 
1437 1.009419 
1438 1.009419 
1439 1.009419 
1440 1.009419 
1441 1.009419 
1442 1.009419 
1443 1.009419 
1444 1.009419 
1445 1.009419 
1446 1.009419 
1447 1.009419 
1448 1.009419 
1449 1.009419 
1450 1.009419 
1451 1.009419 
1452 1.009419 
1453 1.009419 
1454 1.009419 
1455 1.009419 
1456 1.009419 
1457 1.009419 
1458 1.009419 
1459 1.009419 
1460 1.009419 
1461 1.009419 
1462 1.009419 
1463 1.009419 
1464 1.009419 
1465 1.009419 
1466 1.009419 
1467 1.009419 
1468 1.009419 
1469 1.009419 
1470 1.009419 
1471 1.009419 
1472 1.009419 
1473 1.009419 
1474 1.009419 
1475 1.009419 
1476 1.009419 
1477 1.009419 
1478 1.009419 
1479 1.009419 
1480 1.009419 
1481 1.009419 
1482 1.009419 
1483 1.009419 
1484 1.009419 
1485 1.009419 
1486 1.009419 
1487 1.009419 
1488 1.009419 
1489 1.009419 
1490 1.009419 
1491 1.009419 
1492 1.009419 
1493 1.009419 
1494 1.009419 
1495 1.009419 
1496 1.009419 
1497 1.009419 
1498 1.009419 
1499 1.009419 
1500 1.009419 
1501 1.009419 
1502 1.009419 
1503 1.009419 
1504 1.009419 
1505 1.009419 
1506 1.009419 
1507 1.009419 
1508 1.009419 
1509 1.009419 
1510 1.009419 
1511 1.009419 
1512 1.009419 
1513 1.009419 
1514 1.009419 
1515 1.009419 
1516 1.009419 
1517 1.009419 
1518 1.009419 
1519 1.009419 
1520 1.009419 
1521 1.009419 
1522 1.009419 
1523 1.009419 
1524 1.009419 
1525 1.009419 
1526 1.009419 
1527 1.009419 
1528 1.009419 
1529 1.009419 
1530 1.009419 
1531 1.009419 
1532 1.009419 
1533 1.009419 
1534 1.009419 
1535 1.009419 
1536 1.009419 
1537 1.009419 
1538 1.009419 
1539 1.009419 
1540 1.009419 
1541 1.009419 
1542 1.009419 
1543 1.009419 
1544 1.009419 
1545 1.009419 
1546 1.009419 
1547 1.009419 
1548 1.009419 
1549 1.009419 
1550 1.009418 
1551 1.009418 
1552 1.009418 
1553 1.009418 
1554 1.009418 
1555 1.009418 
1556 1.009418 
1557 1.009418 
1558 1.009418 
1559 1.009418 
1560 1.009418 
1561 1.009418 
1562 1.009418 
1563 1.009418 
1564 1.009418 
1565 1.009418 
1566 1.009418 
1567 1.009418 
1568 1.009418 
1569 1.009418 
1570 1.009418 
1571 1.009418 
1572 1.009418 
1573 1.009418 
1574 1.009418 
1575 1.009418 
1576 1.009418 
1577 1.009418 
1578 1.009418 
1579 1.009418 
1580 1.009418 
1581 1.009418 
1582 1.009418 
1583 1.009418 
1584 1.009418 
1585 1.009418 
1586 1.009418 
1587 1.009418 
1588 1.009418 
1589 1.009418 
1590 1.009418 
1591 1.009418 
1592 1.009418 
1593 1.009418 
1594 1.009418 
1595 1.009418 
1596 1.009418 
1597 1.009418 
1598 1.009418 
1599 1.009418 
1600 1.009418 
1601 1.009418 
1602 1.009418 
1603 1.009418 
1604 1.009418 
1605 1.009418 
1606 1.009418 
1607 1.009418 
1608 1.009418 
1609 1.009418 
1610 1.009418 
1611 1.009418 
1612 1.009418 
1613 1.009418 
1614 1.009418 
1615 1.009418 
1616 1.009418 
1617 1.009418 
1618 1.009418 
1619 1.009418 
1620 1.009418 
1621 1.009418 
1622 1.009418 
1623 1.009418 
1624 1.009418 
1625 1.009418 
1626 1.009418 
1627 1.009418 
1628 1.009418 
1629 1.009418 
1630 1.009418 
1631 1.009418 
1632 1.009418 
1633 1.009418 
1634 1.009418 
1635 1.009418 
1636 1.009418 
1637 1.009418 
1638 1.009418 
1639 1.009418 
1640 1.009418 
1641 1.009418 
1642 1.009418 
1643 1.009418 
1644 1.009418 
1645 1.009418 
1646 1.009418 
1647 1.009418 
1648 1.009418 
1649 1.009418 
1650 1.009419 
1651 1.009419 
1652 1.009419 
1653 1.009419 
1654 1.009419 
1655 1.009419 
1656 1.009419 
1657 1.009419 
1658 1.009419 
1659 1.009419 
1660 1.009419 
1661 1.009419 
1662 1.009419 
1663 1.009419 
1664 1.009419 
1665 1.009419 
1666 1.009419 
1667 1.009419 
1668 1.009419 
1669 1.009419 
1670 1.009419 
1671 1.009419 
1672 1.009419 
1673 1.009419 
1674 1.009419 
1675 1.009419 
1676 1.009419 
1677 1.009419 
1678 1.009419 
1679 1.009419 
1680 1.009419 
1681 1.009419 
1682 1.009419 
1683 1.009419 
1684 1.009419 
1685 1.009419 
1686 1.009419 
1687 1.009419 
1688 1.009419 
1689 1.009419 
1690 1.009419 
1691 1.009419 
1692 1.009419 
1693 1.009419 
1694 1.009419 
1695 1.009419 
1696 1.009419 
1697 1.009419 
1698 1.009419 
1699 1.009419 
1700 1.009419 
1701 1.009419 
1702 1.009419 
1703 1.009419 
1704 1.009419 
1705 1.009419 
1706 1.009419 
1707 1.009419 
1708 1.009419 
1709 1.009419 
1710 1.009419 
1711 1.009419 
1712 1.009419 
1713 1.009419 
1714 1.009419 
1715 1.009419 
1716 1.009419 
1717 1.009419 
1718 1.009419 
1719 1.009419 
1720 1.009419 
1721 1.009419 
1722 1.009419 
1723 1.009419 
1724 1.009419 
1725 1.009419 
1726 1.009419 
1727 1.009419 
1728 1.009419 
1729 1.009419 
1730 1.009419 
1731 1.009419 
1732 1.009419 
1733 1.009419 
1734 1.009419 
1735 1.009419 
1736 1.009419 
1737 1.009419 
1738 1.009419 
1739 1.009419 
1740 1.009419 
1741 1.009419 
1742 1.009419 
1743 1.009419 
1744 1.009419 
1745 1.009419 
1746 1.009419 
1747 1.009419 
1748 1.009419 
1749 1.009419 
1750 1.009419 
1751 1.009419 
1752 1.009419 
1753 1.009419 
1754 1.009419 
1755 1.009419 
1756 1.009419 
1757 1.009418 
1758 1.009418 
1759 1.009418 
1760 1.009418 
1761 1.009418 
1762 1.009418 
1763 1.009418 
1764 1.009418 
1765 1.009418 
1766 1.009418 
1767 1.009418 
1768 1.009418 
1769 1.009418 
1770 1.009418 
1771 1.009418 
1772 1.009418 
1773 1.009418 
1774 1.009418 
1775 1.009418 
1776 1.009418 
1777 1.009418 
1778 1.009418 
1779 1.009418 
1780 1.009418 
1781 1.009418 
1782 1.009418 
1783 1.009418 
1784 1.009418 
1785 1.009418 
1786 1.009418 
1787 1.009418 
1788 1.009417 
1789 1.009417 
1790 1.009417 
1791 1.009417 
1792 1.009417 
1793 1.009417 
1794 1.009417 
1795 1.009417 
1796 1.009417 
1797 1.009417 
1798 1.009417 
1799 1.009417 
1800 1.009417 
1801 1.009417 
1802 1.009417 
1803 1.009417 
1804 1.009417 
1805 1.009417 
1806 1.009417 
1807 1.009417 
1808 1.009417 
1809 1.009417 
1810 1.009417 
1811 1.009417 
1812 1.009417 
1813 1.009417 
1814 1.009417 
1815 1.009417 
1816 1.009417 
1817 1.009417 
1818 1.009417 
1819 1.009417 
1820 1.009417 
1821 1.009417 
1822 1.009417 
1823 1.009417 
1824 1.009417 
1825 1.009417 
1826 1.009417 
1827 1.009417 
1828 1.009417 
1829 1.009417 
1830 1.009417 
1831 1.009417 
1832 1.009417 
1833 1.009417 
1834 1.009417 
1835 1.009417 
1836 1.009417 
1837 1.009417 
1838 1.009417 
1839 1.009417 
1840 1.009417 
1841 1.009417 
1842 1.009417 
1843 1.009417 
1844 1.009417 
1845 1.009417 
1846 1.009417 
1847 1.009417 
1848 1.009417 
1849 1.009417 
1850 1.009418 
1851 1.009418 
1852 1.009418 
1853 1.009418 
1854 1.009418 
1855 1.009418 
1856 1.009418 
1857 1.009418 
1858 1.009418 
1859 1.009418 
1860 1.009418 
1861 1.009418 
1862 1.009419 
1863 1.009419 
1864 1.009419 
1865 1.009419 
1866 1.009419 
1867 1.009419 
1868 1.009419 
1869 1.009419 
1870 1.009420 
1871 1.009420 
1872 1.009420 
1873 1.009420 
1874 1.009420 
1875 1.009420 
1876 1.009420 
1877 1.009421 
1878 1.009421 
1879 1.009421 
1880 1.009421 
1881 1.009421 
1882 1.009421 
1883 1.009421 
1884 1.009422 
1885 1.009422 
1886 1.009422 
1887 1.009422 
1888 1.009422 
1889 1.009422 
1890 1.009423 
1891 1.009423 
1892 1.009423 
1893 1.009423 
1894 1.009423 
1895 1.009423 
1896 1.009424 
1897 1.009424 
1898 1.009424 
1899 1.009424 
1900 1.009424 
1901 1.009424 
1902 1.009425 
1903 1.009425 
1904 1.009425 
1905 1.009425 
1906 1.009425 
1907 1.009425 
1908 1.009425 
1909 1.009426 
1910 1.009426 
1911 1.009426 
1912 1.009426 
1913 1.009426 
1914 1.009426 
1915 1.009426 
1916 1.009426 
1917 1.009427 
1918 1.009427 
1919 1.009427 
1920 1.009427 
1921 1.009427 
1922 1.009427 
1923 1.009427 
1924 1.009427 
1925 1.009427 
1926 1.009427 
1927 1.009427 
1928 1.009427 
1929 1.009427 
1930 1.009427 
1931 1.009427 
1932 1.009427 
1933 1.009427 
1934 1.009427 
1935 1.009427 
1936 1.009427 
1937 1.009427 
1938 1.009427 
1939 1.009426 
1940 1.009426 
1941 1.009426 
1942 1.009426 
1943 1.009426 
1944 1.009426 
1945 1.009426 
1946 1.009425 
1947 1.009425 
1948 1.009425 
1949 1.009425 
1950 1.009424 
1951 1.009424 
1952 1.009424 
1953 1.009423 
1954 1.009423 
1955 1.009423 
1956 1.009423 
1957 1.009422 
1958 1.009422 
1959 1.009421 
1960 1.009421 
1961 1.009421 
1962 1.009420 
1963 1.009420 
1964 1.009419 
1965 1.009419 
1966 1.009418 
1967 1.009418 
1968 1.009417 
1969 1.009417 
1970 1.009416 
1971 1.009416 
1972 1.009415 
1973 1.009415 
1974 1.009414 
1975 1.009414 
1976 1.009413 
1977 1.009412 
1978 1.009412 
1979 1.009411 
1980 1.009411 
1981 1.009410 
1982 1.009409 
1983 1.009409 
1984 1.009408 
1985 1.009407 
1986 1.009407 
1987 1.009406 
1988 1.009405 
1989 1.009405 
1990 1.009404 
1991 1.009403 
1992 1.009402 
1993 1.009402 
1994 1.009401 
1995 1.009400 
1996 1.009400 
1997 1.009399 
1998 1.009398 
1999 1.009397 
