0 0.000000 
1 0.000000 
2 0.000000 
3 0.000000 
4 0.000000 
5 0.000000 
6 0.000000 
7 0.000000 
8 0.000000 
9 0.000000 
10 0.000000 
11 0.000000 
12 0.000000 
13 0.000000 
14 0.000000 
15 0.000000 
16 0.000000 
17 0.000000 
18 0.000000 
19 0.000000 
20 0.000000 
21 0.000000 
22 0.000000 
23 0.000000 
24 0.000000 
25 0.000000 
26 0.000000 
27 0.000000 
28 0.000000 
29 0.000000 
30 0.000000 
31 0.000000 
32 0.000000 
33 0.000000 
34 0.000000 
35 0.000000 
36 0.000000 
37 0.000000 
38 0.000000 
39 0.000000 
40 0.000000 
41 0.000000 
42 0.000000 
43 0.000000 
44 0.000000 
45 0.000000 
46 0.000000 
47 0.000000 
48 0.000000 
49 0.000000 
50 0.000000 
51 0.000000 
52 0.000000 
53 0.000000 
54 0.000000 
55 0.000000 
56 0.000000 
57 0.000000 
58 0.000000 
59 0.000000 
60 0.000000 
61 0.000000 
62 0.000000 
63 0.000000 
64 0.000000 
65 0.000000 
66 0.000000 
67 0.000000 
68 0.000000 
69 0.000000 
70 0.000000 
71 0.000000 
72 0.000000 
73 0.000000 
74 0.000000 
75 0.000000 
76 0.000000 
77 0.000000 
78 0.000000 
79 0.000000 
80 0.000000 
81 0.000000 
82 0.000000 
83 0.000000 
84 0.000000 
85 0.000000 
86 0.000000 
87 0.000000 
88 0.000000 
89 0.000000 
90 0.000000 
91 0.534811 
92 0.914631 
93 1.185357 
94 1.379300 
95 1.519210 
96 1.621100 
97 1.696245 
98 1.752583 
99 1.795702 
100 1.829537 
101 1.856856 
102 1.879610 
103 1.899172 
104 1.916509 
105 1.932302 
106 1.947029 
107 1.961029 
108 1.974540 
109 1.987728 
110 2.000712 
111 2.013576 
112 2.026378 
113 2.039159 
114 2.051949 
115 2.064769 
116 2.077634 
117 2.090554 
118 2.103536 
119 2.116587 
120 2.129710 
121 2.142909 
122 2.156185 
123 2.169540 
124 2.182976 
125 2.196493 
126 2.210093 
127 2.223777 
128 2.237545 
129 2.251397 
130 2.265336 
131 2.279360 
132 2.293471 
133 2.307670 
134 2.321956 
135 2.336330 
136 2.350794 
137 2.365347 
138 2.379990 
139 2.394724 
140 2.409549 
141 2.424466 
142 2.439475 
143 2.454578 
144 2.469773 
145 2.485063 
146 2.500447 
147 2.515927 
148 1.771223 
149 1.246948 
150 0.877856 
151 0.618014 
152 0.435085 
153 0.306301 
154 0.215637 
155 0.151810 
156 0.106875 
157 0.075240 
158 0.052969 
159 0.037291 
160 0.026253 
161 0.018482 
162 0.013011 
163 0.009160 
164 0.006449 
165 0.004540 
166 0.003196 
167 0.002250 
168 0.001584 
169 0.001115 
170 0.000785 
171 0.000553 
172 0.000389 
173 0.000274 
174 0.000193 
175 0.000136 
176 0.000096 
177 0.000067 
178 0.000047 
179 0.000033 
180 0.000023 
181 0.000017 
182 0.002336 
183 0.007959 
184 0.017109 
185 0.029616 
186 0.045134 
187 0.063254 
188 0.083579 
189 0.105746 
190 0.129448 
191 0.154426 
192 0.180473 
193 0.207425 
194 0.235151 
195 0.263551 
196 0.292551 
197 0.322092 
198 0.352131 
199 0.382637 
200 0.413587 
201 0.444964 
202 0.476758 
203 0.508960 
204 0.541567 
205 0.574575 
206 0.607984 
207 0.641794 
208 0.676006 
209 0.710621 
210 0.745643 
211 0.781075 
212 0.816918 
213 0.853176 
214 0.889853 
215 0.926952 
216 0.964477 
217 1.002431 
218 1.040818 
219 1.079643 
220 1.118908 
221 1.158619 
222 1.198778 
223 1.239390 
224 1.280459 
225 1.321989 
226 1.363984 
227 1.406448 
228 1.449386 
229 1.492802 
230 1.536700 
231 1.581084 
232 1.625958 
233 1.671328 
234 1.717197 
235 1.763570 
236 1.810451 
237 1.857845 
238 1.905757 
239 1.947582 
240 1.980546 
241 2.004017 
242 2.018479 
243 2.024927 
244 2.024519 
245 2.018397 
246 2.007590 
247 1.992982 
248 1.975310 
249 1.955168 
250 1.933032 
251 1.909273 
252 1.884180 
253 1.857976 
254 1.830828 
255 1.802863 
256 1.774177 
257 1.744841 
258 1.714905 
259 1.684407 
260 1.653375 
261 1.621827 
262 1.589775 
263 1.557228 
264 1.524190 
265 1.490664 
266 1.456651 
267 1.422148 
268 1.387156 
269 1.351670 
270 1.315687 
271 1.279204 
272 1.242217 
273 1.204732 
274 1.166765 
275 1.128343 
276 1.089498 
277 1.050262 
278 1.010672 
279 0.970759 
280 0.930554 
281 0.890084 
282 0.849371 
283 0.808437 
284 0.767299 
285 0.725971 
286 0.684466 
287 0.642795 
288 0.600966 
289 0.558988 
290 0.516867 
291 0.474608 
292 0.432216 
293 0.389698 
294 0.347055 
295 0.304294 
296 0.266114 
297 0.234494 
298 0.209891 
299 0.191968 
300 0.180023 
301 0.173241 
302 0.170816 
303 0.172024 
304 0.176243 
305 0.182957 
306 0.191750 
307 0.202292 
308 0.214325 
309 0.227651 
310 0.242120 
311 0.257619 
312 0.274067 
313 0.291402 
314 0.309582 
315 0.328580 
316 0.348375 
317 0.368957 
318 0.390321 
319 0.412465 
320 0.435393 
321 0.459110 
322 0.483622 
323 0.508938 
324 0.535067 
325 0.562019 
326 0.589806 
327 0.618438 
328 0.647928 
329 0.678288 
330 0.709487 
331 0.741446 
332 0.774048 
333 0.807150 
334 0.840600 
335 0.874243 
336 0.907932 
337 0.941533 
338 0.974922 
339 1.007990 
340 1.040645 
341 1.072803 
342 1.104394 
343 1.135356 
344 1.165636 
345 1.195189 
346 1.223973 
347 1.251952 
348 1.279094 
349 1.305368 
350 1.330746 
351 1.355203 
352 1.378714 
353 1.401254 
354 1.422799 
355 1.443327 
356 1.462816 
357 1.481241 
358 1.498581 
359 1.514813 
360 1.529915 
361 1.543862 
362 1.556633 
363 1.568203 
364 1.578549 
365 1.587648 
366 1.595476 
367 1.602009 
368 1.607224 
369 1.611097 
370 1.613605 
371 1.614725 
372 1.614435 
373 1.612711 
374 1.609531 
375 1.604872 
376 1.598713 
377 1.591032 
378 1.581805 
379 1.571010 
380 1.558626 
381 1.544629 
382 1.528997 
383 1.511708 
384 1.492739 
385 1.472067 
386 1.449668 
387 1.425581 
388 1.399913 
389 1.372826 
390 1.344517 
391 1.315198 
392 1.285084 
393 1.254379 
394 1.223270 
395 1.191927 
396 1.160499 
397 1.129116 
398 1.097890 
399 1.066918 
400 1.036280 
401 1.006049 
402 0.976285 
403 0.947042 
404 0.918367 
405 0.890303 
406 0.862886 
407 0.836153 
408 0.810136 
409 0.784867 
410 0.760375 
411 0.736690 
412 0.713840 
413 0.691853 
414 0.670758 
415 0.650583 
416 0.631356 
417 0.613104 
418 0.595858 
419 0.579645 
420 0.564495 
421 0.550438 
422 0.537503 
423 0.525717 
424 0.515108 
425 0.505702 
426 0.497520 
427 0.490584 
428 0.484913 
429 0.480522 
430 0.477425 
431 0.475634 
432 0.475158 
433 0.476007 
434 0.478186 
435 0.481700 
436 0.486554 
437 0.492749 
438 0.500289 
439 0.509173 
440 0.519403 
441 0.530977 
442 0.543894 
443 0.558153 
444 0.573723 
445 0.590538 
446 0.608508 
447 0.627524 
448 0.647469 
449 0.668227 
450 0.689684 
451 0.711734 
452 0.734279 
453 0.757229 
454 0.780505 
455 0.804034 
456 0.827750 
457 0.851594 
458 0.875512 
459 0.899452 
460 0.923368 
461 0.947213 
462 0.970945 
463 0.994522 
464 1.017902 
465 1.041044 
466 1.063908 
467 1.086454 
468 1.108640 
469 1.130425 
470 1.151769 
471 1.172628 
472 1.192959 
473 1.212720 
474 1.231866 
475 1.250353 
476 1.268133 
477 1.285162 
478 1.301392 
479 1.316776 
480 1.331271 
481 1.344834 
482 1.357429 
483 1.369021 
484 1.379583 
485 1.389093 
486 1.397531 
487 1.404885 
488 1.411146 
489 1.416310 
490 1.420377 
491 1.423350 
492 1.425234 
493 1.426039 
494 1.425776 
495 1.424459 
496 1.422102 
497 1.418724 
498 1.414343 
499 1.408978 
500 1.402653 
501 1.395390 
502 1.387213 
503 1.378147 
504 1.368220 
505 1.357458 
506 1.345890 
507 1.333547 
508 1.320460 
509 1.306659 
510 1.292179 
511 1.277054 
512 1.261319 
513 1.245011 
514 1.228168 
515 1.210827 
516 1.193030 
517 1.174817 
518 1.156231 
519 1.137315 
520 1.118113 
521 1.098670 
522 1.079033 
523 1.059250 
524 1.039367 
525 1.019436 
526 0.999505 
527 0.979627 
528 0.959852 
529 0.940233 
530 0.920825 
531 0.901681 
532 0.882857 
533 0.864409 
534 0.846394 
535 0.828869 
536 0.811890 
537 0.795513 
538 0.779790 
539 0.764769 
540 0.750495 
541 0.737005 
542 0.724335 
543 0.712515 
544 0.701568 
545 0.691514 
546 0.682371 
547 0.674150 
548 0.666861 
549 0.660508 
550 0.655096 
551 0.650624 
552 0.647091 
553 0.644493 
554 0.642825 
555 0.642079 
556 0.642246 
557 0.643316 
558 0.645276 
559 0.648114 
560 0.651815 
561 0.656362 
562 0.661737 
563 0.667923 
564 0.674899 
565 0.682643 
566 0.691132 
567 0.700342 
568 0.710247 
569 0.720820 
570 0.732032 
571 0.743854 
572 0.756253 
573 0.769198 
574 0.782652 
575 0.796582 
576 0.810950 
577 0.825719 
578 0.840850 
579 0.856303 
580 0.872039 
581 0.888015 
582 0.904191 
583 0.920524 
584 0.936972 
585 0.953493 
586 0.970042 
587 0.986577 
588 1.003055 
589 1.019431 
590 1.035663 
591 1.051706 
592 1.067517 
593 1.083053 
594 1.098273 
595 1.113136 
596 1.127604 
597 1.141639 
598 1.155207 
599 1.168277 
600 1.180817 
601 1.192802 
602 1.204205 
603 1.215003 
604 1.225175 
605 1.234702 
606 1.243566 
607 1.251752 
608 1.259244 
609 1.266032 
610 1.272104 
611 1.277452 
612 1.282066 
613 1.285942 
614 1.289074 
615 1.291459 
616 1.293096 
617 1.293985 
618 1.294127 
619 1.293526 
620 1.292186 
621 1.290114 
622 1.287318 
623 1.283809 
624 1.279597 
625 1.274696 
626 1.269123 
627 1.262893 
628 1.256026 
629 1.248544 
630 1.240469 
631 1.231825 
632 1.222638 
633 1.212937 
634 1.202750 
635 1.192106 
636 1.181038 
637 1.169577 
638 1.157756 
639 1.145607 
640 1.133166 
641 1.120466 
642 1.107541 
643 1.094426 
644 1.081156 
645 1.067766 
646 1.054289 
647 1.040760 
648 1.027213 
649 1.013683 
650 1.000201 
651 0.986802 
652 0.973518 
653 0.960380 
654 0.947421 
655 0.934671 
656 0.922160 
657 0.909918 
658 0.897974 
659 0.886355 
660 0.875088 
661 0.864199 
662 0.853714 
663 0.843657 
664 0.834050 
665 0.824916 
666 0.816276 
667 0.808149 
668 0.800553 
669 0.793505 
670 0.787022 
671 0.781116 
672 0.775802 
673 0.771090 
674 0.766991 
675 0.763512 
676 0.760660 
677 0.758440 
678 0.756856 
679 0.755909 
680 0.755599 
681 0.755925 
682 0.756882 
683 0.758465 
684 0.760667 
685 0.763479 
686 0.766889 
687 0.770886 
688 0.775455 
689 0.780579 
690 0.786241 
691 0.792422 
692 0.799102 
693 0.806260 
694 0.813871 
695 0.821914 
696 0.830363 
697 0.839194 
698 0.848379 
699 0.857893 
700 0.867709 
701 0.877798 
702 0.888134 
703 0.898688 
704 0.909431 
705 0.920335 
706 0.931372 
707 0.942512 
708 0.953726 
709 0.964987 
710 0.976265 
711 0.987531 
712 0.998759 
713 1.009919 
714 1.020985 
715 1.031928 
716 1.042722 
717 1.053341 
718 1.063759 
719 1.073951 
720 1.083892 
721 1.093558 
722 1.102927 
723 1.111977 
724 1.120686 
725 1.129035 
726 1.137003 
727 1.144573 
728 1.151728 
729 1.158451 
730 1.164730 
731 1.170548 
732 1.175896 
733 1.180761 
734 1.185134 
735 1.189006 
736 1.192372 
737 1.195224 
738 1.197559 
739 1.199374 
740 1.200668 
741 1.201440 
742 1.201692 
743 1.201426 
744 1.200646 
745 1.199358 
746 1.197568 
747 1.195284 
748 1.192516 
749 1.189274 
750 1.185569 
751 1.181413 
752 1.176820 
753 1.171806 
754 1.166384 
755 1.160572 
756 1.154387 
757 1.147847 
758 1.140970 
759 1.133776 
760 1.126285 
761 1.118519 
762 1.110497 
763 1.102242 
764 1.093777 
765 1.085123 
766 1.076304 
767 1.067343 
768 1.058264 
769 1.049091 
770 1.039846 
771 1.030555 
772 1.021242 
773 1.011930 
774 1.002643 
775 0.993405 
776 0.984239 
777 0.975168 
778 0.966216 
779 0.957405 
780 0.948756 
781 0.940290 
782 0.932030 
783 0.923993 
784 0.916201 
785 0.908671 
786 0.901421 
787 0.894467 
788 0.887826 
789 0.881514 
790 0.875543 
791 0.869926 
792 0.864677 
793 0.859806 
794 0.855322 
795 0.851236 
796 0.847554 
797 0.844284 
798 0.841431 
799 0.838999 
800 0.836993 
801 0.835415 
802 0.834267 
803 0.833547 
804 0.833257 
805 0.833393 
806 0.833953 
807 0.834933 
808 0.836329 
809 0.838133 
810 0.840340 
811 0.842941 
812 0.845928 
813 0.849290 
814 0.853017 
815 0.857098 
816 0.861519 
817 0.866269 
818 0.871332 
819 0.876694 
820 0.882341 
821 0.888255 
822 0.894420 
823 0.900819 
824 0.907434 
825 0.914248 
826 0.921240 
827 0.928393 
828 0.935687 
829 0.943102 
830 0.950619 
831 0.958217 
832 0.965877 
833 0.973578 
834 0.981300 
835 0.989023 
836 0.996727 
837 1.004393 
838 1.012000 
839 1.019529 
840 1.026962 
841 1.034280 
842 1.041465 
843 1.048499 
844 1.055365 
845 1.062047 
846 1.068528 
847 1.074793 
848 1.080828 
849 1.086619 
850 1.092152 
851 1.097415 
852 1.102396 
853 1.107085 
854 1.111471 
855 1.115545 
856 1.119298 
857 1.122723 
858 1.125814 
859 1.128564 
860 1.130969 
861 1.133025 
862 1.134728 
863 1.136077 
864 1.137070 
865 1.137706 
866 1.137987 
867 1.137914 
868 1.137489 
869 1.136715 
870 1.135597 
871 1.134139 
872 1.132348 
873 1.130229 
874 1.127790 
875 1.125040 
876 1.121987 
877 1.118641 
878 1.115012 
879 1.111111 
880 1.106950 
881 1.102542 
882 1.097898 
883 1.093033 
884 1.087959 
885 1.082692 
886 1.077245 
887 1.071635 
888 1.065876 
889 1.059983 
890 1.053974 
891 1.047863 
892 1.041668 
893 1.035404 
894 1.029087 
895 1.022736 
896 1.016364 
897 1.009991 
898 1.003630 
899 0.997299 
900 0.991014 
901 0.984790 
902 0.978643 
903 0.972588 
904 0.966639 
905 0.960812 
906 0.955121 
907 0.949579 
908 0.944199 
909 0.938995 
910 0.933978 
911 0.929160 
912 0.924552 
913 0.920165 
914 0.916009 
915 0.912092 
916 0.908424 
917 0.905012 
918 0.901863 
919 0.898985 
920 0.896382 
921 0.894060 
922 0.892023 
923 0.890275 
924 0.888817 
925 0.887653 
926 0.886784 
927 0.886209 
928 0.885929 
929 0.885942 
930 0.886247 
931 0.886842 
932 0.887722 
933 0.888884 
934 0.890323 
935 0.892033 
936 0.894010 
937 0.896245 
938 0.898732 
939 0.901463 
940 0.904429 
941 0.907621 
942 0.911030 
943 0.914646 
944 0.918457 
945 0.922454 
946 0.926624 
947 0.930957 
948 0.935439 
949 0.940060 
950 0.944805 
951 0.949662 
952 0.954619 
953 0.959661 
954 0.964776 
955 0.969949 
956 0.975168 
957 0.980419 
958 0.985688 
959 0.990962 
960 0.996227 
961 1.001469 
962 1.006676 
963 1.011834 
964 1.016931 
965 1.021954 
966 1.026890 
967 1.031727 
968 1.036455 
969 1.041060 
970 1.045532 
971 1.049861 
972 1.054036 
973 1.058048 
974 1.061887 
975 1.065544 
976 1.069012 
977 1.072281 
978 1.075346 
979 1.078200 
980 1.080837 
981 1.083250 
982 1.085436 
983 1.087390 
984 1.089109 
985 1.090589 
986 1.091828 
987 1.092825 
988 1.093579 
989 1.094088 
990 1.094354 
991 1.094377 
992 1.094159 
993 1.093701 
994 1.093006 
995 1.092078 
996 1.090920 
997 1.089537 
998 1.087933 
999 1.086114 
1000 1.084087 
1001 1.081856 
1002 1.079431 
1003 1.076817 
1004 1.074023 
1005 1.071056 
1006 1.067927 
1007 1.064642 
1008 1.061213 
1009 1.057648 
1010 1.053958 
1011 1.050152 
1012 1.046242 
1013 1.042237 
1014 1.038148 
1015 1.033988 
1016 1.029765 
1017 1.025493 
1018 1.021181 
1019 1.016841 
1020 1.012485 
1021 1.008124 
1022 1.003769 
1023 0.999430 
1024 0.995120 
1025 0.990848 
1026 0.986626 
1027 0.982463 
1028 0.978371 
1029 0.974360 
1030 0.970438 
1031 0.966616 
1032 0.962903 
1033 0.959307 
1034 0.955837 
1035 0.952501 
1036 0.949307 
1037 0.946262 
1038 0.943373 
1039 0.940647 
1040 0.938088 
1041 0.935704 
1042 0.933499 
1043 0.931477 
1044 0.929643 
1045 0.927999 
1046 0.926550 
1047 0.925297 
1048 0.924243 
1049 0.923389 
1050 0.922736 
1051 0.922285 
1052 0.922035 
1053 0.921986 
1054 0.922136 
1055 0.922485 
1056 0.923030 
1057 0.923768 
1058 0.924696 
1059 0.925812 
1060 0.927110 
1061 0.928586 
1062 0.930237 
1063 0.932055 
1064 0.934036 
1065 0.936174 
1066 0.938462 
1067 0.940893 
1068 0.943461 
1069 0.946158 
1070 0.948975 
1071 0.951906 
1072 0.954943 
1073 0.958076 
1074 0.961297 
1075 0.964597 
1076 0.967968 
1077 0.971400 
1078 0.974884 
1079 0.978411 
1080 0.981972 
1081 0.985557 
1082 0.989157 
1083 0.992764 
1084 0.996366 
1085 0.999956 
1086 1.003524 
1087 1.007061 
1088 1.010559 
1089 1.014008 
1090 1.017400 
1091 1.020728 
1092 1.023982 
1093 1.027154 
1094 1.030239 
1095 1.033227 
1096 1.036111 
1097 1.038886 
1098 1.041545 
1099 1.044081 
1100 1.046489 
1101 1.048764 
1102 1.050900 
1103 1.052893 
1104 1.054739 
1105 1.056434 
1106 1.057974 
1107 1.059357 
1108 1.060579 
1109 1.061640 
1110 1.062536 
1111 1.063267 
1112 1.063832 
1113 1.064231 
1114 1.064463 
1115 1.064528 
1116 1.064429 
1117 1.064165 
1118 1.063739 
1119 1.063153 
1120 1.062409 
1121 1.061510 
1122 1.060459 
1123 1.059261 
1124 1.057918 
1125 1.056435 
1126 1.054817 
1127 1.053069 
1128 1.051196 
1129 1.049203 
1130 1.047097 
1131 1.044883 
1132 1.042569 
1133 1.040159 
1134 1.037662 
1135 1.035083 
1136 1.032431 
1137 1.029712 
1138 1.026934 
1139 1.024103 
1140 1.021229 
1141 1.018318 
1142 1.015378 
1143 1.012416 
1144 1.009441 
1145 1.006460 
1146 1.003481 
1147 1.000511 
1148 0.997558 
1149 0.994629 
1150 0.991732 
1151 0.988873 
1152 0.986061 
1153 0.983302 
1154 0.980602 
1155 0.977968 
1156 0.975407 
1157 0.972924 
1158 0.970525 
1159 0.968217 
1160 0.966004 
1161 0.963891 
1162 0.961884 
1163 0.959987 
1164 0.958203 
1165 0.956537 
1166 0.954993 
1167 0.953573 
1168 0.952280 
1169 0.951117 
1170 0.950087 
1171 0.949190 
1172 0.948429 
1173 0.947804 
1174 0.947317 
1175 0.946967 
1176 0.946755 
1177 0.946680 
1178 0.946742 
1179 0.946940 
1180 0.947273 
1181 0.947738 
1182 0.948334 
1183 0.949058 
1184 0.949908 
1185 0.950881 
1186 0.951974 
1187 0.953183 
1188 0.954504 
1189 0.955933 
1190 0.957466 
1191 0.959099 
1192 0.960826 
1193 0.962642 
1194 0.964543 
1195 0.966523 
1196 0.968577 
1197 0.970698 
1198 0.972881 
1199 0.975120 
1200 0.977409 
1201 0.979742 
1202 0.982112 
1203 0.984514 
1204 0.986940 
1205 0.989385 
1206 0.991842 
1207 0.994305 
1208 0.996767 
1209 0.999223 
1210 1.001665 
1211 1.004089 
1212 1.006487 
1213 1.008854 
1214 1.011184 
1215 1.013471 
1216 1.015709 
1217 1.017894 
1218 1.020020 
1219 1.022081 
1220 1.024074 
1221 1.025993 
1222 1.027833 
1223 1.029592 
1224 1.031264 
1225 1.032846 
1226 1.034334 
1227 1.035725 
1228 1.037017 
1229 1.038207 
1230 1.039291 
1231 1.040268 
1232 1.041137 
1233 1.041895 
1234 1.042542 
1235 1.043076 
1236 1.043496 
1237 1.043803 
1238 1.043997 
1239 1.044076 
1240 1.044043 
1241 1.043897 
1242 1.043640 
1243 1.043273 
1244 1.042798 
1245 1.042217 
1246 1.041531 
1247 1.040743 
1248 1.039856 
1249 1.038873 
1250 1.037796 
1251 1.036630 
1252 1.035377 
1253 1.034041 
1254 1.032627 
1255 1.031138 
1256 1.029578 
1257 1.027953 
1258 1.026266 
1259 1.024522 
1260 1.022727 
1261 1.020884 
1262 1.018999 
1263 1.017077 
1264 1.015124 
1265 1.013143 
1266 1.011142 
1267 1.009124 
1268 1.007095 
1269 1.005060 
1270 1.003025 
1271 1.000995 
1272 0.998975 
1273 0.996970 
1274 0.994984 
1275 0.993024 
1276 0.991094 
1277 0.989198 
1278 0.987342 
1279 0.985529 
1280 0.983764 
1281 0.982052 
1282 0.980396 
1283 0.978801 
1284 0.977269 
1285 0.975805 
1286 0.974412 
1287 0.973093 
1288 0.971851 
1289 0.970688 
1290 0.969607 
1291 0.968611 
1292 0.967701 
1293 0.966879 
1294 0.966147 
1295 0.965506 
1296 0.964958 
1297 0.964502 
1298 0.964139 
1299 0.963871 
1300 0.963697 
1301 0.963616 
1302 0.963629 
1303 0.963735 
1304 0.963933 
1305 0.964222 
1306 0.964601 
1307 0.965067 
1308 0.965621 
1309 0.966258 
1310 0.966978 
1311 0.967778 
1312 0.968656 
1313 0.969608 
1314 0.970632 
1315 0.971724 
1316 0.972883 
1317 0.974103 
1318 0.975382 
1319 0.976716 
1320 0.978102 
1321 0.979535 
1322 0.981011 
1323 0.982527 
1324 0.984078 
1325 0.985660 
1326 0.987269 
1327 0.988901 
1328 0.990551 
1329 0.992215 
1330 0.993889 
1331 0.995568 
1332 0.997248 
1333 0.998925 
1334 1.000594 
1335 1.002251 
1336 1.003893 
1337 1.005514 
1338 1.007111 
1339 1.008681 
1340 1.010218 
1341 1.011720 
1342 1.013183 
1343 1.014603 
1344 1.015977 
1345 1.017302 
1346 1.018575 
1347 1.019792 
1348 1.020951 
1349 1.022050 
1350 1.023086 
1351 1.024056 
1352 1.024959 
1353 1.025793 
1354 1.026556 
1355 1.027246 
1356 1.027862 
1357 1.028404 
1358 1.028870 
1359 1.029259 
1360 1.029571 
1361 1.029806 
1362 1.029963 
1363 1.030043 
1364 1.030045 
1365 1.029971 
1366 1.029821 
1367 1.029596 
1368 1.029296 
1369 1.028924 
1370 1.028480 
1371 1.027966 
1372 1.027384 
1373 1.026736 
1374 1.026023 
1375 1.025248 
1376 1.024414 
1377 1.023523 
1378 1.022577 
1379 1.021579 
1380 1.020532 
1381 1.019439 
1382 1.018304 
1383 1.017128 
1384 1.015917 
1385 1.014672 
1386 1.013397 
1387 1.012096 
1388 1.010772 
1389 1.009429 
1390 1.008070 
1391 1.006699 
1392 1.005319 
1393 1.003935 
1394 1.002548 
1395 1.001164 
1396 0.999785 
1397 0.998416 
1398 0.997059 
1399 0.995718 
1400 0.994396 
1401 0.993097 
1402 0.991823 
1403 0.990578 
1404 0.989365 
1405 0.988187 
1406 0.987046 
1407 0.985945 
1408 0.984888 
1409 0.983875 
1410 0.982909 
1411 0.981994 
1412 0.981130 
1413 0.980320 
1414 0.979565 
1415 0.978866 
1416 0.978227 
1417 0.977647 
1418 0.977127 
1419 0.976669 
1420 0.976274 
1421 0.975942 
1422 0.975673 
1423 0.975468 
1424 0.975327 
1425 0.975251 
1426 0.975237 
1427 0.975287 
1428 0.975400 
1429 0.975575 
1430 0.975812 
1431 0.976109 
1432 0.976465 
1433 0.976878 
1434 0.977349 
1435 0.977874 
1436 0.978453 
1437 0.979083 
1438 0.979762 
1439 0.980489 
1440 0.981261 
1441 0.982077 
1442 0.982933 
1443 0.983827 
1444 0.984757 
1445 0.985720 
1446 0.986714 
1447 0.987735 
1448 0.988781 
1449 0.989850 
1450 0.990937 
1451 0.992042 
1452 0.993159 
1453 0.994287 
1454 0.995423 
1455 0.996563 
1456 0.997705 
1457 0.998845 
1458 0.999982 
1459 1.001111 
1460 1.002231 
1461 1.003337 
1462 1.004429 
1463 1.005502 
1464 1.006555 
1465 1.007584 
1466 1.008588 
1467 1.009563 
1468 1.010509 
1469 1.011421 
1470 1.012298 
1471 1.013139 
1472 1.013941 
1473 1.014702 
1474 1.015422 
1475 1.016097 
1476 1.016727 
1477 1.017311 
1478 1.017847 
1479 1.018334 
1480 1.018771 
1481 1.019158 
1482 1.019493 
1483 1.019777 
1484 1.020008 
1485 1.020187 
1486 1.020314 
1487 1.020388 
1488 1.020409 
1489 1.020378 
1490 1.020296 
1491 1.020163 
1492 1.019978 
1493 1.019745 
1494 1.019462 
1495 1.019131 
1496 1.018754 
1497 1.018331 
1498 1.017865 
1499 1.017355 
1500 1.016805 
1501 1.016215 
1502 1.015588 
1503 1.014924 
1504 1.014227 
1505 1.013498 
1506 1.012739 
1507 1.011953 
1508 1.011141 
1509 1.010306 
1510 1.009449 
1511 1.008574 
1512 1.007683 
1513 1.006777 
1514 1.005860 
1515 1.004934 
1516 1.004001 
1517 1.003064 
1518 1.002125 
1519 1.001186 
1520 1.000250 
1521 0.999320 
1522 0.998397 
1523 0.997484 
1524 0.996583 
1525 0.995697 
1526 0.994827 
1527 0.993976 
1528 0.993146 
1529 0.992338 
1530 0.991555 
1531 0.990799 
1532 0.990070 
1533 0.989372 
1534 0.988706 
1535 0.988072 
1536 0.987473 
1537 0.986909 
1538 0.986383 
1539 0.985895 
1540 0.985445 
1541 0.985036 
1542 0.984668 
1543 0.984341 
1544 0.984056 
1545 0.983813 
1546 0.983614 
1547 0.983457 
1548 0.983344 
1549 0.983274 
1550 0.983247 
1551 0.983263 
1552 0.983322 
1553 0.983423 
1554 0.983565 
1555 0.983749 
1556 0.983972 
1557 0.984236 
1558 0.984537 
1559 0.984877 
1560 0.985253 
1561 0.985663 
1562 0.986108 
1563 0.986586 
1564 0.987095 
1565 0.987633 
1566 0.988199 
1567 0.988792 
1568 0.989410 
1569 0.990051 
1570 0.990713 
1571 0.991394 
1572 0.992093 
1573 0.992808 
1574 0.993536 
1575 0.994277 
1576 0.995027 
1577 0.995785 
1578 0.996549 
1579 0.997317 
1580 0.998086 
1581 0.998856 
1582 0.999624 
1583 1.000388 
1584 1.001146 
1585 1.001896 
1586 1.002636 
1587 1.003365 
1588 1.004081 
1589 1.004782 
1590 1.005467 
1591 1.006133 
1592 1.006779 
1593 1.007403 
1594 1.008005 
1595 1.008583 
1596 1.009135 
1597 1.009661 
1598 1.010158 
1599 1.010627 
1600 1.011065 
1601 1.011473 
1602 1.011848 
1603 1.012192 
1604 1.012502 
1605 1.012778 
1606 1.013020 
1607 1.013227 
1608 1.013400 
1609 1.013537 
1610 1.013639 
1611 1.013706 
1612 1.013737 
1613 1.013734 
1614 1.013695 
1615 1.013622 
1616 1.013515 
1617 1.013374 
1618 1.013200 
1619 1.012994 
1620 1.012756 
1621 1.012487 
1622 1.012188 
1623 1.011860 
1624 1.011505 
1625 1.011122 
1626 1.010713 
1627 1.010280 
1628 1.009824 
1629 1.009345 
1630 1.008846 
1631 1.008328 
1632 1.007792 
1633 1.007239 
1634 1.006672 
1635 1.006092 
1636 1.005500 
1637 1.004897 
1638 1.004286 
1639 1.003669 
1640 1.003046 
1641 1.002419 
1642 1.001790 
1643 1.001161 
1644 1.000533 
1645 0.999908 
1646 0.999287 
1647 0.998672 
1648 0.998065 
1649 0.997466 
1650 0.996878 
1651 0.996301 
1652 0.995738 
1653 0.995190 
1654 0.994657 
1655 0.994141 
1656 0.993644 
1657 0.993166 
1658 0.992708 
1659 0.992272 
1660 0.991859 
1661 0.991469 
1662 0.991104 
1663 0.990763 
1664 0.990449 
1665 0.990160 
1666 0.989899 
1667 0.989665 
1668 0.989459 
1669 0.989281 
1670 0.989132 
1671 0.989011 
1672 0.988919 
1673 0.988855 
1674 0.988821 
1675 0.988815 
1676 0.988838 
1677 0.988889 
1678 0.988968 
1679 0.989074 
1680 0.989207 
1681 0.989367 
1682 0.989553 
1683 0.989764 
1684 0.990000 
1685 0.990260 
1686 0.990543 
1687 0.990847 
1688 0.991173 
1689 0.991520 
1690 0.991885 
1691 0.992269 
1692 0.992670 
1693 0.993086 
1694 0.993518 
1695 0.993963 
1696 0.994420 
1697 0.994888 
1698 0.995366 
1699 0.995853 
1700 0.996347 
1701 0.996847 
1702 0.997351 
1703 0.997859 
1704 0.998369 
1705 0.998880 
1706 0.999390 
1707 0.999898 
1708 1.000402 
1709 1.000903 
1710 1.001398 
1711 1.001886 
1712 1.002365 
1713 1.002836 
1714 1.003296 
1715 1.003745 
1716 1.004181 
1717 1.004604 
1718 1.005012 
1719 1.005405 
1720 1.005781 
1721 1.006141 
1722 1.006482 
1723 1.006805 
1724 1.007108 
1725 1.007391 
1726 1.007654 
1727 1.007895 
1728 1.008115 
1729 1.008313 
1730 1.008489 
1731 1.008642 
1732 1.008772 
1733 1.008879 
1734 1.008963 
1735 1.009024 
1736 1.009061 
1737 1.009076 
1738 1.009067 
1739 1.009036 
1740 1.008982 
1741 1.008906 
1742 1.008807 
1743 1.008688 
1744 1.008547 
1745 1.008385 
1746 1.008204 
1747 1.008003 
1748 1.007784 
1749 1.007546 
1750 1.007291 
1751 1.007019 
1752 1.006731 
1753 1.006429 
1754 1.006112 
1755 1.005782 
1756 1.005440 
1757 1.005087 
1758 1.004723 
1759 1.004350 
1760 1.003968 
1761 1.003580 
1762 1.003185 
1763 1.002784 
1764 1.002380 
1765 1.001972 
1766 1.001562 
1767 1.001151 
1768 1.000741 
1769 1.000331 
1770 0.999923 
1771 0.999519 
1772 0.999118 
1773 0.998723 
1774 0.998333 
1775 0.997951 
1776 0.997577 
1777 0.997211 
1778 0.996855 
1779 0.996510 
1780 0.996175 
1781 0.995853 
1782 0.995544 
1783 0.995248 
1784 0.994967 
1785 0.994700 
1786 0.994448 
1787 0.994212 
1788 0.993993 
1789 0.993790 
1790 0.993605 
1791 0.993437 
1792 0.993286 
1793 0.993154 
1794 0.993040 
1795 0.992945 
1796 0.992868 
1797 0.992809 
1798 0.992769 
1799 0.992748 
1800 0.992745 
1801 0.992760 
1802 0.992793 
1803 0.992845 
1804 0.992914 
1805 0.993000 
1806 0.993103 
1807 0.993223 
1808 0.993359 
1809 0.993511 
1810 0.993678 
1811 0.993859 
1812 0.994055 
1813 0.994264 
1814 0.994486 
1815 0.994720 
1816 0.994966 
1817 0.995223 
1818 0.995489 
1819 0.995765 
1820 0.996050 
1821 0.996342 
1822 0.996641 
1823 0.996947 
1824 0.997258 
1825 0.997573 
1826 0.997892 
1827 0.998214 
1828 0.998539 
1829 0.998864 
1830 0.999190 
1831 0.999515 
1832 0.999839 
1833 1.000161 
1834 1.000480 
1835 1.000796 
1836 1.001107 
1837 1.001414 
1838 1.001714 
1839 1.002008 
1840 1.002294 
1841 1.002573 
1842 1.002843 
1843 1.003104 
1844 1.003355 
1845 1.003596 
1846 1.003826 
1847 1.004045 
1848 1.004252 
1849 1.004447 
1850 1.004629 
1851 1.004799 
1852 1.004955 
1853 1.005098 
1854 1.005226 
1855 1.005341 
1856 1.005442 
1857 1.005529 
1858 1.005601 
1859 1.005658 
1860 1.005701 
1861 1.005730 
1862 1.005744 
1863 1.005744 
1864 1.005730 
1865 1.005701 
1866 1.005659 
1867 1.005603 
1868 1.005533 
1869 1.005451 
1870 1.005355 
1871 1.005247 
1872 1.005127 
1873 1.004995 
1874 1.004852 
1875 1.004698 
1876 1.004534 
1877 1.004360 
1878 1.004176 
1879 1.003983 
1880 1.003782 
1881 1.003574 
1882 1.003358 
1883 1.003136 
1884 1.002908 
1885 1.002674 
1886 1.002436 
1887 1.002194 
1888 1.001948 
1889 1.001700 
1890 1.001449 
1891 1.001197 
1892 1.000944 
1893 1.000691 
1894 1.000438 
1895 1.000187 
1896 0.999937 
1897 0.999689 
1898 0.999444 
1899 0.999203 
1900 0.998966 
1901 0.998733 
1902 0.998505 
1903 0.998283 
1904 0.998067 
1905 0.997858 
1906 0.997656 
1907 0.997461 
1908 0.997275 
1909 0.997096 
1910 0.996926 
1911 0.996766 
1912 0.996614 
1913 0.996473 
1914 0.996341 
1915 0.996219 
1916 0.996108 
1917 0.996007 
1918 0.995917 
1919 0.995838 
1920 0.995769 
1921 0.995712 
1922 0.995666 
1923 0.995631 
1924 0.995607 
1925 0.995593 
1926 0.995591 
1927 0.995600 
1928 0.995619 
1929 0.995649 
1930 0.995689 
1931 0.995740 
1932 0.995800 
1933 0.995870 
1934 0.995950 
1935 0.996038 
1936 0.996136 
1937 0.996242 
1938 0.996356 
1939 0.996478 
1940 0.996608 
1941 0.996745 
1942 0.996888 
1943 0.997037 
1944 0.997192 
1945 0.997353 
1946 0.997518 
1947 0.997688 
1948 0.997861 
1949 0.998039 
1950 0.998219 
1951 0.998402 
1952 0.998587 
1953 0.998773 
1954 0.998961 
1955 0.999150 
1956 0.999339 
1957 0.999527 
1958 0.999715 
1959 0.999902 
1960 1.000088 
1961 1.000271 
1962 1.000453 
1963 1.000631 
1964 1.000807 
1965 1.000979 
1966 1.001147 
1967 1.001311 
1968 1.001470 
1969 1.001625 
1970 1.001774 
1971 1.001918 
1972 1.002056 
1973 1.002188 
1974 1.002313 
1975 1.002432 
1976 1.002544 
1977 1.002649 
1978 1.002746 
1979 1.002837 
1980 1.002920 
1981 1.002995 
1982 1.003062 
1983 1.003121 
1984 1.003172 
1985 1.003216 
1986 1.003251 
1987 1.003279 
1988 1.003298 
1989 1.003309 
1990 1.003313 
1991 1.003308 
1992 1.003296 
1993 1.003276 
1994 1.003249 
1995 1.003214 
1996 1.003172 
1997 1.003123 
1998 1.003067 
1999 1.003005 
