-10.800000 0.034000 50.652273 166.250000 124.335881 
-8.400000 0.034000 63.806861 146.500000 120.677581 
-6.000000 0.034000 72.097828 135.000000 116.258078 
-3.600000 0.034000 78.490347 127.500000 111.651212 
-1.200000 0.034000 83.830787 119.500000 107.419785 
1.200000 0.034000 88.261832 113.500000 103.930532 
3.600000 0.034000 91.817884 109.000000 101.263713 
6.000000 0.034000 94.603793 105.750000 99.301063 
8.400000 0.034000 96.774639 103.250000 97.864285 
10.800000 0.034000 98.481300 101.500000 96.796554 
13.200000 0.034000 99.843978 100.000000 95.984149 
15.600000 0.034000 100.950430 99.250000 95.350569 
18.000000 0.034000 101.866673 98.250000 94.843217 
20.400000 0.034000 102.645685 97.250000 94.423976 
22.800000 0.034000 103.265376 97.000000 94.098145 
25.200000 0.034000 103.867221 96.250000 93.787853 
27.600000 0.034000 104.283138 95.750000 93.577393 
30.000000 0.034000 104.830437 95.250000 93.304341 
32.400000 0.034000 105.046786 95.000000 93.197610 
34.800000 0.034000 105.435031 94.750000 93.008977 
