0.048065 0.048065 0.048065 
0.045928 0.045928 0.045928 
0.043886 0.043886 0.043886 
0.041934 0.041934 0.041934 
0.040069 0.040069 0.040069 
0.038287 0.038287 0.038287 
0.036585 0.036585 0.036585 
0.034958 0.034958 0.034958 
0.033403 0.033403 0.033403 
0.031918 0.031918 0.031918 
0.030498 0.030498 0.030498 
0.029142 0.029142 0.029142 
0.027846 0.027846 0.027846 
0.026608 0.026608 0.026608 
0.025425 0.025425 0.025425 
0.024294 0.024294 0.024294 
0.023214 0.023214 0.023214 
0.022181 0.022181 0.022181 
0.021195 0.021195 0.021195 
0.020252 0.020252 0.020252 
0.019352 0.019352 0.019352 
0.018491 0.018491 0.018491 
0.017669 0.017669 0.017669 
0.016883 0.016883 0.016883 
0.016132 0.016132 0.016132 
0.015415 0.015415 0.015415 
0.014729 0.014729 0.014729 
0.014074 0.014074 0.014074 
0.013449 0.013449 0.013449 
0.012850 0.012850 0.012850 
0.012279 0.012279 0.012279 
0.011733 0.011733 0.011733 
0.011211 0.011211 0.011211 
0.010713 0.010713 0.010713 
0.010236 0.010236 0.010236 
0.009781 0.009781 0.009781 
0.009346 0.009346 0.009346 
0.008930 0.008930 0.008930 
0.008533 0.008533 0.008533 
0.008154 0.008154 0.008154 
0.007791 0.007791 0.007791 
0.007445 0.007445 0.007445 
0.007114 0.007114 0.007114 
0.006797 0.006797 0.006797 
0.006495 0.006495 0.006495 
0.006206 0.006206 0.006206 
0.005930 0.005930 0.005930 
0.005667 0.005667 0.005667 
0.005415 0.005415 0.005415 
0.005174 0.005174 0.005174 
0.004944 0.004944 0.004944 
0.004724 0.004724 0.004724 
0.004514 0.004514 0.004514 
0.004313 0.004313 0.004313 
0.004121 0.004121 0.004121 
0.003938 0.003938 0.003938 
0.003763 0.003763 0.003763 
