0 0.000000 
1 0.000000 
2 0.000000 
3 0.000000 
4 0.000000 
5 0.000000 
6 0.000000 
7 0.000000 
8 0.000000 
9 0.000000 
10 0.000000 
11 0.000000 
12 0.000000 
13 0.000000 
14 0.000000 
15 0.000000 
16 0.000000 
17 0.000000 
18 0.000000 
19 0.000000 
20 0.000000 
21 0.000000 
22 0.000000 
23 0.000000 
24 0.000000 
25 0.000000 
26 0.000000 
27 0.000000 
28 0.000000 
29 0.000000 
30 0.000000 
31 0.000000 
32 0.000000 
33 0.000000 
34 0.000000 
35 0.000000 
36 0.000000 
37 0.000000 
38 0.000000 
39 0.000000 
40 0.000000 
41 0.000000 
42 0.000000 
43 0.000000 
44 0.000000 
45 0.000000 
46 0.000000 
47 0.000000 
48 0.000000 
49 0.000000 
50 0.000000 
51 0.000000 
52 0.000000 
53 0.000000 
54 0.000000 
55 0.000000 
56 0.000000 
57 0.000000 
58 0.000000 
59 0.000000 
60 0.000000 
61 0.000000 
62 0.000000 
63 0.000000 
64 0.000000 
65 0.000000 
66 0.000000 
67 0.000000 
68 0.000000 
69 0.000000 
70 0.000000 
71 0.000000 
72 0.000000 
73 0.000000 
74 0.000000 
75 0.000000 
76 0.000000 
77 0.000000 
78 0.000000 
79 0.000000 
80 0.000000 
81 0.000000 
82 0.000000 
83 0.000000 
84 0.000000 
85 0.000000 
86 0.000000 
87 0.000000 
88 0.000000 
89 0.000000 
90 0.000000 
91 1.750755 
92 2.843382 
93 3.499472 
94 3.867022 
95 4.044827 
96 4.098796 
97 4.072861 
98 3.996262 
99 3.888428 
100 3.762228 
101 3.626156 
102 3.485783 
103 3.344732 
104 3.205326 
105 3.069026 
106 2.936719 
107 2.808913 
108 2.685866 
109 2.567673 
110 2.454323 
111 2.345737 
112 2.241796 
113 2.142353 
114 2.047250 
115 1.956320 
116 1.869398 
117 1.786316 
118 1.706912 
119 1.631028 
120 1.558512 
121 1.489215 
122 1.422997 
123 1.359721 
124 1.299257 
125 1.241482 
126 1.186275 
127 1.133522 
128 1.083115 
129 1.034950 
130 0.988926 
131 0.944949 
132 0.902927 
133 0.862774 
134 0.824407 
135 0.787745 
136 0.752715 
137 0.719241 
138 0.687257 
139 0.656695 
140 0.627491 
141 0.599587 
142 0.572923 
143 0.547445 
144 0.523101 
145 0.499838 
146 0.477610 
147 0.456371 
148 0.305111 
149 0.203984 
150 0.136375 
151 0.091175 
152 0.060956 
153 0.040752 
154 0.027245 
155 0.018215 
156 0.012178 
157 0.008142 
158 0.005443 
159 0.003639 
160 0.002433 
161 0.001627 
162 0.001087 
163 0.000727 
164 0.000486 
165 0.000325 
166 0.000217 
167 0.000145 
168 0.000097 
169 0.000065 
170 0.000043 
171 0.000029 
172 0.000019 
173 0.000013 
174 0.000009 
175 0.000006 
176 0.000004 
177 0.000003 
178 0.000002 
179 0.000001 
180 0.000001 
181 0.000001 
182 0.027891 
183 0.090595 
184 0.185066 
185 0.304294 
186 0.440413 
187 0.586175 
188 0.735536 
189 0.883775 
190 1.027394 
191 1.163934 
192 1.291772 
193 1.409930 
194 1.517916 
195 1.615591 
196 1.703068 
197 1.780633 
198 1.848688 
199 1.907703 
200 1.958191 
201 2.000681 
202 2.035706 
203 2.063791 
204 2.085443 
205 2.101152 
206 2.111383 
207 2.116581 
208 2.117163 
209 2.113521 
210 2.106028 
211 2.095028 
212 2.080847 
213 2.063787 
214 2.044132 
215 2.022145 
216 1.998073 
217 1.972144 
218 1.944570 
219 1.915548 
220 1.885263 
221 1.853883 
222 1.821566 
223 1.788457 
224 1.754691 
225 1.720391 
226 1.685672 
227 1.650638 
228 1.615387 
229 1.580007 
230 1.544579 
231 1.509177 
232 1.473870 
233 1.438718 
234 1.403778 
235 1.369100 
236 1.334730 
237 1.300710 
238 1.267076 
239 1.229688 
240 1.187541 
241 1.141114 
242 1.091481 
243 1.039837 
244 0.987284 
245 0.934740 
246 0.882924 
247 0.832369 
248 0.783451 
249 0.736418 
250 0.691422 
251 0.648539 
252 0.607792 
253 0.569163 
254 0.532608 
255 0.498066 
256 0.465463 
257 0.434718 
258 0.405748 
259 0.378466 
260 0.352789 
261 0.328634 
262 0.305920 
263 0.284569 
264 0.264508 
265 0.245665 
266 0.227973 
267 0.211367 
268 0.195785 
269 0.181171 
270 0.167469 
271 0.154628 
272 0.142596 
273 0.131774 
274 0.122947 
275 0.117094 
276 0.115186 
277 0.118052 
278 0.126302 
279 0.140303 
280 0.160183 
281 0.185860 
282 0.217084 
283 0.253472 
284 0.294546 
285 0.339768 
286 0.388568 
287 0.440364 
288 0.494582 
289 0.550664 
290 0.608083 
291 0.666345 
292 0.724992 
293 0.783606 
294 0.841809 
295 0.899263 
296 0.955821 
297 1.011256 
298 1.065321 
299 1.117777 
300 1.168410 
301 1.217036 
302 1.263505 
303 1.307695 
304 1.349515 
305 1.388894 
306 1.425788 
307 1.460168 
308 1.492025 
309 1.521361 
310 1.548193 
311 1.572548 
312 1.594463 
313 1.613980 
314 1.631151 
315 1.646032 
316 1.658684 
317 1.669174 
318 1.677568 
319 1.683940 
320 1.688361 
321 1.690907 
322 1.691654 
323 1.690677 
324 1.688055 
325 1.683862 
326 1.678176 
327 1.671072 
328 1.662626 
329 1.652910 
330 1.641898 
331 1.629473 
332 1.615477 
333 1.599752 
334 1.582167 
335 1.562644 
336 1.541155 
337 1.517724 
338 1.492422 
339 1.465356 
340 1.436659 
341 1.406487 
342 1.375004 
343 1.342383 
344 1.308796 
345 1.274412 
346 1.239395 
347 1.203899 
348 1.168070 
349 1.132045 
350 1.095950 
351 1.059898 
352 1.023995 
353 0.988337 
354 0.953007 
355 0.918082 
356 0.883630 
357 0.849710 
358 0.816374 
359 0.783668 
360 0.751631 
361 0.720294 
362 0.689686 
363 0.659830 
364 0.630749 
365 0.602483 
366 0.575094 
367 0.548673 
368 0.523341 
369 0.499248 
370 0.476562 
371 0.455466 
372 0.436146 
373 0.418784 
374 0.403549 
375 0.390594 
376 0.380048 
377 0.372017 
378 0.366578 
379 0.363781 
380 0.363649 
381 0.366177 
382 0.371337 
383 0.379079 
384 0.389330 
385 0.402001 
386 0.416987 
387 0.434175 
388 0.453452 
389 0.474694 
390 0.497774 
391 0.522556 
392 0.548897 
393 0.576649 
394 0.605659 
395 0.635771 
396 0.666829 
397 0.698678 
398 0.731164 
399 0.764136 
400 0.797449 
401 0.830962 
402 0.864541 
403 0.898057 
404 0.931388 
405 0.964421 
406 0.997048 
407 1.029168 
408 1.060689 
409 1.091525 
410 1.121598 
411 1.150836 
412 1.179174 
413 1.206553 
414 1.232923 
415 1.258236 
416 1.282454 
417 1.305542 
418 1.327470 
419 1.348215 
420 1.367759 
421 1.386084 
422 1.403174 
423 1.419006 
424 1.433553 
425 1.446781 
426 1.458652 
427 1.469120 
428 1.478142 
429 1.485673 
430 1.491672 
431 1.496104 
432 1.498940 
433 1.500158 
434 1.499748 
435 1.497707 
436 1.494041 
437 1.488767 
438 1.481909 
439 1.473501 
440 1.463581 
441 1.452199 
442 1.439405 
443 1.425258 
444 1.409819 
445 1.393155 
446 1.375331 
447 1.356419 
448 1.336489 
449 1.315614 
450 1.293866 
451 1.271319 
452 1.248043 
453 1.224111 
454 1.199593 
455 1.174557 
456 1.149072 
457 1.123204 
458 1.097019 
459 1.070586 
460 1.043973 
461 1.017254 
462 0.990503 
463 0.963802 
464 0.937233 
465 0.910886 
466 0.884853 
467 0.859227 
468 0.834107 
469 0.809591 
470 0.785775 
471 0.762758 
472 0.740634 
473 0.719493 
474 0.699421 
475 0.680501 
476 0.662808 
477 0.646408 
478 0.631364 
479 0.617730 
480 0.605552 
481 0.594871 
482 0.585719 
483 0.578121 
484 0.572097 
485 0.567656 
486 0.564802 
487 0.563531 
488 0.563831 
489 0.565684 
490 0.569065 
491 0.573942 
492 0.580276 
493 0.588024 
494 0.597136 
495 0.607559 
496 0.619235 
497 0.632101 
498 0.646093 
499 0.661143 
500 0.677182 
501 0.694136 
502 0.711935 
503 0.730502 
504 0.749765 
505 0.769649 
506 0.790079 
507 0.810981 
508 0.832284 
509 0.853915 
510 0.875803 
511 0.897881 
512 0.920080 
513 0.942336 
514 0.964585 
515 0.986765 
516 1.008815 
517 1.030674 
518 1.052284 
519 1.073584 
520 1.094515 
521 1.115019 
522 1.135036 
523 1.154508 
524 1.173377 
525 1.191585 
526 1.209077 
527 1.225798 
528 1.241697 
529 1.256724 
530 1.270832 
531 1.283978 
532 1.296122 
533 1.307228 
534 1.317265 
535 1.326203 
536 1.334020 
537 1.340696 
538 1.346216 
539 1.350569 
540 1.353749 
541 1.355752 
542 1.356581 
543 1.356241 
544 1.354740 
545 1.352092 
546 1.348312 
547 1.343420 
548 1.337437 
549 1.330389 
550 1.322303 
551 1.313209 
552 1.303140 
553 1.292131 
554 1.280219 
555 1.267445 
556 1.253851 
557 1.239482 
558 1.224385 
559 1.208611 
560 1.192213 
561 1.175246 
562 1.157766 
563 1.139835 
564 1.121514 
565 1.102866 
566 1.083958 
567 1.064854 
568 1.045623 
569 1.026332 
570 1.007050 
571 0.987846 
572 0.968785 
573 0.949937 
574 0.931366 
575 0.913139 
576 0.895317 
577 0.877963 
578 0.861136 
579 0.844894 
580 0.829290 
581 0.814377 
582 0.800203 
583 0.786813 
584 0.774250 
585 0.762551 
586 0.751750 
587 0.741880 
588 0.732965 
589 0.725029 
590 0.718090 
591 0.712162 
592 0.707257 
593 0.703381 
594 0.700536 
595 0.698720 
596 0.697931 
597 0.698158 
598 0.699391 
599 0.701614 
600 0.704809 
601 0.708955 
602 0.714028 
603 0.720003 
604 0.726851 
605 0.734540 
606 0.743038 
607 0.752310 
608 0.762321 
609 0.773031 
610 0.784402 
611 0.796392 
612 0.808960 
613 0.822062 
614 0.835652 
615 0.849687 
616 0.864117 
617 0.878896 
618 0.893975 
619 0.909303 
620 0.924830 
621 0.940507 
622 0.956280 
623 0.972099 
624 0.987911 
625 1.003667 
626 1.019314 
627 1.034801 
628 1.050080 
629 1.065100 
630 1.079814 
631 1.094176 
632 1.108140 
633 1.121662 
634 1.134702 
635 1.147217 
636 1.159172 
637 1.170529 
638 1.181256 
639 1.191320 
640 1.200693 
641 1.209348 
642 1.217262 
643 1.224412 
644 1.230780 
645 1.236349 
646 1.241106 
647 1.245039 
648 1.248140 
649 1.250403 
650 1.251825 
651 1.252405 
652 1.252146 
653 1.251052 
654 1.249131 
655 1.246393 
656 1.242851 
657 1.238521 
658 1.233421 
659 1.227571 
660 1.220995 
661 1.213718 
662 1.205768 
663 1.197175 
664 1.187972 
665 1.178193 
666 1.167873 
667 1.157051 
668 1.145766 
669 1.134060 
670 1.121974 
671 1.109551 
672 1.096837 
673 1.083877 
674 1.070716 
675 1.057401 
676 1.043978 
677 1.030494 
678 1.016996 
679 1.003530 
680 0.990142 
681 0.976878 
682 0.963781 
683 0.950896 
684 0.938265 
685 0.925929 
686 0.913928 
687 0.902300 
688 0.891082 
689 0.880307 
690 0.870010 
691 0.860221 
692 0.850968 
693 0.842278 
694 0.834175 
695 0.826682 
696 0.819819 
697 0.813603 
698 0.808049 
699 0.803170 
700 0.798978 
701 0.795479 
702 0.792681 
703 0.790587 
704 0.789198 
705 0.788514 
706 0.788533 
707 0.789247 
708 0.790652 
709 0.792737 
710 0.795490 
711 0.798899 
712 0.802948 
713 0.807620 
714 0.812895 
715 0.818753 
716 0.825170 
717 0.832123 
718 0.839584 
719 0.847527 
720 0.855923 
721 0.864741 
722 0.873949 
723 0.883516 
724 0.893407 
725 0.903588 
726 0.914023 
727 0.924677 
728 0.935513 
729 0.946494 
730 0.957584 
731 0.968745 
732 0.979939 
733 0.991130 
734 1.002280 
735 1.013354 
736 1.024314 
737 1.035126 
738 1.045755 
739 1.056167 
740 1.066328 
741 1.076207 
742 1.085772 
743 1.094995 
744 1.103846 
745 1.112298 
746 1.120325 
747 1.127905 
748 1.135013 
749 1.141630 
750 1.147736 
751 1.153313 
752 1.158347 
753 1.162823 
754 1.166731 
755 1.170059 
756 1.172801 
757 1.174951 
758 1.176505 
759 1.177462 
760 1.177821 
761 1.177585 
762 1.176758 
763 1.175347 
764 1.173359 
765 1.170806 
766 1.167698 
767 1.164050 
768 1.159878 
769 1.155198 
770 1.150029 
771 1.144393 
772 1.138310 
773 1.131805 
774 1.124902 
775 1.117626 
776 1.110005 
777 1.102067 
778 1.093840 
779 1.085354 
780 1.076640 
781 1.067727 
782 1.058649 
783 1.049435 
784 1.040118 
785 1.030730 
786 1.021303 
787 1.011869 
788 1.002458 
789 0.993103 
790 0.983833 
791 0.974680 
792 0.965673 
793 0.956841 
794 0.948211 
795 0.939811 
796 0.931667 
797 0.923804 
798 0.916247 
799 0.909017 
800 0.902137 
801 0.895627 
802 0.889506 
803 0.883792 
804 0.878499 
805 0.873644 
806 0.869239 
807 0.865296 
808 0.861824 
809 0.858833 
810 0.856328 
811 0.854315 
812 0.852797 
813 0.851776 
814 0.851253 
815 0.851225 
816 0.851691 
817 0.852644 
818 0.854080 
819 0.855989 
820 0.858364 
821 0.861192 
822 0.864462 
823 0.868161 
824 0.872273 
825 0.876782 
826 0.881671 
827 0.886920 
828 0.892512 
829 0.898424 
830 0.904636 
831 0.911125 
832 0.917867 
833 0.924839 
834 0.932016 
835 0.939374 
836 0.946886 
837 0.954527 
838 0.962271 
839 0.970091 
840 0.977961 
841 0.985855 
842 0.993746 
843 1.001608 
844 1.009415 
845 1.017142 
846 1.024763 
847 1.032254 
848 1.039590 
849 1.046749 
850 1.053707 
851 1.060443 
852 1.066936 
853 1.073165 
854 1.079111 
855 1.084756 
856 1.090084 
857 1.095079 
858 1.099726 
859 1.104011 
860 1.107923 
861 1.111451 
862 1.114586 
863 1.117319 
864 1.119645 
865 1.121557 
866 1.123052 
867 1.124128 
868 1.124785 
869 1.125021 
870 1.124840 
871 1.124244 
872 1.123239 
873 1.121830 
874 1.120025 
875 1.117832 
876 1.115262 
877 1.112324 
878 1.109032 
879 1.105399 
880 1.101439 
881 1.097168 
882 1.092602 
883 1.087757 
884 1.082653 
885 1.077308 
886 1.071741 
887 1.065972 
888 1.060021 
889 1.053911 
890 1.047661 
891 1.041295 
892 1.034832 
893 1.028297 
894 1.021711 
895 1.015095 
896 1.008473 
897 1.001866 
898 0.995296 
899 0.988784 
900 0.982352 
901 0.976020 
902 0.969809 
903 0.963739 
904 0.957828 
905 0.952095 
906 0.946559 
907 0.941235 
908 0.936141 
909 0.931291 
910 0.926701 
911 0.922384 
912 0.918351 
913 0.914616 
914 0.911188 
915 0.908076 
916 0.905289 
917 0.902835 
918 0.900718 
919 0.898945 
920 0.897518 
921 0.896440 
922 0.895713 
923 0.895337 
924 0.895310 
925 0.895631 
926 0.896296 
927 0.897301 
928 0.898641 
929 0.900308 
930 0.902296 
931 0.904596 
932 0.907197 
933 0.910090 
934 0.913263 
935 0.916704 
936 0.920399 
937 0.924335 
938 0.928498 
939 0.932871 
940 0.937439 
941 0.942186 
942 0.947095 
943 0.952148 
944 0.957328 
945 0.962617 
946 0.967996 
947 0.973447 
948 0.978952 
949 0.984491 
950 0.990047 
951 0.995600 
952 1.001132 
953 1.006626 
954 1.012062 
955 1.017423 
956 1.022692 
957 1.027852 
958 1.032886 
959 1.037779 
960 1.042515 
961 1.047079 
962 1.051458 
963 1.055637 
964 1.059604 
965 1.063348 
966 1.066858 
967 1.070122 
968 1.073132 
969 1.075880 
970 1.078358 
971 1.080560 
972 1.082479 
973 1.084113 
974 1.085456 
975 1.086506 
976 1.087263 
977 1.087724 
978 1.087891 
979 1.087765 
980 1.087349 
981 1.086645 
982 1.085657 
983 1.084392 
984 1.082855 
985 1.081052 
986 1.078992 
987 1.076683 
988 1.074135 
989 1.071356 
990 1.068359 
991 1.065155 
992 1.061755 
993 1.058172 
994 1.054419 
995 1.050510 
996 1.046458 
997 1.042279 
998 1.037986 
999 1.033595 
1000 1.029121 
1001 1.024579 
1002 1.019985 
1003 1.015354 
1004 1.010702 
1005 1.006045 
1006 1.001398 
1007 0.996776 
1008 0.992194 
1009 0.987668 
1010 0.983212 
1011 0.978841 
1012 0.974568 
1013 0.970407 
1014 0.966370 
1015 0.962472 
1016 0.958723 
1017 0.955135 
1018 0.951720 
1019 0.948486 
1020 0.945445 
1021 0.942604 
1022 0.939972 
1023 0.937556 
1024 0.935363 
1025 0.933398 
1026 0.931668 
1027 0.930175 
1028 0.928924 
1029 0.927917 
1030 0.927156 
1031 0.926642 
1032 0.926374 
1033 0.926353 
1034 0.926576 
1035 0.927042 
1036 0.927748 
1037 0.928688 
1038 0.929860 
1039 0.931257 
1040 0.932873 
1041 0.934702 
1042 0.936736 
1043 0.938967 
1044 0.941387 
1045 0.943986 
1046 0.946754 
1047 0.949681 
1048 0.952757 
1049 0.955970 
1050 0.959309 
1051 0.962761 
1052 0.966315 
1053 0.969958 
1054 0.973677 
1055 0.977460 
1056 0.981294 
1057 0.985165 
1058 0.989060 
1059 0.992967 
1060 0.996872 
1061 1.000763 
1062 1.004625 
1063 1.008448 
1064 1.012218 
1065 1.015923 
1066 1.019552 
1067 1.023092 
1068 1.026533 
1069 1.029863 
1070 1.033073 
1071 1.036153 
1072 1.039092 
1073 1.041883 
1074 1.044517 
1075 1.046986 
1076 1.049283 
1077 1.051401 
1078 1.053336 
1079 1.055081 
1080 1.056631 
1081 1.057984 
1082 1.059135 
1083 1.060083 
1084 1.060825 
1085 1.061361 
1086 1.061689 
1087 1.061811 
1088 1.061726 
1089 1.061438 
1090 1.060947 
1091 1.060257 
1092 1.059371 
1093 1.058294 
1094 1.057031 
1095 1.055587 
1096 1.053967 
1097 1.052178 
1098 1.050228 
1099 1.048124 
1100 1.045874 
1101 1.043486 
1102 1.040969 
1103 1.038332 
1104 1.035585 
1105 1.032737 
1106 1.029799 
1107 1.026782 
1108 1.023694 
1109 1.020548 
1110 1.017355 
1111 1.014124 
1112 1.010866 
1113 1.007594 
1114 1.004318 
1115 1.001049 
1116 0.997797 
1117 0.994573 
1118 0.991388 
1119 0.988252 
1120 0.985176 
1121 0.982168 
1122 0.979239 
1123 0.976398 
1124 0.973654 
1125 0.971015 
1126 0.968489 
1127 0.966083 
1128 0.963807 
1129 0.961664 
1130 0.959663 
1131 0.957809 
1132 0.956107 
1133 0.954562 
1134 0.953177 
1135 0.951957 
1136 0.950904 
1137 0.950022 
1138 0.949310 
1139 0.948772 
1140 0.948408 
1141 0.948217 
1142 0.948199 
1143 0.948353 
1144 0.948678 
1145 0.949172 
1146 0.949831 
1147 0.950652 
1148 0.951632 
1149 0.952766 
1150 0.954050 
1151 0.955479 
1152 0.957046 
1153 0.958745 
1154 0.960571 
1155 0.962515 
1156 0.964572 
1157 0.966733 
1158 0.968991 
1159 0.971338 
1160 0.973764 
1161 0.976262 
1162 0.978822 
1163 0.981437 
1164 0.984096 
1165 0.986791 
1166 0.989513 
1167 0.992252 
1168 0.994999 
1169 0.997745 
1170 1.000481 
1171 1.003198 
1172 1.005886 
1173 1.008538 
1174 1.011144 
1175 1.013697 
1176 1.016188 
1177 1.018609 
1178 1.020953 
1179 1.023212 
1180 1.025380 
1181 1.027450 
1182 1.029415 
1183 1.031270 
1184 1.033009 
1185 1.034628 
1186 1.036121 
1187 1.037485 
1188 1.038715 
1189 1.039810 
1190 1.040765 
1191 1.041579 
1192 1.042249 
1193 1.042776 
1194 1.043156 
1195 1.043392 
1196 1.043481 
1197 1.043426 
1198 1.043227 
1199 1.042886 
1200 1.042405 
1201 1.041786 
1202 1.041033 
1203 1.040148 
1204 1.039136 
1205 1.038000 
1206 1.036746 
1207 1.035378 
1208 1.033901 
1209 1.032321 
1210 1.030644 
1211 1.028876 
1212 1.027024 
1213 1.025094 
1214 1.023093 
1215 1.021028 
1216 1.018907 
1217 1.016737 
1218 1.014525 
1219 1.012279 
1220 1.010007 
1221 1.007716 
1222 1.005415 
1223 1.003110 
1224 1.000810 
1225 0.998522 
1226 0.996254 
1227 0.994013 
1228 0.991806 
1229 0.989640 
1230 0.987523 
1231 0.985461 
1232 0.983461 
1233 0.981528 
1234 0.979670 
1235 0.977890 
1236 0.976196 
1237 0.974592 
1238 0.973082 
1239 0.971671 
1240 0.970364 
1241 0.969163 
1242 0.968073 
1243 0.967095 
1244 0.966234 
1245 0.965489 
1246 0.964865 
1247 0.964361 
1248 0.963978 
1249 0.963718 
1250 0.963579 
1251 0.963563 
1252 0.963668 
1253 0.963892 
1254 0.964235 
1255 0.964695 
1256 0.965269 
1257 0.965954 
1258 0.966748 
1259 0.967647 
1260 0.968648 
1261 0.969747 
1262 0.970939 
1263 0.972220 
1264 0.973584 
1265 0.975028 
1266 0.976545 
1267 0.978131 
1268 0.979778 
1269 0.981483 
1270 0.983238 
1271 0.985037 
1272 0.986874 
1273 0.988743 
1274 0.990637 
1275 0.992551 
1276 0.994477 
1277 0.996408 
1278 0.998340 
1279 1.000264 
1280 1.002175 
1281 1.004067 
1282 1.005933 
1283 1.007768 
1284 1.009565 
1285 1.011319 
1286 1.013024 
1287 1.014675 
1288 1.016266 
1289 1.017794 
1290 1.019253 
1291 1.020638 
1292 1.021946 
1293 1.023174 
1294 1.024316 
1295 1.025370 
1296 1.026334 
1297 1.027204 
1298 1.027978 
1299 1.028655 
1300 1.029232 
1301 1.029709 
1302 1.030084 
1303 1.030357 
1304 1.030527 
1305 1.030595 
1306 1.030561 
1307 1.030426 
1308 1.030192 
1309 1.029858 
1310 1.029428 
1311 1.028902 
1312 1.028285 
1313 1.027577 
1314 1.026783 
1315 1.025905 
1316 1.024946 
1317 1.023911 
1318 1.022804 
1319 1.021627 
1320 1.020387 
1321 1.019087 
1322 1.017732 
1323 1.016327 
1324 1.014877 
1325 1.013387 
1326 1.011862 
1327 1.010308 
1328 1.008729 
1329 1.007132 
1330 1.005521 
1331 1.003903 
1332 1.002282 
1333 1.000663 
1334 0.999053 
1335 0.997457 
1336 0.995879 
1337 0.994325 
1338 0.992800 
1339 0.991309 
1340 0.989856 
1341 0.988447 
1342 0.987084 
1343 0.985774 
1344 0.984519 
1345 0.983323 
1346 0.982191 
1347 0.981125 
1348 0.980129 
1349 0.979205 
1350 0.978355 
1351 0.977584 
1352 0.976891 
1353 0.976280 
1354 0.975751 
1355 0.975307 
1356 0.974947 
1357 0.974672 
1358 0.974484 
1359 0.974381 
1360 0.974364 
1361 0.974432 
1362 0.974584 
1363 0.974820 
1364 0.975138 
1365 0.975536 
1366 0.976013 
1367 0.976566 
1368 0.977194 
1369 0.977893 
1370 0.978661 
1371 0.979495 
1372 0.980391 
1373 0.981347 
1374 0.982359 
1375 0.983422 
1376 0.984534 
1377 0.985690 
1378 0.986886 
1379 0.988118 
1380 0.989381 
1381 0.990671 
1382 0.991984 
1383 0.993316 
1384 0.994660 
1385 0.996014 
1386 0.997373 
1387 0.998732 
1388 1.000086 
1389 1.001431 
1390 1.002763 
1391 1.004077 
1392 1.005369 
1393 1.006636 
1394 1.007872 
1395 1.009074 
1396 1.010239 
1397 1.011362 
1398 1.012440 
1399 1.013470 
1400 1.014450 
1401 1.015375 
1402 1.016243 
1403 1.017052 
1404 1.017799 
1405 1.018482 
1406 1.019100 
1407 1.019651 
1408 1.020133 
1409 1.020545 
1410 1.020887 
1411 1.021157 
1412 1.021356 
1413 1.021482 
1414 1.021537 
1415 1.021520 
1416 1.021432 
1417 1.021273 
1418 1.021045 
1419 1.020749 
1420 1.020385 
1421 1.019957 
1422 1.019465 
1423 1.018912 
1424 1.018300 
1425 1.017631 
1426 1.016909 
1427 1.016134 
1428 1.015312 
1429 1.014443 
1430 1.013533 
1431 1.012584 
1432 1.011599 
1433 1.010582 
1434 1.009536 
1435 1.008466 
1436 1.007374 
1437 1.006265 
1438 1.005143 
1439 1.004010 
1440 1.002872 
1441 1.001732 
1442 1.000593 
1443 0.999459 
1444 0.998335 
1445 0.997223 
1446 0.996128 
1447 0.995053 
1448 0.994001 
1449 0.992976 
1450 0.991980 
1451 0.991018 
1452 0.990092 
1453 0.989204 
1454 0.988358 
1455 0.987556 
1456 0.986801 
1457 0.986094 
1458 0.985437 
1459 0.984834 
1460 0.984284 
1461 0.983790 
1462 0.983353 
1463 0.982974 
1464 0.982654 
1465 0.982393 
1466 0.982193 
1467 0.982052 
1468 0.981972 
1469 0.981953 
1470 0.981993 
1471 0.982093 
1472 0.982251 
1473 0.982467 
1474 0.982740 
1475 0.983068 
1476 0.983450 
1477 0.983885 
1478 0.984370 
1479 0.984904 
1480 0.985484 
1481 0.986109 
1482 0.986776 
1483 0.987482 
1484 0.988225 
1485 0.989003 
1486 0.989812 
1487 0.990649 
1488 0.991512 
1489 0.992398 
1490 0.993303 
1491 0.994225 
1492 0.995160 
1493 0.996105 
1494 0.997056 
1495 0.998012 
1496 0.998968 
1497 0.999921 
1498 1.000869 
1499 1.001807 
1500 1.002734 
1501 1.003646 
1502 1.004540 
1503 1.005413 
1504 1.006263 
1505 1.007087 
1506 1.007882 
1507 1.008646 
1508 1.009377 
1509 1.010072 
1510 1.010729 
1511 1.011347 
1512 1.011923 
1513 1.012456 
1514 1.012945 
1515 1.013388 
1516 1.013783 
1517 1.014131 
1518 1.014430 
1519 1.014679 
1520 1.014878 
1521 1.015027 
1522 1.015125 
1523 1.015173 
1524 1.015170 
1525 1.015117 
1526 1.015015 
1527 1.014863 
1528 1.014664 
1529 1.014417 
1530 1.014124 
1531 1.013786 
1532 1.013405 
1533 1.012982 
1534 1.012519 
1535 1.012018 
1536 1.011480 
1537 1.010908 
1538 1.010303 
1539 1.009668 
1540 1.009005 
1541 1.008317 
1542 1.007605 
1543 1.006873 
1544 1.006123 
1545 1.005358 
1546 1.004580 
1547 1.003792 
1548 1.002996 
1549 1.002195 
1550 1.001393 
1551 1.000591 
1552 0.999792 
1553 0.998999 
1554 0.998215 
1555 0.997441 
1556 0.996681 
1557 0.995937 
1558 0.995211 
1559 0.994505 
1560 0.993822 
1561 0.993164 
1562 0.992533 
1563 0.991931 
1564 0.991359 
1565 0.990820 
1566 0.990314 
1567 0.989843 
1568 0.989410 
1569 0.989014 
1570 0.988656 
1571 0.988339 
1572 0.988062 
1573 0.987827 
1574 0.987633 
1575 0.987481 
1576 0.987372 
1577 0.987305 
1578 0.987280 
1579 0.987298 
1580 0.987358 
1581 0.987458 
1582 0.987600 
1583 0.987782 
1584 0.988003 
1585 0.988262 
1586 0.988558 
1587 0.988890 
1588 0.989257 
1589 0.989657 
1590 0.990088 
1591 0.990549 
1592 0.991039 
1593 0.991555 
1594 0.992096 
1595 0.992659 
1596 0.993243 
1597 0.993846 
1598 0.994465 
1599 0.995098 
1600 0.995744 
1601 0.996399 
1602 0.997063 
1603 0.997731 
1604 0.998403 
1605 0.999077 
1606 0.999749 
1607 1.000417 
1608 1.001080 
1609 1.001735 
1610 1.002381 
1611 1.003014 
1612 1.003634 
1613 1.004238 
1614 1.004824 
1615 1.005390 
1616 1.005935 
1617 1.006458 
1618 1.006955 
1619 1.007427 
1620 1.007872 
1621 1.008287 
1622 1.008673 
1623 1.009028 
1624 1.009351 
1625 1.009641 
1626 1.009898 
1627 1.010120 
1628 1.010308 
1629 1.010461 
1630 1.010578 
1631 1.010660 
1632 1.010707 
1633 1.010718 
1634 1.010693 
1635 1.010634 
1636 1.010540 
1637 1.010412 
1638 1.010250 
1639 1.010056 
1640 1.009830 
1641 1.009573 
1642 1.009286 
1643 1.008971 
1644 1.008628 
1645 1.008259 
1646 1.007865 
1647 1.007448 
1648 1.007009 
1649 1.006549 
1650 1.006071 
1651 1.005577 
1652 1.005067 
1653 1.004543 
1654 1.004008 
1655 1.003463 
1656 1.002911 
1657 1.002352 
1658 1.001789 
1659 1.001224 
1660 1.000658 
1661 1.000094 
1662 0.999534 
1663 0.998978 
1664 0.998429 
1665 0.997889 
1666 0.997359 
1667 0.996842 
1668 0.996338 
1669 0.995849 
1670 0.995378 
1671 0.994924 
1672 0.994490 
1673 0.994077 
1674 0.993686 
1675 0.993318 
1676 0.992975 
1677 0.992657 
1678 0.992365 
1679 0.992100 
1680 0.991863 
1681 0.991654 
1682 0.991473 
1683 0.991322 
1684 0.991201 
1685 0.991109 
1686 0.991047 
1687 0.991014 
1688 0.991012 
1689 0.991038 
1690 0.991095 
1691 0.991180 
1692 0.991293 
1693 0.991434 
1694 0.991603 
1695 0.991798 
1696 0.992019 
1697 0.992264 
1698 0.992533 
1699 0.992826 
1700 0.993139 
1701 0.993474 
1702 0.993827 
1703 0.994199 
1704 0.994587 
1705 0.994991 
1706 0.995409 
1707 0.995839 
1708 0.996280 
1709 0.996730 
1710 0.997188 
1711 0.997653 
1712 0.998123 
1713 0.998595 
1714 0.999070 
1715 0.999545 
1716 1.000018 
1717 1.000488 
1718 1.000954 
1719 1.001414 
1720 1.001866 
1721 1.002309 
1722 1.002743 
1723 1.003164 
1724 1.003573 
1725 1.003968 
1726 1.004347 
1727 1.004710 
1728 1.005055 
1729 1.005382 
1730 1.005689 
1731 1.005975 
1732 1.006241 
1733 1.006484 
1734 1.006705 
1735 1.006903 
1736 1.007077 
1737 1.007227 
1738 1.007352 
1739 1.007453 
1740 1.007528 
1741 1.007579 
1742 1.007605 
1743 1.007606 
1744 1.007582 
1745 1.007533 
1746 1.007461 
1747 1.007364 
1748 1.007244 
1749 1.007101 
1750 1.006936 
1751 1.006750 
1752 1.006542 
1753 1.006315 
1754 1.006068 
1755 1.005804 
1756 1.005522 
1757 1.005223 
1758 1.004910 
1759 1.004582 
1760 1.004242 
1761 1.003890 
1762 1.003528 
1763 1.003156 
1764 1.002776 
1765 1.002390 
1766 1.001998 
1767 1.001603 
1768 1.001204 
1769 1.000804 
1770 1.000404 
1771 1.000006 
1772 0.999609 
1773 0.999217 
1774 0.998829 
1775 0.998448 
1776 0.998074 
1777 0.997709 
1778 0.997354 
1779 0.997009 
1780 0.996676 
1781 0.996356 
1782 0.996051 
1783 0.995759 
1784 0.995484 
1785 0.995225 
1786 0.994983 
1787 0.994758 
1788 0.994553 
1789 0.994366 
1790 0.994198 
1791 0.994051 
1792 0.993924 
1793 0.993817 
1794 0.993731 
1795 0.993666 
1796 0.993622 
1797 0.993599 
1798 0.993596 
1799 0.993615 
1800 0.993654 
1801 0.993713 
1802 0.993793 
1803 0.993892 
1804 0.994010 
1805 0.994147 
1806 0.994302 
1807 0.994474 
1808 0.994664 
1809 0.994869 
1810 0.995090 
1811 0.995326 
1812 0.995575 
1813 0.995837 
1814 0.996111 
1815 0.996395 
1816 0.996690 
1817 0.996994 
1818 0.997306 
1819 0.997624 
1820 0.997949 
1821 0.998278 
1822 0.998610 
1823 0.998946 
1824 0.999283 
1825 0.999620 
1826 0.999956 
1827 1.000291 
1828 1.000623 
1829 1.000951 
1830 1.001274 
1831 1.001591 
1832 1.001901 
1833 1.002203 
1834 1.002497 
1835 1.002781 
1836 1.003054 
1837 1.003316 
1838 1.003566 
1839 1.003803 
1840 1.004026 
1841 1.004235 
1842 1.004429 
1843 1.004609 
1844 1.004772 
1845 1.004919 
1846 1.005049 
1847 1.005163 
1848 1.005259 
1849 1.005338 
1850 1.005399 
1851 1.005443 
1852 1.005469 
1853 1.005477 
1854 1.005468 
1855 1.005441 
1856 1.005397 
1857 1.005336 
1858 1.005259 
1859 1.005165 
1860 1.005055 
1861 1.004929 
1862 1.004789 
1863 1.004633 
1864 1.004464 
1865 1.004282 
1866 1.004087 
1867 1.003880 
1868 1.003662 
1869 1.003434 
1870 1.003196 
1871 1.002949 
1872 1.002694 
1873 1.002432 
1874 1.002164 
1875 1.001890 
1876 1.001613 
1877 1.001331 
1878 1.001047 
1879 1.000761 
1880 1.000475 
1881 1.000189 
1882 0.999903 
1883 0.999620 
1884 0.999340 
1885 0.999063 
1886 0.998791 
1887 0.998525 
1888 0.998264 
1889 0.998011 
1890 0.997766 
1891 0.997529 
1892 0.997301 
1893 0.997083 
1894 0.996876 
1895 0.996680 
1896 0.996495 
1897 0.996323 
1898 0.996164 
1899 0.996017 
1900 0.995884 
1901 0.995764 
1902 0.995659 
1903 0.995568 
1904 0.995492 
1905 0.995430 
1906 0.995383 
1907 0.995351 
1908 0.995334 
1909 0.995332 
1910 0.995344 
1911 0.995371 
1912 0.995413 
1913 0.995469 
1914 0.995539 
1915 0.995623 
1916 0.995720 
1917 0.995830 
1918 0.995953 
1919 0.996088 
1920 0.996234 
1921 0.996392 
1922 0.996561 
1923 0.996739 
1924 0.996927 
1925 0.997124 
1926 0.997329 
1927 0.997541 
1928 0.997760 
1929 0.997985 
1930 0.998215 
1931 0.998450 
1932 0.998689 
1933 0.998931 
1934 0.999174 
1935 0.999420 
1936 0.999666 
1937 0.999912 
1938 1.000156 
1939 1.000400 
1940 1.000641 
1941 1.000878 
1942 1.001112 
1943 1.001341 
1944 1.001565 
1945 1.001783 
1946 1.001995 
1947 1.002199 
1948 1.002395 
1949 1.002582 
1950 1.002761 
1951 1.002931 
1952 1.003090 
1953 1.003239 
1954 1.003377 
1955 1.003504 
1956 1.003619 
1957 1.003722 
1958 1.003814 
1959 1.003893 
1960 1.003959 
1961 1.004013 
1962 1.004055 
1963 1.004083 
1964 1.004099 
1965 1.004101 
1966 1.004091 
1967 1.004069 
1968 1.004034 
1969 1.003986 
1970 1.003926 
1971 1.003855 
1972 1.003772 
1973 1.003677 
1974 1.003572 
1975 1.003456 
1976 1.003330 
1977 1.003194 
1978 1.003049 
1979 1.002895 
1980 1.002733 
1981 1.002564 
1982 1.002387 
1983 1.002204 
1984 1.002015 
1985 1.001821 
1986 1.001622 
1987 1.001419 
1988 1.001212 
1989 1.001003 
1990 1.000792 
1991 1.000579 
1992 1.000366 
1993 1.000152 
1994 0.999939 
1995 0.999726 
1996 0.999516 
1997 0.999308 
1998 0.999103 
1999 0.998901 
