0 0.000000 
1 0.000000 
2 0.000000 
3 0.000000 
4 0.000000 
5 0.000000 
6 0.000000 
7 0.000000 
8 0.000000 
9 0.000000 
10 0.000000 
11 0.000000 
12 0.000000 
13 0.000000 
14 0.000000 
15 0.000000 
16 0.000000 
17 0.000000 
18 0.000000 
19 0.000000 
20 0.000000 
21 0.000000 
22 0.000000 
23 0.000000 
24 0.000000 
25 0.000000 
26 0.000000 
27 0.000000 
28 0.000000 
29 0.000000 
30 0.000000 
31 0.000000 
32 0.000000 
33 0.000000 
34 0.000000 
35 0.000000 
36 0.000000 
37 0.000000 
38 0.000000 
39 0.000000 
40 0.000000 
41 0.000000 
42 0.000000 
43 0.000000 
44 0.000000 
45 0.000000 
46 0.000000 
47 0.000000 
48 0.000000 
49 0.000000 
50 0.000000 
51 0.000000 
52 0.000000 
53 0.000000 
54 0.000000 
55 0.000000 
56 0.000000 
57 0.000000 
58 0.000000 
59 0.000000 
60 0.000000 
61 0.000000 
62 0.000000 
63 0.000000 
64 0.000000 
65 0.000000 
66 0.000000 
67 0.000000 
68 0.000000 
69 0.000000 
70 0.000000 
71 0.000000 
72 0.000000 
73 0.000000 
74 0.000000 
75 0.000000 
76 0.000000 
77 0.000000 
78 0.000000 
79 0.000000 
80 0.000000 
81 0.000000 
82 0.000000 
83 0.000000 
84 0.000000 
85 0.000000 
86 0.000000 
87 0.000000 
88 0.000000 
89 0.000000 
90 0.000000 
91 1.091972 
92 1.090966 
93 1.089962 
94 1.088957 
95 1.087954 
96 1.086952 
97 1.085951 
98 1.084951 
99 1.083951 
100 1.082953 
101 1.081955 
102 1.080958 
103 1.079963 
104 1.078968 
105 1.077974 
106 1.076981 
107 1.075989 
108 1.074998 
109 1.074007 
110 1.073018 
111 1.072030 
112 1.071042 
113 1.070055 
114 1.069070 
115 1.068085 
116 1.067101 
117 1.066118 
118 1.065136 
119 1.064155 
120 1.063175 
121 1.062195 
122 1.061217 
123 1.060239 
124 1.059263 
125 1.058287 
126 1.057312 
127 1.056338 
128 1.055365 
129 1.054393 
130 1.053421 
131 1.052451 
132 1.051482 
133 1.050513 
134 1.049545 
135 1.048578 
136 1.047613 
137 1.046647 
138 1.045683 
139 1.044720 
140 1.043758 
141 1.042796 
142 1.041836 
143 1.040876 
144 1.039917 
145 1.038959 
146 1.038002 
147 1.037046 
148 1.036091 
149 1.035136 
150 1.034183 
151 1.033230 
152 1.032278 
153 1.031327 
154 1.030377 
155 1.029428 
156 1.028480 
157 1.027532 
158 1.026586 
159 1.025640 
160 1.024695 
161 1.023752 
162 1.022809 
163 1.021866 
164 1.020925 
165 1.019985 
166 1.019045 
167 1.018106 
168 1.017168 
169 1.016231 
170 1.015295 
171 1.014360 
172 1.013426 
173 1.012492 
174 1.011559 
175 1.010628 
176 1.009697 
177 1.008767 
178 1.007837 
179 1.006909 
180 1.005981 
181 1.005055 
182 1.005135 
183 1.005214 
184 1.005292 
185 1.005369 
186 1.005445 
187 1.005520 
188 1.005594 
189 1.005667 
190 1.005739 
191 1.005811 
192 1.005881 
193 1.005950 
194 1.006018 
195 1.006085 
196 1.006151 
197 1.006217 
198 1.006281 
199 1.006344 
200 1.006407 
201 1.006468 
202 1.006528 
203 1.006588 
204 1.006646 
205 1.006704 
206 1.006760 
207 1.006816 
208 1.006871 
209 1.006924 
210 1.006977 
211 1.007029 
212 1.007080 
213 1.007129 
214 1.007178 
215 1.007226 
216 1.007273 
217 1.007319 
218 1.007365 
219 1.007409 
220 1.007452 
221 1.007494 
222 1.007536 
223 1.007576 
224 1.007616 
225 1.007654 
226 1.007692 
227 1.007729 
228 1.007765 
229 1.007800 
230 1.007834 
231 1.007867 
232 1.007899 
233 1.007930 
234 1.007961 
235 1.007990 
236 1.008019 
237 1.008046 
238 1.008073 
239 1.008099 
240 1.008124 
241 1.008148 
242 1.008171 
243 1.008193 
244 1.008214 
245 1.008235 
246 1.008254 
247 1.008273 
248 1.008291 
249 1.008307 
250 1.008323 
251 1.008338 
252 1.008353 
253 1.008366 
254 1.008378 
255 1.008390 
256 1.008401 
257 1.008410 
258 1.008419 
259 1.008427 
260 1.008435 
261 1.008441 
262 1.008446 
263 1.008451 
264 1.008455 
265 1.008458 
266 1.008460 
267 1.008461 
268 1.008461 
269 1.008460 
270 1.008459 
271 1.008457 
272 1.008454 
273 1.008451 
274 1.008448 
275 1.008445 
276 1.008442 
277 1.008439 
278 1.008436 
279 1.008434 
280 1.008431 
281 1.008429 
282 1.008426 
283 1.008424 
284 1.008422 
285 1.008419 
286 1.008417 
287 1.008415 
288 1.008413 
289 1.008411 
290 1.008409 
291 1.008407 
292 1.008406 
293 1.008404 
294 1.008402 
295 1.008401 
296 1.008399 
297 1.008398 
298 1.008396 
299 1.008395 
300 1.008393 
301 1.008392 
302 1.008391 
303 1.008390 
304 1.008388 
305 1.008387 
306 1.008386 
307 1.008385 
308 1.008384 
309 1.008383 
310 1.008382 
311 1.008382 
312 1.008381 
313 1.008380 
314 1.008379 
315 1.008379 
316 1.008378 
317 1.008377 
318 1.008377 
319 1.008376 
320 1.008376 
321 1.008375 
322 1.008375 
323 1.008374 
324 1.008374 
325 1.008373 
326 1.008373 
327 1.008373 
328 1.008372 
329 1.008372 
330 1.008372 
331 1.008372 
332 1.008371 
333 1.008371 
334 1.008371 
335 1.008371 
336 1.008371 
337 1.008371 
338 1.008371 
339 1.008371 
340 1.008370 
341 1.008370 
342 1.008370 
343 1.008370 
344 1.008370 
345 1.008370 
346 1.008370 
347 1.008370 
348 1.008370 
349 1.008371 
350 1.008371 
351 1.008371 
352 1.008371 
353 1.008371 
354 1.008371 
355 1.008371 
356 1.008371 
357 1.008371 
358 1.008371 
359 1.008371 
360 1.008371 
361 1.008371 
362 1.008371 
363 1.008372 
364 1.008372 
365 1.008372 
366 1.008372 
367 1.008372 
368 1.008372 
369 1.008372 
370 1.008372 
371 1.008372 
372 1.008372 
373 1.008372 
374 1.008372 
375 1.008372 
376 1.008372 
377 1.008372 
378 1.008372 
379 1.008372 
380 1.008372 
381 1.008372 
382 1.008373 
383 1.008373 
384 1.008373 
385 1.008373 
386 1.008373 
387 1.008373 
388 1.008373 
389 1.008373 
390 1.008373 
391 1.008373 
392 1.008373 
393 1.008373 
394 1.008373 
395 1.008373 
396 1.008373 
397 1.008373 
398 1.008373 
399 1.008373 
400 1.008373 
401 1.008373 
402 1.008373 
403 1.008373 
404 1.008373 
405 1.008373 
406 1.008373 
407 1.008373 
408 1.008373 
409 1.008373 
410 1.008373 
411 1.008373 
412 1.008373 
413 1.008373 
414 1.008373 
415 1.008373 
416 1.008373 
417 1.008373 
418 1.008373 
419 1.008373 
420 1.008373 
421 1.008373 
422 1.008373 
423 1.008373 
424 1.008373 
425 1.008373 
426 1.008373 
427 1.008373 
428 1.008373 
429 1.008373 
430 1.008373 
431 1.008373 
432 1.008373 
433 1.008373 
434 1.008373 
435 1.008373 
436 1.008373 
437 1.008373 
438 1.008373 
439 1.008373 
440 1.008373 
441 1.008373 
442 1.008373 
443 1.008373 
444 1.008373 
445 1.008373 
446 1.008373 
447 1.008373 
448 1.008373 
449 1.008373 
450 1.008373 
451 1.008373 
452 1.008373 
453 1.008373 
454 1.008373 
455 1.008373 
456 1.008373 
457 1.008373 
458 1.008373 
459 1.008373 
460 1.008373 
461 1.008373 
462 1.008373 
463 1.008373 
464 1.008373 
465 1.008373 
466 1.008373 
467 1.008373 
468 1.008373 
469 1.008373 
470 1.008373 
471 1.008373 
472 1.008373 
473 1.008373 
474 1.008373 
475 1.008373 
476 1.008373 
477 1.008373 
478 1.008373 
479 1.008373 
480 1.008373 
481 1.008373 
482 1.008373 
483 1.008373 
484 1.008373 
485 1.008373 
486 1.008373 
487 1.008373 
488 1.008373 
489 1.008373 
490 1.008373 
491 1.008373 
492 1.008373 
493 1.008373 
494 1.008373 
495 1.008373 
496 1.008373 
497 1.008373 
498 1.008373 
499 1.008373 
500 1.008373 
501 1.008373 
502 1.008373 
503 1.008373 
504 1.008373 
505 1.008373 
506 1.008373 
507 1.008373 
508 1.008373 
509 1.008373 
510 1.008373 
511 1.008373 
512 1.008373 
513 1.008373 
514 1.008373 
515 1.008373 
516 1.008373 
517 1.008373 
518 1.008373 
519 1.008373 
520 1.008373 
521 1.008373 
522 1.008373 
523 1.008373 
524 1.008373 
525 1.008373 
526 1.008373 
527 1.008373 
528 1.008373 
529 1.008373 
530 1.008373 
531 1.008373 
532 1.008373 
533 1.008373 
534 1.008373 
535 1.008373 
536 1.008373 
537 1.008373 
538 1.008373 
539 1.008373 
540 1.008373 
541 1.008373 
542 1.008373 
543 1.008373 
544 1.008373 
545 1.008373 
546 1.008373 
547 1.008373 
548 1.008373 
549 1.008373 
550 1.008373 
551 1.008373 
552 1.008373 
553 1.008373 
554 1.008373 
555 1.008373 
556 1.008373 
557 1.008373 
558 1.008373 
559 1.008373 
560 1.008373 
561 1.008373 
562 1.008373 
563 1.008373 
564 1.008373 
565 1.008373 
566 1.008373 
567 1.008373 
568 1.008373 
569 1.008373 
570 1.008373 
571 1.008373 
572 1.008373 
573 1.008373 
574 1.008373 
575 1.008373 
576 1.008373 
577 1.008373 
578 1.008373 
579 1.008373 
580 1.008373 
581 1.008373 
582 1.008373 
583 1.008373 
584 1.008373 
585 1.008373 
586 1.008373 
587 1.008373 
588 1.008373 
589 1.008373 
590 1.008373 
591 1.008373 
592 1.008373 
593 1.008373 
594 1.008373 
595 1.008373 
596 1.008373 
597 1.008373 
598 1.008373 
599 1.008373 
600 1.008373 
601 1.008373 
602 1.008373 
603 1.008373 
604 1.008373 
605 1.008373 
606 1.008373 
607 1.008373 
608 1.008373 
609 1.008373 
610 1.008373 
611 1.008373 
612 1.008373 
613 1.008373 
614 1.008373 
615 1.008373 
616 1.008373 
617 1.008373 
618 1.008373 
619 1.008373 
620 1.008373 
621 1.008373 
622 1.008373 
623 1.008373 
624 1.008373 
625 1.008373 
626 1.008373 
627 1.008373 
628 1.008373 
629 1.008373 
630 1.008373 
631 1.008373 
632 1.008373 
633 1.008373 
634 1.008373 
635 1.008373 
636 1.008373 
637 1.008373 
638 1.008373 
639 1.008373 
640 1.008373 
641 1.008373 
642 1.008373 
643 1.008373 
644 1.008373 
645 1.008373 
646 1.008373 
647 1.008373 
648 1.008373 
649 1.008373 
650 1.008373 
651 1.008373 
652 1.008373 
653 1.008373 
654 1.008373 
655 1.008373 
656 1.008373 
657 1.008373 
658 1.008373 
659 1.008373 
660 1.008373 
661 1.008373 
662 1.008373 
663 1.008373 
664 1.008373 
665 1.008373 
666 1.008373 
667 1.008373 
668 1.008373 
669 1.008373 
670 1.008373 
671 1.008373 
672 1.008373 
673 1.008373 
674 1.008373 
675 1.008373 
676 1.008373 
677 1.008373 
678 1.008373 
679 1.008373 
680 1.008373 
681 1.008373 
682 1.008373 
683 1.008373 
684 1.008373 
685 1.008373 
686 1.008373 
687 1.008373 
688 1.008373 
689 1.008373 
690 1.008373 
691 1.008373 
692 1.008373 
693 1.008373 
694 1.008373 
695 1.008373 
696 1.008373 
697 1.008373 
698 1.008373 
699 1.008373 
700 1.008373 
701 1.008373 
702 1.008373 
703 1.008373 
704 1.008373 
705 1.008373 
706 1.008373 
707 1.008373 
708 1.008373 
709 1.008373 
710 1.008373 
711 1.008373 
712 1.008373 
713 1.008373 
714 1.008373 
715 1.008373 
716 1.008373 
717 1.008373 
718 1.008373 
719 1.008373 
720 1.008373 
721 1.008373 
722 1.008373 
723 1.008373 
724 1.008373 
725 1.008373 
726 1.008373 
727 1.008373 
728 1.008373 
729 1.008373 
730 1.008373 
731 1.008373 
732 1.008373 
733 1.008373 
734 1.008373 
735 1.008373 
736 1.008373 
737 1.008373 
738 1.008373 
739 1.008373 
740 1.008373 
741 1.008373 
742 1.008373 
743 1.008373 
744 1.008373 
745 1.008373 
746 1.008373 
747 1.008373 
748 1.008373 
749 1.008373 
750 1.008373 
751 1.008373 
752 1.008373 
753 1.008373 
754 1.008373 
755 1.008373 
756 1.008373 
757 1.008373 
758 1.008373 
759 1.008373 
760 1.008373 
761 1.008373 
762 1.008373 
763 1.008373 
764 1.008373 
765 1.008373 
766 1.008373 
767 1.008373 
768 1.008373 
769 1.008373 
770 1.008373 
771 1.008373 
772 1.008373 
773 1.008373 
774 1.008373 
775 1.008373 
776 1.008373 
777 1.008373 
778 1.008373 
779 1.008373 
780 1.008373 
781 1.008373 
782 1.008373 
783 1.008373 
784 1.008373 
785 1.008373 
786 1.008373 
787 1.008373 
788 1.008373 
789 1.008373 
790 1.008373 
791 1.008373 
792 1.008373 
793 1.008373 
794 1.008373 
795 1.008373 
796 1.008373 
797 1.008373 
798 1.008373 
799 1.008373 
800 1.008373 
801 1.008373 
802 1.008373 
803 1.008373 
804 1.008373 
805 1.008373 
806 1.008373 
807 1.008373 
808 1.008373 
809 1.008373 
810 1.008373 
811 1.008373 
812 1.008373 
813 1.008373 
814 1.008373 
815 1.008373 
816 1.008373 
817 1.008373 
818 1.008373 
819 1.008373 
820 1.008373 
821 1.008373 
822 1.008373 
823 1.008373 
824 1.008373 
825 1.008373 
826 1.008373 
827 1.008373 
828 1.008373 
829 1.008373 
830 1.008373 
831 1.008373 
832 1.008373 
833 1.008373 
834 1.008373 
835 1.008373 
836 1.008373 
837 1.008373 
838 1.008373 
839 1.008373 
840 1.008373 
841 1.008373 
842 1.008373 
843 1.008373 
844 1.008373 
845 1.008373 
846 1.008373 
847 1.008373 
848 1.008373 
849 1.008373 
850 1.008373 
851 1.008373 
852 1.008373 
853 1.008373 
854 1.008373 
855 1.008373 
856 1.008373 
857 1.008373 
858 1.008373 
859 1.008373 
860 1.008373 
861 1.008373 
862 1.008373 
863 1.008373 
864 1.008373 
865 1.008373 
866 1.008373 
867 1.008373 
868 1.008373 
869 1.008373 
870 1.008373 
871 1.008373 
872 1.008373 
873 1.008373 
874 1.008373 
875 1.008373 
876 1.008373 
877 1.008373 
878 1.008373 
879 1.008373 
880 1.008373 
881 1.008373 
882 1.008373 
883 1.008373 
884 1.008373 
885 1.008373 
886 1.008373 
887 1.008373 
888 1.008373 
889 1.008373 
890 1.008373 
891 1.008373 
892 1.008373 
893 1.008373 
894 1.008373 
895 1.008373 
896 1.008373 
897 1.008373 
898 1.008373 
899 1.008373 
900 1.008373 
901 1.008373 
902 1.008373 
903 1.008373 
904 1.008373 
905 1.008373 
906 1.008373 
907 1.008373 
908 1.008373 
909 1.008373 
910 1.008373 
911 1.008373 
912 1.008373 
913 1.008373 
914 1.008373 
915 1.008373 
916 1.008373 
917 1.008373 
918 1.008373 
919 1.008373 
920 1.008373 
921 1.008373 
922 1.008373 
923 1.008373 
924 1.008373 
925 1.008373 
926 1.008373 
927 1.008373 
928 1.008373 
929 1.008373 
930 1.008373 
931 1.008373 
932 1.008373 
933 1.008373 
934 1.008373 
935 1.008373 
936 1.008373 
937 1.008373 
938 1.008373 
939 1.008373 
940 1.008373 
941 1.008373 
942 1.008373 
943 1.008373 
944 1.008373 
945 1.008373 
946 1.008373 
947 1.008373 
948 1.008373 
949 1.008373 
950 1.008373 
951 1.008373 
952 1.008373 
953 1.008373 
954 1.008373 
955 1.008373 
956 1.008373 
957 1.008373 
958 1.008373 
959 1.008373 
960 1.008373 
961 1.008373 
962 1.008373 
963 1.008373 
964 1.008373 
965 1.008373 
966 1.008373 
967 1.008373 
968 1.008373 
969 1.008373 
970 1.008373 
971 1.008373 
972 1.008373 
973 1.008373 
974 1.008373 
975 1.008373 
976 1.008373 
977 1.008373 
978 1.008373 
979 1.008373 
980 1.008373 
981 1.008373 
982 1.008373 
983 1.008373 
984 1.008373 
985 1.008373 
986 1.008373 
987 1.008373 
988 1.008373 
989 1.008373 
990 1.008373 
991 1.008373 
992 1.008373 
993 1.008373 
994 1.008373 
995 1.008373 
996 1.008373 
997 1.008373 
998 1.008373 
999 1.008373 
1000 1.008373 
1001 1.008373 
1002 1.008373 
1003 1.008373 
1004 1.008373 
1005 1.008373 
1006 1.008373 
1007 1.008373 
1008 1.008373 
1009 1.008373 
1010 1.008373 
1011 1.008373 
1012 1.008373 
1013 1.008373 
1014 1.008373 
1015 1.008373 
1016 1.008373 
1017 1.008373 
1018 1.008373 
1019 1.008373 
1020 1.008373 
1021 1.008373 
1022 1.008373 
1023 1.008373 
1024 1.008373 
1025 1.008373 
1026 1.008373 
1027 1.008373 
1028 1.008373 
1029 1.008373 
1030 1.008373 
1031 1.008373 
1032 1.008373 
1033 1.008373 
1034 1.008373 
1035 1.008373 
1036 1.008373 
1037 1.008373 
1038 1.008373 
1039 1.008373 
1040 1.008373 
1041 1.008373 
1042 1.008373 
1043 1.008373 
1044 1.008373 
1045 1.008373 
1046 1.008373 
1047 1.008373 
1048 1.008373 
1049 1.008373 
1050 1.008373 
1051 1.008373 
1052 1.008373 
1053 1.008373 
1054 1.008373 
1055 1.008373 
1056 1.008373 
1057 1.008373 
1058 1.008373 
1059 1.008373 
1060 1.008373 
1061 1.008373 
1062 1.008373 
1063 1.008373 
1064 1.008373 
1065 1.008373 
1066 1.008373 
1067 1.008373 
1068 1.008373 
1069 1.008373 
1070 1.008373 
1071 1.008373 
1072 1.008373 
1073 1.008373 
1074 1.008373 
1075 1.008373 
1076 1.008373 
1077 1.008373 
1078 1.008373 
1079 1.008373 
1080 1.008373 
1081 1.008373 
1082 1.008373 
1083 1.008373 
1084 1.008373 
1085 1.008373 
1086 1.008373 
1087 1.008373 
1088 1.008373 
1089 1.008373 
1090 1.008373 
1091 1.008373 
1092 1.008373 
1093 1.008373 
1094 1.008373 
1095 1.008373 
1096 1.008373 
1097 1.008373 
1098 1.008373 
1099 1.008373 
1100 1.008373 
1101 1.008373 
1102 1.008373 
1103 1.008373 
1104 1.008373 
1105 1.008373 
1106 1.008373 
1107 1.008373 
1108 1.008373 
1109 1.008373 
1110 1.008373 
1111 1.008373 
1112 1.008373 
1113 1.008373 
1114 1.008373 
1115 1.008373 
1116 1.008373 
1117 1.008373 
1118 1.008373 
1119 1.008373 
1120 1.008373 
1121 1.008373 
1122 1.008373 
1123 1.008373 
1124 1.008373 
1125 1.008373 
1126 1.008373 
1127 1.008373 
1128 1.008373 
1129 1.008373 
1130 1.008373 
1131 1.008373 
1132 1.008373 
1133 1.008373 
1134 1.008373 
1135 1.008373 
1136 1.008373 
1137 1.008373 
1138 1.008373 
1139 1.008373 
1140 1.008373 
1141 1.008373 
1142 1.008373 
1143 1.008373 
1144 1.008373 
1145 1.008373 
1146 1.008373 
1147 1.008373 
1148 1.008373 
1149 1.008373 
1150 1.008373 
1151 1.008373 
1152 1.008373 
1153 1.008373 
1154 1.008373 
1155 1.008373 
1156 1.008373 
1157 1.008373 
1158 1.008373 
1159 1.008373 
1160 1.008373 
1161 1.008373 
1162 1.008373 
1163 1.008373 
1164 1.008373 
1165 1.008373 
1166 1.008373 
1167 1.008373 
1168 1.008373 
1169 1.008373 
1170 1.008373 
1171 1.008373 
1172 1.008373 
1173 1.008373 
1174 1.008373 
1175 1.008373 
1176 1.008373 
1177 1.008373 
1178 1.008373 
1179 1.008373 
1180 1.008373 
1181 1.008373 
1182 1.008373 
1183 1.008373 
1184 1.008373 
1185 1.008373 
1186 1.008373 
1187 1.008373 
1188 1.008373 
1189 1.008373 
1190 1.008373 
1191 1.008373 
1192 1.008373 
1193 1.008373 
1194 1.008373 
1195 1.008373 
1196 1.008373 
1197 1.008373 
1198 1.008373 
1199 1.008373 
1200 1.008373 
1201 1.008373 
1202 1.008373 
1203 1.008373 
1204 1.008373 
1205 1.008373 
1206 1.008373 
1207 1.008373 
1208 1.008373 
1209 1.008373 
1210 1.008373 
1211 1.008373 
1212 1.008373 
1213 1.008373 
1214 1.008373 
1215 1.008373 
1216 1.008373 
1217 1.008373 
1218 1.008373 
1219 1.008373 
1220 1.008373 
1221 1.008373 
1222 1.008373 
1223 1.008373 
1224 1.008373 
1225 1.008373 
1226 1.008373 
1227 1.008373 
1228 1.008373 
1229 1.008373 
1230 1.008373 
1231 1.008373 
1232 1.008373 
1233 1.008373 
1234 1.008373 
1235 1.008373 
1236 1.008373 
1237 1.008373 
1238 1.008373 
1239 1.008373 
1240 1.008373 
1241 1.008373 
1242 1.008373 
1243 1.008373 
1244 1.008373 
1245 1.008373 
1246 1.008373 
1247 1.008373 
1248 1.008373 
1249 1.008373 
1250 1.008373 
1251 1.008373 
1252 1.008373 
1253 1.008373 
1254 1.008373 
1255 1.008373 
1256 1.008373 
1257 1.008373 
1258 1.008373 
1259 1.008373 
1260 1.008373 
1261 1.008373 
1262 1.008373 
1263 1.008373 
1264 1.008373 
1265 1.008373 
1266 1.008373 
1267 1.008373 
1268 1.008373 
1269 1.008373 
1270 1.008373 
1271 1.008373 
1272 1.008373 
1273 1.008373 
1274 1.008373 
1275 1.008373 
1276 1.008373 
1277 1.008373 
1278 1.008373 
1279 1.008373 
1280 1.008373 
1281 1.008373 
1282 1.008373 
1283 1.008373 
1284 1.008373 
1285 1.008373 
1286 1.008373 
1287 1.008373 
1288 1.008373 
1289 1.008373 
1290 1.008373 
1291 1.008373 
1292 1.008373 
1293 1.008373 
1294 1.008373 
1295 1.008373 
1296 1.008373 
1297 1.008373 
1298 1.008373 
1299 1.008373 
1300 1.008373 
1301 1.008373 
1302 1.008373 
1303 1.008373 
1304 1.008373 
1305 1.008373 
1306 1.008373 
1307 1.008373 
1308 1.008373 
1309 1.008373 
1310 1.008373 
1311 1.008373 
1312 1.008373 
1313 1.008373 
1314 1.008373 
1315 1.008373 
1316 1.008373 
1317 1.008373 
1318 1.008373 
1319 1.008373 
1320 1.008373 
1321 1.008373 
1322 1.008373 
1323 1.008373 
1324 1.008373 
1325 1.008373 
1326 1.008373 
1327 1.008373 
1328 1.008373 
1329 1.008373 
1330 1.008373 
1331 1.008373 
1332 1.008373 
1333 1.008373 
1334 1.008373 
1335 1.008373 
1336 1.008373 
1337 1.008373 
1338 1.008373 
1339 1.008373 
1340 1.008373 
1341 1.008373 
1342 1.008373 
1343 1.008373 
1344 1.008373 
1345 1.008373 
1346 1.008373 
1347 1.008373 
1348 1.008373 
1349 1.008373 
1350 1.008373 
1351 1.008373 
1352 1.008373 
1353 1.008373 
1354 1.008373 
1355 1.008373 
1356 1.008373 
1357 1.008373 
1358 1.008373 
1359 1.008373 
1360 1.008373 
1361 1.008373 
1362 1.008373 
1363 1.008373 
1364 1.008373 
1365 1.008373 
1366 1.008373 
1367 1.008373 
1368 1.008373 
1369 1.008373 
1370 1.008373 
1371 1.008373 
1372 1.008373 
1373 1.008373 
1374 1.008373 
1375 1.008373 
1376 1.008373 
1377 1.008373 
1378 1.008373 
1379 1.008373 
1380 1.008373 
1381 1.008373 
1382 1.008373 
1383 1.008373 
1384 1.008373 
1385 1.008373 
1386 1.008373 
1387 1.008373 
1388 1.008373 
1389 1.008373 
1390 1.008373 
1391 1.008373 
1392 1.008373 
1393 1.008373 
1394 1.008373 
1395 1.008373 
1396 1.008373 
1397 1.008373 
1398 1.008373 
1399 1.008373 
1400 1.008373 
1401 1.008373 
1402 1.008373 
1403 1.008373 
1404 1.008373 
1405 1.008373 
1406 1.008373 
1407 1.008373 
1408 1.008373 
1409 1.008373 
1410 1.008373 
1411 1.008373 
1412 1.008373 
1413 1.008373 
1414 1.008373 
1415 1.008373 
1416 1.008373 
1417 1.008373 
1418 1.008373 
1419 1.008373 
1420 1.008373 
1421 1.008373 
1422 1.008373 
1423 1.008373 
1424 1.008373 
1425 1.008373 
1426 1.008373 
1427 1.008373 
1428 1.008373 
1429 1.008373 
1430 1.008373 
1431 1.008373 
1432 1.008373 
1433 1.008373 
1434 1.008373 
1435 1.008373 
1436 1.008373 
1437 1.008373 
1438 1.008373 
1439 1.008373 
1440 1.008373 
1441 1.008373 
1442 1.008373 
1443 1.008373 
1444 1.008373 
1445 1.008373 
1446 1.008373 
1447 1.008373 
1448 1.008373 
1449 1.008373 
1450 1.008373 
1451 1.008373 
1452 1.008373 
1453 1.008373 
1454 1.008373 
1455 1.008373 
1456 1.008373 
1457 1.008373 
1458 1.008373 
1459 1.008373 
1460 1.008373 
1461 1.008373 
1462 1.008373 
1463 1.008373 
1464 1.008373 
1465 1.008373 
1466 1.008373 
1467 1.008373 
1468 1.008373 
1469 1.008373 
1470 1.008373 
1471 1.008373 
1472 1.008373 
1473 1.008373 
1474 1.008373 
1475 1.008373 
1476 1.008373 
1477 1.008373 
1478 1.008373 
1479 1.008373 
1480 1.008373 
1481 1.008373 
1482 1.008373 
1483 1.008373 
1484 1.008373 
1485 1.008373 
1486 1.008373 
1487 1.008373 
1488 1.008373 
1489 1.008373 
1490 1.008373 
1491 1.008373 
1492 1.008373 
1493 1.008373 
1494 1.008373 
1495 1.008373 
1496 1.008373 
1497 1.008373 
1498 1.008373 
1499 1.008373 
1500 1.008373 
1501 1.008373 
1502 1.008373 
1503 1.008373 
1504 1.008373 
1505 1.008373 
1506 1.008373 
1507 1.008373 
1508 1.008373 
1509 1.008373 
1510 1.008373 
1511 1.008373 
1512 1.008373 
1513 1.008373 
1514 1.008373 
1515 1.008373 
1516 1.008373 
1517 1.008373 
1518 1.008373 
1519 1.008373 
1520 1.008373 
1521 1.008373 
1522 1.008373 
1523 1.008373 
1524 1.008373 
1525 1.008373 
1526 1.008373 
1527 1.008373 
1528 1.008373 
1529 1.008373 
1530 1.008373 
1531 1.008373 
1532 1.008373 
1533 1.008373 
1534 1.008373 
1535 1.008373 
1536 1.008373 
1537 1.008373 
1538 1.008373 
1539 1.008373 
1540 1.008373 
1541 1.008373 
1542 1.008373 
1543 1.008373 
1544 1.008373 
1545 1.008373 
1546 1.008373 
1547 1.008373 
1548 1.008373 
1549 1.008373 
1550 1.008373 
1551 1.008373 
1552 1.008373 
1553 1.008373 
1554 1.008373 
1555 1.008373 
1556 1.008373 
1557 1.008373 
1558 1.008373 
1559 1.008373 
1560 1.008373 
1561 1.008373 
1562 1.008373 
1563 1.008373 
1564 1.008373 
1565 1.008373 
1566 1.008373 
1567 1.008373 
1568 1.008373 
1569 1.008373 
1570 1.008373 
1571 1.008373 
1572 1.008373 
1573 1.008373 
1574 1.008373 
1575 1.008373 
1576 1.008373 
1577 1.008373 
1578 1.008373 
1579 1.008373 
1580 1.008373 
1581 1.008373 
1582 1.008373 
1583 1.008373 
1584 1.008373 
1585 1.008373 
1586 1.008373 
1587 1.008373 
1588 1.008373 
1589 1.008373 
1590 1.008373 
1591 1.008373 
1592 1.008373 
1593 1.008373 
1594 1.008373 
1595 1.008373 
1596 1.008373 
1597 1.008373 
1598 1.008373 
1599 1.008373 
1600 1.008373 
1601 1.008373 
1602 1.008373 
1603 1.008373 
1604 1.008373 
1605 1.008373 
1606 1.008373 
1607 1.008373 
1608 1.008373 
1609 1.008373 
1610 1.008373 
1611 1.008373 
1612 1.008373 
1613 1.008373 
1614 1.008373 
1615 1.008373 
1616 1.008373 
1617 1.008373 
1618 1.008373 
1619 1.008373 
1620 1.008373 
1621 1.008373 
1622 1.008373 
1623 1.008373 
1624 1.008373 
1625 1.008373 
1626 1.008373 
1627 1.008373 
1628 1.008373 
1629 1.008373 
1630 1.008373 
1631 1.008373 
1632 1.008373 
1633 1.008373 
1634 1.008373 
1635 1.008373 
1636 1.008373 
1637 1.008373 
1638 1.008373 
1639 1.008373 
1640 1.008373 
1641 1.008373 
1642 1.008373 
1643 1.008373 
1644 1.008373 
1645 1.008373 
1646 1.008373 
1647 1.008373 
1648 1.008373 
1649 1.008373 
1650 1.008373 
1651 1.008373 
1652 1.008373 
1653 1.008373 
1654 1.008373 
1655 1.008373 
1656 1.008373 
1657 1.008373 
1658 1.008373 
1659 1.008373 
1660 1.008373 
1661 1.008373 
1662 1.008373 
1663 1.008373 
1664 1.008373 
1665 1.008373 
1666 1.008373 
1667 1.008373 
1668 1.008373 
1669 1.008373 
1670 1.008373 
1671 1.008373 
1672 1.008373 
1673 1.008373 
1674 1.008373 
1675 1.008373 
1676 1.008373 
1677 1.008373 
1678 1.008373 
1679 1.008373 
1680 1.008373 
1681 1.008373 
1682 1.008373 
1683 1.008373 
1684 1.008373 
1685 1.008373 
1686 1.008373 
1687 1.008373 
1688 1.008373 
1689 1.008373 
1690 1.008373 
1691 1.008373 
1692 1.008373 
1693 1.008373 
1694 1.008373 
1695 1.008373 
1696 1.008373 
1697 1.008373 
1698 1.008373 
1699 1.008373 
1700 1.008373 
1701 1.008373 
1702 1.008373 
1703 1.008373 
1704 1.008373 
1705 1.008373 
1706 1.008373 
1707 1.008373 
1708 1.008373 
1709 1.008373 
1710 1.008373 
1711 1.008373 
1712 1.008373 
1713 1.008373 
1714 1.008373 
1715 1.008373 
1716 1.008373 
1717 1.008373 
1718 1.008373 
1719 1.008373 
1720 1.008373 
1721 1.008373 
1722 1.008373 
1723 1.008373 
1724 1.008373 
1725 1.008373 
1726 1.008373 
1727 1.008373 
1728 1.008373 
1729 1.008373 
1730 1.008373 
1731 1.008373 
1732 1.008373 
1733 1.008373 
1734 1.008373 
1735 1.008373 
1736 1.008373 
1737 1.008373 
1738 1.008373 
1739 1.008373 
1740 1.008373 
1741 1.008373 
1742 1.008373 
1743 1.008373 
1744 1.008373 
1745 1.008373 
1746 1.008373 
1747 1.008373 
1748 1.008373 
1749 1.008373 
1750 1.008373 
1751 1.008373 
1752 1.008373 
1753 1.008373 
1754 1.008373 
1755 1.008373 
1756 1.008373 
1757 1.008373 
1758 1.008373 
1759 1.008373 
1760 1.008373 
1761 1.008373 
1762 1.008373 
1763 1.008373 
1764 1.008373 
1765 1.008373 
1766 1.008373 
1767 1.008373 
1768 1.008373 
1769 1.008373 
1770 1.008373 
1771 1.008373 
1772 1.008373 
1773 1.008373 
1774 1.008373 
1775 1.008373 
1776 1.008373 
1777 1.008373 
1778 1.008373 
1779 1.008373 
1780 1.008373 
1781 1.008373 
1782 1.008373 
1783 1.008373 
1784 1.008373 
1785 1.008373 
1786 1.008373 
1787 1.008373 
1788 1.008373 
1789 1.008373 
1790 1.008373 
1791 1.008373 
1792 1.008373 
1793 1.008373 
1794 1.008373 
1795 1.008373 
1796 1.008373 
1797 1.008373 
1798 1.008373 
1799 1.008373 
1800 1.008373 
1801 1.008373 
1802 1.008373 
1803 1.008373 
1804 1.008373 
1805 1.008373 
1806 1.008373 
1807 1.008373 
1808 1.008373 
1809 1.008373 
1810 1.008373 
1811 1.008373 
1812 1.008373 
1813 1.008373 
1814 1.008373 
1815 1.008373 
1816 1.008373 
1817 1.008373 
1818 1.008373 
1819 1.008373 
1820 1.008373 
1821 1.008373 
1822 1.008373 
1823 1.008373 
1824 1.008373 
1825 1.008373 
1826 1.008373 
1827 1.008373 
1828 1.008373 
1829 1.008373 
1830 1.008373 
1831 1.008373 
1832 1.008373 
1833 1.008373 
1834 1.008373 
1835 1.008373 
1836 1.008373 
1837 1.008373 
1838 1.008373 
1839 1.008373 
1840 1.008373 
1841 1.008373 
1842 1.008373 
1843 1.008373 
1844 1.008373 
1845 1.008373 
1846 1.008373 
1847 1.008373 
1848 1.008373 
1849 1.008373 
1850 1.008373 
1851 1.008373 
1852 1.008373 
1853 1.008373 
1854 1.008373 
1855 1.008373 
1856 1.008373 
1857 1.008373 
1858 1.008373 
1859 1.008373 
1860 1.008373 
1861 1.008373 
1862 1.008373 
1863 1.008373 
1864 1.008373 
1865 1.008373 
1866 1.008373 
1867 1.008373 
1868 1.008373 
1869 1.008373 
1870 1.008373 
1871 1.008373 
1872 1.008373 
1873 1.008373 
1874 1.008373 
1875 1.008373 
1876 1.008373 
1877 1.008373 
1878 1.008373 
1879 1.008373 
1880 1.008373 
1881 1.008373 
1882 1.008373 
1883 1.008373 
1884 1.008373 
1885 1.008373 
1886 1.008373 
1887 1.008373 
1888 1.008373 
1889 1.008373 
1890 1.008373 
1891 1.008373 
1892 1.008373 
1893 1.008373 
1894 1.008373 
1895 1.008373 
1896 1.008373 
1897 1.008373 
1898 1.008373 
1899 1.008373 
1900 1.008373 
1901 1.008373 
1902 1.008373 
1903 1.008373 
1904 1.008373 
1905 1.008373 
1906 1.008373 
1907 1.008373 
1908 1.008373 
1909 1.008373 
1910 1.008373 
1911 1.008373 
1912 1.008373 
1913 1.008373 
1914 1.008373 
1915 1.008373 
1916 1.008373 
1917 1.008373 
1918 1.008373 
1919 1.008373 
1920 1.008373 
1921 1.008373 
1922 1.008373 
1923 1.008373 
1924 1.008373 
1925 1.008373 
1926 1.008373 
1927 1.008373 
1928 1.008373 
1929 1.008373 
1930 1.008373 
1931 1.008373 
1932 1.008373 
1933 1.008373 
1934 1.008373 
1935 1.008373 
1936 1.008373 
1937 1.008373 
1938 1.008373 
1939 1.008373 
1940 1.008373 
1941 1.008373 
1942 1.008373 
1943 1.008373 
1944 1.008373 
1945 1.008373 
1946 1.008373 
1947 1.008373 
1948 1.008373 
1949 1.008373 
1950 1.008373 
1951 1.008373 
1952 1.008373 
1953 1.008373 
1954 1.008373 
1955 1.008373 
1956 1.008373 
1957 1.008373 
1958 1.008373 
1959 1.008373 
1960 1.008373 
1961 1.008373 
1962 1.008373 
1963 1.008373 
1964 1.008373 
1965 1.008373 
1966 1.008373 
1967 1.008373 
1968 1.008373 
1969 1.008373 
1970 1.008373 
1971 1.008373 
1972 1.008373 
1973 1.008373 
1974 1.008373 
1975 1.008373 
1976 1.008373 
1977 1.008373 
1978 1.008373 
1979 1.008373 
1980 1.008373 
1981 1.008373 
1982 1.008373 
1983 1.008373 
1984 1.008373 
1985 1.008373 
1986 1.008373 
1987 1.008373 
1988 1.008373 
1989 1.008373 
1990 1.008373 
1991 1.008373 
1992 1.008373 
1993 1.008373 
1994 1.008373 
1995 1.008373 
1996 1.008373 
1997 1.008373 
1998 1.008373 
1999 1.008373 
