37.200000 -0.435714 0.000000 0.525593 0.000000 0.000000 56.515368 93.000000 0.000000 0.000000 0.000000 
36.200000 -0.425000 0.000000 0.525167 0.000000 0.000000 56.469594 93.000000 0.000000 0.000000 0.000000 
35.200000 -0.414286 0.000000 0.524741 0.000000 0.000000 56.423776 93.000000 0.000000 0.000000 0.000000 
34.200000 -0.403571 0.000000 0.524315 0.000000 0.000000 56.377914 93.000000 0.000000 0.000000 0.000000 
33.600000 -0.392857 0.000000 0.525968 0.000000 0.000000 55.953995 94.000000 0.000000 0.000000 0.000000 
30.400000 -0.358929 0.000000 0.524691 0.000000 0.000000 55.818143 94.000000 0.000000 0.000000 0.000000 
29.400000 -0.348214 0.000000 0.525542 0.000000 0.000000 55.908754 94.000000 0.000000 0.000000 0.000000 
26.200000 -0.314286 0.000000 0.524264 0.000000 0.000000 55.772771 94.000000 0.000000 0.000000 0.000000 
25.200000 -0.303571 0.000000 0.525117 0.000000 0.000000 55.863470 94.000000 0.000000 0.000000 0.000000 
24.200000 -0.292857 0.000000 0.525968 0.000000 0.000000 55.953995 94.000000 0.000000 0.000000 0.000000 
20.400000 -0.250000 0.000000 0.524627 0.000000 0.000000 55.223890 95.000000 0.000000 0.000000 0.000000 
18.200000 -0.226786 0.000000 0.525266 0.000000 0.000000 55.291148 95.000000 0.000000 0.000000 0.000000 
13.600000 -0.175000 0.000000 0.524035 0.000000 0.000000 54.024258 97.000000 0.000000 0.000000 0.000000 
12.400000 -0.162500 0.000000 0.525526 0.000000 0.000000 54.177962 97.000000 0.000000 0.000000 0.000000 
10.800000 -0.144643 0.000000 0.525213 0.000000 0.000000 53.593117 98.000000 0.000000 0.000000 0.000000 
4.000000 -0.071429 0.000000 0.525639 0.000000 0.000000 50.542198 104.000000 0.000000 0.000000 0.000000 
2.800000 -0.058929 0.000000 0.525693 0.000000 0.000000 49.593716 106.000000 0.000000 0.000000 0.000000 
2.600000 -0.057143 0.000000 0.524418 0.000000 0.000000 49.473403 106.000000 0.000000 0.000000 0.000000 
1.200000 -0.042857 0.000000 0.525911 0.000000 0.000000 48.248705 109.000000 0.000000 0.000000 0.000000 
1.000000 -0.041071 0.000000 0.525274 0.000000 0.000000 48.190301 109.000000 0.000000 0.000000 0.000000 
0.800000 -0.039286 0.000000 0.524637 0.000000 0.000000 48.131813 109.000000 0.000000 0.000000 0.000000 
-4.000000 0.003571 0.000000 0.525006 0.000000 0.000000 43.750509 120.000000 0.000000 0.000000 0.000000 
-7.000000 0.026786 0.000000 0.524207 0.000000 0.000000 41.603721 126.000000 0.000000 0.000000 0.000000 
-8.200000 0.035714 0.000000 0.525578 0.000000 0.000000 41.060743 128.000000 0.000000 0.000000 0.000000 
-10.200000 0.050000 0.000000 0.525672 0.000000 0.000000 40.127632 131.000000 0.000000 0.000000 0.000000 
-11.200000 0.057143 0.000000 0.525690 0.000000 0.000000 39.824990 132.000000 0.000000 0.000000 0.000000 
-15.600000 0.087500 0.000000 0.524001 0.000000 0.000000 38.529516 136.000000 0.000000 0.000000 0.000000 
-17.400000 0.100000 0.000000 0.524835 0.000000 0.000000 38.309152 137.000000 0.000000 0.000000 0.000000 
-18.000000 0.103571 0.000000 0.524815 0.000000 0.000000 38.030074 138.000000 0.000000 0.000000 0.000000 
-27.400000 0.167857 0.000000 0.524294 0.000000 0.000000 37.183974 141.000000 0.000000 0.000000 0.000000 
-28.400000 0.175000 0.000000 0.525141 0.000000 0.000000 37.244055 141.000000 0.000000 0.000000 0.000000 
-29.600000 0.182143 0.000000 0.524674 0.000000 0.000000 36.948849 142.000000 0.000000 0.000000 0.000000 
-33.400000 0.208929 0.000000 0.525097 0.000000 0.000000 36.978664 142.000000 0.000000 0.000000 0.000000 
-40.000000 0.253571 0.000000 0.525047 0.000000 0.000000 36.716583 143.000000 0.000000 0.000000 0.000000 
-45.400000 0.289286 0.000000 0.525415 0.000000 0.000000 36.487123 144.000000 0.000000 0.000000 0.000000 
-47.200000 0.301786 0.000000 0.525415 0.000000 0.000000 36.487123 144.000000 0.000000 0.000000 0.000000 
-49.000000 0.314286 0.000000 0.525415 0.000000 0.000000 36.487123 144.000000 0.000000 0.000000 0.000000 
-50.800000 0.326786 0.000000 0.525415 0.000000 0.000000 36.487123 144.000000 0.000000 0.000000 0.000000 
-52.600000 0.339286 0.000000 0.525415 0.000000 0.000000 36.487123 144.000000 0.000000 0.000000 0.000000 
-54.400000 0.351786 0.000000 0.525415 0.000000 0.000000 36.487123 144.000000 0.000000 0.000000 0.000000 
-56.200000 0.364286 0.000000 0.525415 0.000000 0.000000 36.487123 144.000000 0.000000 0.000000 0.000000 
-58.000000 0.376786 0.000000 0.525415 0.000000 0.000000 36.487123 144.000000 0.000000 0.000000 0.000000 
-59.800000 0.389286 0.000000 0.525415 0.000000 0.000000 36.487123 144.000000 0.000000 0.000000 0.000000 
