39.800000 -0.426786 0.000000 0.775785 0.000000 0.000000 83.417735 93.000000 0.000000 0.000000 0.000000 
39.600000 -0.425000 0.000000 0.774415 0.000000 0.000000 83.270410 93.000000 0.000000 0.000000 0.000000 
38.800000 -0.416071 0.000000 0.775641 0.000000 0.000000 83.402298 93.000000 0.000000 0.000000 0.000000 
38.600000 -0.414286 0.000000 0.774270 0.000000 0.000000 83.254815 93.000000 0.000000 0.000000 0.000000 
37.800000 -0.405357 0.000000 0.775498 0.000000 0.000000 83.386843 93.000000 0.000000 0.000000 0.000000 
37.600000 -0.403571 0.000000 0.774125 0.000000 0.000000 83.239203 93.000000 0.000000 0.000000 0.000000 
37.200000 -0.394643 0.000000 0.775940 0.000000 0.000000 82.546786 94.000000 0.000000 0.000000 0.000000 
37.000000 -0.392857 0.000000 0.774644 0.000000 0.000000 82.408959 94.000000 0.000000 0.000000 0.000000 
36.000000 -0.382143 0.000000 0.774933 0.000000 0.000000 82.439702 94.000000 0.000000 0.000000 0.000000 
35.000000 -0.371429 0.000000 0.775222 0.000000 0.000000 82.470379 94.000000 0.000000 0.000000 0.000000 
34.000000 -0.360714 0.000000 0.775509 0.000000 0.000000 82.500991 94.000000 0.000000 0.000000 0.000000 
33.800000 -0.358929 0.000000 0.774210 0.000000 0.000000 82.362721 94.000000 0.000000 0.000000 0.000000 
33.000000 -0.350000 0.000000 0.775796 0.000000 0.000000 82.531537 94.000000 0.000000 0.000000 0.000000 
32.800000 -0.348214 0.000000 0.774499 0.000000 0.000000 82.393563 94.000000 0.000000 0.000000 0.000000 
31.800000 -0.337500 0.000000 0.774789 0.000000 0.000000 82.424339 94.000000 0.000000 0.000000 0.000000 
30.800000 -0.326786 0.000000 0.775077 0.000000 0.000000 82.455049 94.000000 0.000000 0.000000 0.000000 
29.800000 -0.316071 0.000000 0.775366 0.000000 0.000000 82.485693 94.000000 0.000000 0.000000 0.000000 
29.600000 -0.314286 0.000000 0.774064 0.000000 0.000000 82.347276 94.000000 0.000000 0.000000 0.000000 
28.800000 -0.305357 0.000000 0.775653 0.000000 0.000000 82.516272 94.000000 0.000000 0.000000 0.000000 
28.600000 -0.303571 0.000000 0.774355 0.000000 0.000000 82.378150 94.000000 0.000000 0.000000 0.000000 
27.800000 -0.294643 0.000000 0.775940 0.000000 0.000000 82.546786 94.000000 0.000000 0.000000 0.000000 
27.600000 -0.292857 0.000000 0.774644 0.000000 0.000000 82.408959 94.000000 0.000000 0.000000 0.000000 
26.200000 -0.275000 0.000000 0.775158 0.000000 0.000000 81.595544 95.000000 0.000000 0.000000 0.000000 
25.200000 -0.264286 0.000000 0.775876 0.000000 0.000000 81.671149 95.000000 0.000000 0.000000 0.000000 
25.000000 -0.262500 0.000000 0.774653 0.000000 0.000000 81.542380 95.000000 0.000000 0.000000 0.000000 
24.000000 -0.251786 0.000000 0.775374 0.000000 0.000000 81.618268 95.000000 0.000000 0.000000 0.000000 
23.800000 -0.250000 0.000000 0.774146 0.000000 0.000000 81.489017 95.000000 0.000000 0.000000 0.000000 
22.800000 -0.239286 0.000000 0.774869 0.000000 0.000000 81.565189 95.000000 0.000000 0.000000 0.000000 
21.800000 -0.228571 0.000000 0.775589 0.000000 0.000000 81.640955 95.000000 0.000000 0.000000 0.000000 
21.600000 -0.226786 0.000000 0.774363 0.000000 0.000000 81.511912 95.000000 0.000000 0.000000 0.000000 
21.000000 -0.217857 0.000000 0.775952 0.000000 0.000000 80.828297 96.000000 0.000000 0.000000 0.000000 
20.800000 -0.216071 0.000000 0.774802 0.000000 0.000000 80.708518 96.000000 0.000000 0.000000 0.000000 
19.800000 -0.205357 0.000000 0.775952 0.000000 0.000000 80.828297 96.000000 0.000000 0.000000 0.000000 
19.600000 -0.203571 0.000000 0.774802 0.000000 0.000000 80.708518 96.000000 0.000000 0.000000 0.000000 
18.600000 -0.192857 0.000000 0.775952 0.000000 0.000000 80.828297 96.000000 0.000000 0.000000 0.000000 
18.400000 -0.191071 0.000000 0.774802 0.000000 0.000000 80.708518 96.000000 0.000000 0.000000 0.000000 
17.200000 -0.176786 0.000000 0.774947 0.000000 0.000000 79.891450 97.000000 0.000000 0.000000 0.000000 
16.000000 -0.164286 0.000000 0.775451 0.000000 0.000000 79.943359 97.000000 0.000000 0.000000 0.000000 
15.800000 -0.162500 0.000000 0.774369 0.000000 0.000000 79.831887 97.000000 0.000000 0.000000 0.000000 
14.400000 -0.146429 0.000000 0.775232 0.000000 0.000000 79.105347 98.000000 0.000000 0.000000 0.000000 
14.200000 -0.144643 0.000000 0.774222 0.000000 0.000000 79.002273 98.000000 0.000000 0.000000 0.000000 
12.600000 -0.126786 0.000000 0.775513 0.000000 0.000000 78.334694 99.000000 0.000000 0.000000 0.000000 
12.400000 -0.125000 0.000000 0.774578 0.000000 0.000000 78.240212 99.000000 0.000000 0.000000 0.000000 
10.400000 -0.103571 0.000000 0.775647 0.000000 0.000000 77.564723 100.000000 0.000000 0.000000 0.000000 
9.600000 -0.094643 0.000000 0.775920 0.000000 0.000000 76.823801 101.000000 0.000000 0.000000 0.000000 
9.400000 -0.092857 0.000000 0.775132 0.000000 0.000000 76.745781 101.000000 0.000000 0.000000 0.000000 
7.600000 -0.073214 0.000000 0.774716 0.000000 0.000000 74.491886 104.000000 0.000000 0.000000 0.000000 
7.400000 -0.071429 0.000000 0.774139 0.000000 0.000000 74.436395 104.000000 0.000000 0.000000 0.000000 
6.400000 -0.060714 0.000000 0.774518 0.000000 0.000000 73.067743 106.000000 0.000000 0.000000 0.000000 
6.200000 -0.058929 0.000000 0.774085 0.000000 0.000000 73.026903 106.000000 0.000000 0.000000 0.000000 
4.800000 -0.044643 0.000000 0.775743 0.000000 0.000000 71.828034 108.000000 0.000000 0.000000 0.000000 
4.600000 -0.042857 0.000000 0.774055 0.000000 0.000000 71.014228 109.000000 0.000000 0.000000 0.000000 
-1.000000 0.007143 0.000000 0.775125 0.000000 0.000000 64.059943 121.000000 0.000000 0.000000 0.000000 
-1.200000 0.008929 0.000000 0.775766 0.000000 0.000000 64.112886 121.000000 0.000000 0.000000 0.000000 
-2.600000 0.019643 0.000000 0.774836 0.000000 0.000000 62.486801 124.000000 0.000000 0.000000 0.000000 
-2.800000 0.021429 0.000000 0.775691 0.000000 0.000000 62.555715 124.000000 0.000000 0.000000 0.000000 
-5.000000 0.037500 0.000000 0.774515 0.000000 0.000000 60.508994 128.000000 0.000000 0.000000 0.000000 
-6.000000 0.044643 0.000000 0.775198 0.000000 0.000000 59.630612 130.000000 0.000000 0.000000 0.000000 
-7.000000 0.051786 0.000000 0.774681 0.000000 0.000000 59.135947 131.000000 0.000000 0.000000 0.000000 
-8.000000 0.058929 0.000000 0.774732 0.000000 0.000000 58.691819 132.000000 0.000000 0.000000 0.000000 
-9.000000 0.066071 0.000000 0.775350 0.000000 0.000000 58.297005 133.000000 0.000000 0.000000 0.000000 
-9.800000 0.071429 0.000000 0.774971 0.000000 0.000000 57.833623 134.000000 0.000000 0.000000 0.000000 
-10.600000 0.076786 0.000000 0.775016 0.000000 0.000000 57.408561 135.000000 0.000000 0.000000 0.000000 
-12.400000 0.089286 0.000000 0.774346 0.000000 0.000000 56.937200 136.000000 0.000000 0.000000 0.000000 
-13.200000 0.094643 0.000000 0.775525 0.000000 0.000000 56.607695 137.000000 0.000000 0.000000 0.000000 
-14.200000 0.101786 0.000000 0.774673 0.000000 0.000000 56.545466 137.000000 0.000000 0.000000 0.000000 
-14.800000 0.105357 0.000000 0.774712 0.000000 0.000000 56.138582 138.000000 0.000000 0.000000 0.000000 
-15.800000 0.112500 0.000000 0.774141 0.000000 0.000000 56.097200 138.000000 0.000000 0.000000 0.000000 
-16.000000 0.114286 0.000000 0.775988 0.000000 0.000000 56.231051 138.000000 0.000000 0.000000 0.000000 
-17.400000 0.123214 0.000000 0.774465 0.000000 0.000000 55.716909 139.000000 0.000000 0.000000 0.000000 
-18.400000 0.130357 0.000000 0.774179 0.000000 0.000000 55.696356 139.000000 0.000000 0.000000 0.000000 
-19.000000 0.133929 0.000000 0.775637 0.000000 0.000000 55.402653 140.000000 0.000000 0.000000 0.000000 
-20.000000 0.141071 0.000000 0.775637 0.000000 0.000000 55.402653 140.000000 0.000000 0.000000 0.000000 
-21.000000 0.148214 0.000000 0.775637 0.000000 0.000000 55.402653 140.000000 0.000000 0.000000 0.000000 
-22.200000 0.155357 0.000000 0.774107 0.000000 0.000000 54.901200 141.000000 0.000000 0.000000 0.000000 
-23.200000 0.162500 0.000000 0.774393 0.000000 0.000000 54.921462 141.000000 0.000000 0.000000 0.000000 
-24.200000 0.169643 0.000000 0.774678 0.000000 0.000000 54.941681 141.000000 0.000000 0.000000 0.000000 
-25.200000 0.176786 0.000000 0.774962 0.000000 0.000000 54.961858 141.000000 0.000000 0.000000 0.000000 
-26.400000 0.183929 0.000000 0.774852 0.000000 0.000000 54.567064 142.000000 0.000000 0.000000 0.000000 
-27.400000 0.191071 0.000000 0.775420 0.000000 0.000000 54.607028 142.000000 0.000000 0.000000 0.000000 
-28.400000 0.198214 0.000000 0.775985 0.000000 0.000000 54.646823 142.000000 0.000000 0.000000 0.000000 
-29.200000 0.203571 0.000000 0.774425 0.000000 0.000000 54.536979 142.000000 0.000000 0.000000 0.000000 
-30.200000 0.210714 0.000000 0.774994 0.000000 0.000000 54.577071 142.000000 0.000000 0.000000 0.000000 
-31.200000 0.217857 0.000000 0.775561 0.000000 0.000000 54.616993 142.000000 0.000000 0.000000 0.000000 
-32.200000 0.223214 0.000000 0.775167 0.000000 0.000000 54.207466 143.000000 0.000000 0.000000 0.000000 
-34.000000 0.235714 0.000000 0.774670 0.000000 0.000000 54.172693 143.000000 0.000000 0.000000 0.000000 
-35.000000 0.242857 0.000000 0.775521 0.000000 0.000000 54.232224 143.000000 0.000000 0.000000 0.000000 
-35.800000 0.248214 0.000000 0.774170 0.000000 0.000000 54.137791 143.000000 0.000000 0.000000 0.000000 
-36.800000 0.255357 0.000000 0.775025 0.000000 0.000000 54.197544 143.000000 0.000000 0.000000 0.000000 
-37.800000 0.262500 0.000000 0.775874 0.000000 0.000000 54.256917 143.000000 0.000000 0.000000 0.000000 
-38.600000 0.267857 0.000000 0.774527 0.000000 0.000000 54.162734 143.000000 0.000000 0.000000 0.000000 
-39.600000 0.275000 0.000000 0.775379 0.000000 0.000000 54.222329 143.000000 0.000000 0.000000 0.000000 
-40.400000 0.280357 0.000000 0.774027 0.000000 0.000000 54.127795 143.000000 0.000000 0.000000 0.000000 
-42.200000 0.291071 0.000000 0.775195 0.000000 0.000000 53.833017 144.000000 0.000000 0.000000 0.000000 
-43.000000 0.296429 0.000000 0.774057 0.000000 0.000000 53.753936 144.000000 0.000000 0.000000 0.000000 
-44.000000 0.303571 0.000000 0.775195 0.000000 0.000000 53.833017 144.000000 0.000000 0.000000 0.000000 
-44.800000 0.308929 0.000000 0.774057 0.000000 0.000000 53.753936 144.000000 0.000000 0.000000 0.000000 
-45.800000 0.316071 0.000000 0.775195 0.000000 0.000000 53.833017 144.000000 0.000000 0.000000 0.000000 
-46.600000 0.321429 0.000000 0.774057 0.000000 0.000000 53.753936 144.000000 0.000000 0.000000 0.000000 
-47.600000 0.328571 0.000000 0.775195 0.000000 0.000000 53.833017 144.000000 0.000000 0.000000 0.000000 
-48.400000 0.333929 0.000000 0.774057 0.000000 0.000000 53.753936 144.000000 0.000000 0.000000 0.000000 
-49.400000 0.341071 0.000000 0.775195 0.000000 0.000000 53.833017 144.000000 0.000000 0.000000 0.000000 
-50.200000 0.346429 0.000000 0.774057 0.000000 0.000000 53.753936 144.000000 0.000000 0.000000 0.000000 
-51.200000 0.353571 0.000000 0.775195 0.000000 0.000000 53.833017 144.000000 0.000000 0.000000 0.000000 
-52.000000 0.358929 0.000000 0.774057 0.000000 0.000000 53.753936 144.000000 0.000000 0.000000 0.000000 
-53.000000 0.366071 0.000000 0.775195 0.000000 0.000000 53.833017 144.000000 0.000000 0.000000 0.000000 
-53.800000 0.371429 0.000000 0.774057 0.000000 0.000000 53.753936 144.000000 0.000000 0.000000 0.000000 
-54.800000 0.378571 0.000000 0.775195 0.000000 0.000000 53.833017 144.000000 0.000000 0.000000 0.000000 
-55.600000 0.383929 0.000000 0.774057 0.000000 0.000000 53.753936 144.000000 0.000000 0.000000 0.000000 
-56.600000 0.391071 0.000000 0.775195 0.000000 0.000000 53.833017 144.000000 0.000000 0.000000 0.000000 
-57.400000 0.396429 0.000000 0.774057 0.000000 0.000000 53.753936 144.000000 0.000000 0.000000 0.000000 
-58.800000 0.403571 0.000000 0.775576 0.000000 0.000000 53.488011 145.000000 0.000000 0.000000 0.000000 
-59.600000 0.408929 0.000000 0.774655 0.000000 0.000000 53.424449 145.000000 0.000000 0.000000 0.000000 
