39.800000 -0.410714 0.000000 0.824637 0.000000 0.000000 88.670689 93.000000 0.000000 0.000000 0.000000 
39.000000 -0.401786 0.000000 0.825437 0.000000 0.000000 88.756695 93.000000 0.000000 0.000000 0.000000 
38.800000 -0.400000 0.000000 0.824543 0.000000 0.000000 88.660526 93.000000 0.000000 0.000000 0.000000 
38.400000 -0.391071 0.000000 0.825798 0.000000 0.000000 87.850824 94.000000 0.000000 0.000000 0.000000 
38.200000 -0.389286 0.000000 0.824954 0.000000 0.000000 87.761082 94.000000 0.000000 0.000000 0.000000 
38.000000 -0.387500 0.000000 0.824104 0.000000 0.000000 87.670586 94.000000 0.000000 0.000000 0.000000 
37.400000 -0.380357 0.000000 0.825984 0.000000 0.000000 87.870665 94.000000 0.000000 0.000000 0.000000 
37.200000 -0.378571 0.000000 0.825142 0.000000 0.000000 87.781090 94.000000 0.000000 0.000000 0.000000 
37.000000 -0.376786 0.000000 0.824293 0.000000 0.000000 87.690762 94.000000 0.000000 0.000000 0.000000 
36.200000 -0.367857 0.000000 0.825330 0.000000 0.000000 87.801060 94.000000 0.000000 0.000000 0.000000 
36.000000 -0.366071 0.000000 0.824482 0.000000 0.000000 87.710900 94.000000 0.000000 0.000000 0.000000 
35.200000 -0.357143 0.000000 0.825517 0.000000 0.000000 87.820993 94.000000 0.000000 0.000000 0.000000 
35.000000 -0.355357 0.000000 0.824671 0.000000 0.000000 87.731001 94.000000 0.000000 0.000000 0.000000 
34.200000 -0.346429 0.000000 0.825704 0.000000 0.000000 87.840890 94.000000 0.000000 0.000000 0.000000 
34.000000 -0.344643 0.000000 0.824860 0.000000 0.000000 87.751065 94.000000 0.000000 0.000000 0.000000 
33.800000 -0.342857 0.000000 0.824009 0.000000 0.000000 87.660484 94.000000 0.000000 0.000000 0.000000 
33.200000 -0.335714 0.000000 0.825891 0.000000 0.000000 87.860749 94.000000 0.000000 0.000000 0.000000 
33.000000 -0.333929 0.000000 0.825048 0.000000 0.000000 87.771091 94.000000 0.000000 0.000000 0.000000 
32.800000 -0.332143 0.000000 0.824198 0.000000 0.000000 87.680679 94.000000 0.000000 0.000000 0.000000 
32.000000 -0.323214 0.000000 0.825236 0.000000 0.000000 87.791080 94.000000 0.000000 0.000000 0.000000 
31.800000 -0.321429 0.000000 0.824388 0.000000 0.000000 87.700836 94.000000 0.000000 0.000000 0.000000 
31.000000 -0.312500 0.000000 0.825424 0.000000 0.000000 87.811031 94.000000 0.000000 0.000000 0.000000 
30.800000 -0.310714 0.000000 0.824577 0.000000 0.000000 87.720955 94.000000 0.000000 0.000000 0.000000 
30.000000 -0.301786 0.000000 0.825611 0.000000 0.000000 87.830946 94.000000 0.000000 0.000000 0.000000 
29.800000 -0.300000 0.000000 0.824766 0.000000 0.000000 87.741038 94.000000 0.000000 0.000000 0.000000 
29.000000 -0.291071 0.000000 0.825798 0.000000 0.000000 87.850824 94.000000 0.000000 0.000000 0.000000 
28.800000 -0.289286 0.000000 0.824954 0.000000 0.000000 87.761082 94.000000 0.000000 0.000000 0.000000 
28.600000 -0.287500 0.000000 0.824104 0.000000 0.000000 87.670586 94.000000 0.000000 0.000000 0.000000 
28.600000 -0.283929 0.000000 0.825689 0.000000 0.000000 86.914593 95.000000 0.000000 0.000000 0.000000 
28.400000 -0.282143 0.000000 0.824892 0.000000 0.000000 86.830707 95.000000 0.000000 0.000000 0.000000 
28.200000 -0.280357 0.000000 0.824088 0.000000 0.000000 86.746155 95.000000 0.000000 0.000000 0.000000 
27.400000 -0.271429 0.000000 0.825361 0.000000 0.000000 86.880132 95.000000 0.000000 0.000000 0.000000 
27.200000 -0.269643 0.000000 0.824562 0.000000 0.000000 86.795972 95.000000 0.000000 0.000000 0.000000 
26.400000 -0.260714 0.000000 0.825829 0.000000 0.000000 86.929328 95.000000 0.000000 0.000000 0.000000 
26.200000 -0.258929 0.000000 0.825033 0.000000 0.000000 86.845558 95.000000 0.000000 0.000000 0.000000 
26.000000 -0.257143 0.000000 0.824231 0.000000 0.000000 86.761124 95.000000 0.000000 0.000000 0.000000 
25.200000 -0.248214 0.000000 0.825502 0.000000 0.000000 86.894914 95.000000 0.000000 0.000000 0.000000 
25.000000 -0.246429 0.000000 0.824703 0.000000 0.000000 86.810872 95.000000 0.000000 0.000000 0.000000 
24.200000 -0.237500 0.000000 0.825968 0.000000 0.000000 86.944042 95.000000 0.000000 0.000000 0.000000 
24.000000 -0.235714 0.000000 0.825174 0.000000 0.000000 86.860389 95.000000 0.000000 0.000000 0.000000 
23.800000 -0.233929 0.000000 0.824373 0.000000 0.000000 86.776073 95.000000 0.000000 0.000000 0.000000 
23.000000 -0.225000 0.000000 0.825642 0.000000 0.000000 86.909677 95.000000 0.000000 0.000000 0.000000 
22.800000 -0.223214 0.000000 0.824845 0.000000 0.000000 86.825752 95.000000 0.000000 0.000000 0.000000 
22.200000 -0.214286 0.000000 0.825951 0.000000 0.000000 86.036517 96.000000 0.000000 0.000000 0.000000 
22.000000 -0.212500 0.000000 0.825203 0.000000 0.000000 85.958655 96.000000 0.000000 0.000000 0.000000 
21.800000 -0.210714 0.000000 0.824450 0.000000 0.000000 85.880211 96.000000 0.000000 0.000000 0.000000 
21.000000 -0.201786 0.000000 0.825951 0.000000 0.000000 86.036517 96.000000 0.000000 0.000000 0.000000 
20.800000 -0.200000 0.000000 0.825203 0.000000 0.000000 85.958655 96.000000 0.000000 0.000000 0.000000 
20.600000 -0.198214 0.000000 0.824450 0.000000 0.000000 85.880211 96.000000 0.000000 0.000000 0.000000 
19.800000 -0.189286 0.000000 0.825951 0.000000 0.000000 86.036517 96.000000 0.000000 0.000000 0.000000 
19.600000 -0.187500 0.000000 0.825203 0.000000 0.000000 85.958655 96.000000 0.000000 0.000000 0.000000 
19.400000 -0.185714 0.000000 0.824450 0.000000 0.000000 85.880211 96.000000 0.000000 0.000000 0.000000 
18.400000 -0.173214 0.000000 0.825371 0.000000 0.000000 85.089783 97.000000 0.000000 0.000000 0.000000 
18.200000 -0.171429 0.000000 0.824667 0.000000 0.000000 85.017180 97.000000 0.000000 0.000000 0.000000 
17.200000 -0.160714 0.000000 0.825698 0.000000 0.000000 85.123492 97.000000 0.000000 0.000000 0.000000 
17.000000 -0.158929 0.000000 0.824996 0.000000 0.000000 85.051125 97.000000 0.000000 0.000000 0.000000 
16.800000 -0.157143 0.000000 0.824289 0.000000 0.000000 84.978250 97.000000 0.000000 0.000000 0.000000 
16.600000 -0.153571 0.000000 0.824315 0.000000 0.000000 84.113791 98.000000 0.000000 0.000000 0.000000 
15.600000 -0.142857 0.000000 0.825630 0.000000 0.000000 84.247921 98.000000 0.000000 0.000000 0.000000 
15.400000 -0.141071 0.000000 0.824975 0.000000 0.000000 84.181074 98.000000 0.000000 0.000000 0.000000 
15.200000 -0.139286 0.000000 0.824315 0.000000 0.000000 84.113791 98.000000 0.000000 0.000000 0.000000 
13.800000 -0.123214 0.000000 0.825886 0.000000 0.000000 83.422778 99.000000 0.000000 0.000000 0.000000 
13.600000 -0.121429 0.000000 0.825279 0.000000 0.000000 83.361537 99.000000 0.000000 0.000000 0.000000 
13.400000 -0.119643 0.000000 0.824669 0.000000 0.000000 83.299926 99.000000 0.000000 0.000000 0.000000 
13.200000 -0.117857 0.000000 0.824056 0.000000 0.000000 83.237941 99.000000 0.000000 0.000000 0.000000 
13.200000 -0.116071 0.000000 0.825860 0.000000 0.000000 82.586007 100.000000 0.000000 0.000000 0.000000 
13.000000 -0.114286 0.000000 0.825301 0.000000 0.000000 82.530072 100.000000 0.000000 0.000000 0.000000 
12.800000 -0.112500 0.000000 0.824738 0.000000 0.000000 82.473824 100.000000 0.000000 0.000000 0.000000 
12.600000 -0.110714 0.000000 0.824173 0.000000 0.000000 82.417261 100.000000 0.000000 0.000000 0.000000 
11.800000 -0.101786 0.000000 0.824146 0.000000 0.000000 81.598594 101.000000 0.000000 0.000000 0.000000 
10.800000 -0.091071 0.000000 0.824117 0.000000 0.000000 80.795800 102.000000 0.000000 0.000000 0.000000 
10.000000 -0.082143 0.000000 0.825074 0.000000 0.000000 80.104252 103.000000 0.000000 0.000000 0.000000 
9.800000 -0.080357 0.000000 0.824652 0.000000 0.000000 80.063295 103.000000 0.000000 0.000000 0.000000 
9.600000 -0.078571 0.000000 0.824228 0.000000 0.000000 80.022166 103.000000 0.000000 0.000000 0.000000 
8.800000 -0.069643 0.000000 0.825740 0.000000 0.000000 79.398121 104.000000 0.000000 0.000000 0.000000 
8.600000 -0.067857 0.000000 0.825368 0.000000 0.000000 79.362330 104.000000 0.000000 0.000000 0.000000 
7.600000 -0.057143 0.000000 0.825763 0.000000 0.000000 77.902183 106.000000 0.000000 0.000000 0.000000 
7.400000 -0.055357 0.000000 0.825484 0.000000 0.000000 77.875890 106.000000 0.000000 0.000000 0.000000 
6.200000 -0.042857 0.000000 0.825970 0.000000 0.000000 75.777035 109.000000 0.000000 0.000000 0.000000 
6.000000 -0.041071 0.000000 0.825831 0.000000 0.000000 75.764304 109.000000 0.000000 0.000000 0.000000 
5.800000 -0.039286 0.000000 0.825692 0.000000 0.000000 75.751555 109.000000 0.000000 0.000000 0.000000 
5.600000 -0.037500 0.000000 0.824765 0.000000 0.000000 74.978638 110.000000 0.000000 0.000000 0.000000 
5.400000 -0.035714 0.000000 0.824671 0.000000 0.000000 74.970132 110.000000 0.000000 0.000000 0.000000 
1.600000 -0.001786 0.000000 0.824129 0.000000 0.000000 69.254514 119.000000 0.000000 0.000000 0.000000 
1.400000 0.000000 0.000000 0.824456 0.000000 0.000000 69.282044 119.000000 0.000000 0.000000 0.000000 
1.200000 0.001786 0.000000 0.824783 0.000000 0.000000 69.309485 119.000000 0.000000 0.000000 0.000000 
1.000000 0.003571 0.000000 0.825376 0.000000 0.000000 68.781327 120.000000 0.000000 0.000000 0.000000 
0.800000 0.005357 0.000000 0.825745 0.000000 0.000000 68.812124 120.000000 0.000000 0.000000 0.000000 
-0.400000 0.014286 0.000000 0.824033 0.000000 0.000000 66.994541 123.000000 0.000000 0.000000 0.000000 
-0.600000 0.016071 0.000000 0.824547 0.000000 0.000000 67.036332 123.000000 0.000000 0.000000 0.000000 
-0.800000 0.017857 0.000000 0.825689 0.000000 0.000000 66.587861 124.000000 0.000000 0.000000 0.000000 
-2.000000 0.026786 0.000000 0.825007 0.000000 0.000000 65.476751 126.000000 0.000000 0.000000 0.000000 
-2.200000 0.028571 0.000000 0.825654 0.000000 0.000000 65.528079 126.000000 0.000000 0.000000 0.000000 
-3.200000 0.035714 0.000000 0.825244 0.000000 0.000000 64.472208 128.000000 0.000000 0.000000 0.000000 
-3.400000 0.037500 0.000000 0.825981 0.000000 0.000000 64.529748 128.000000 0.000000 0.000000 0.000000 
-4.200000 0.042857 0.000000 0.824294 0.000000 0.000000 63.898761 129.000000 0.000000 0.000000 0.000000 
-5.200000 0.050000 0.000000 0.825175 0.000000 0.000000 62.990425 131.000000 0.000000 0.000000 0.000000 
-6.000000 0.055357 0.000000 0.824221 0.000000 0.000000 62.440993 132.000000 0.000000 0.000000 0.000000 
-6.200000 0.057143 0.000000 0.825149 0.000000 0.000000 62.511288 132.000000 0.000000 0.000000 0.000000 
-7.000000 0.062500 0.000000 0.824520 0.000000 0.000000 61.993999 133.000000 0.000000 0.000000 0.000000 
-7.200000 0.064286 0.000000 0.825491 0.000000 0.000000 62.066996 133.000000 0.000000 0.000000 0.000000 
-7.800000 0.067857 0.000000 0.824167 0.000000 0.000000 61.504977 134.000000 0.000000 0.000000 0.000000 
-8.000000 0.069643 0.000000 0.825187 0.000000 0.000000 61.581103 134.000000 0.000000 0.000000 0.000000 
-8.800000 0.075000 0.000000 0.825158 0.000000 0.000000 61.122803 135.000000 0.000000 0.000000 0.000000 
-9.800000 0.082143 0.000000 0.824231 0.000000 0.000000 61.054145 135.000000 0.000000 0.000000 0.000000 
-10.600000 0.087500 0.000000 0.824665 0.000000 0.000000 60.637165 136.000000 0.000000 0.000000 0.000000 
-10.800000 0.089286 0.000000 0.825772 0.000000 0.000000 60.718495 136.000000 0.000000 0.000000 0.000000 
-11.400000 0.092857 0.000000 0.825373 0.000000 0.000000 60.246210 137.000000 0.000000 0.000000 0.000000 
-12.400000 0.100000 0.000000 0.824820 0.000000 0.000000 60.205806 137.000000 0.000000 0.000000 0.000000 
-12.600000 0.101786 0.000000 0.825969 0.000000 0.000000 60.289730 137.000000 0.000000 0.000000 0.000000 
-13.000000 0.103571 0.000000 0.824787 0.000000 0.000000 59.767199 138.000000 0.000000 0.000000 0.000000 
-13.200000 0.105357 0.000000 0.825983 0.000000 0.000000 59.853828 138.000000 0.000000 0.000000 0.000000 
-14.000000 0.110714 0.000000 0.824417 0.000000 0.000000 59.740335 138.000000 0.000000 0.000000 0.000000 
-14.200000 0.112500 0.000000 0.825617 0.000000 0.000000 59.827284 138.000000 0.000000 0.000000 0.000000 
-15.600000 0.121429 0.000000 0.824569 0.000000 0.000000 59.321504 139.000000 0.000000 0.000000 0.000000 
-15.800000 0.123214 0.000000 0.825812 0.000000 0.000000 59.410963 139.000000 0.000000 0.000000 0.000000 
-16.600000 0.128571 0.000000 0.824383 0.000000 0.000000 59.308156 139.000000 0.000000 0.000000 0.000000 
-16.800000 0.130357 0.000000 0.825629 0.000000 0.000000 59.397780 139.000000 0.000000 0.000000 0.000000 
-18.200000 0.139286 0.000000 0.825273 0.000000 0.000000 58.948099 140.000000 0.000000 0.000000 0.000000 
-19.200000 0.146429 0.000000 0.825273 0.000000 0.000000 58.948099 140.000000 0.000000 0.000000 0.000000 
-20.200000 0.153571 0.000000 0.825273 0.000000 0.000000 58.948099 140.000000 0.000000 0.000000 0.000000 
-20.600000 0.155357 0.000000 0.825560 0.000000 0.000000 58.550326 141.000000 0.000000 0.000000 0.000000 
-21.400000 0.160714 0.000000 0.824407 0.000000 0.000000 58.468550 141.000000 0.000000 0.000000 0.000000 
-21.600000 0.162500 0.000000 0.825743 0.000000 0.000000 58.563323 141.000000 0.000000 0.000000 0.000000 
-22.400000 0.167857 0.000000 0.824592 0.000000 0.000000 58.481698 141.000000 0.000000 0.000000 0.000000 
-22.600000 0.169643 0.000000 0.825926 0.000000 0.000000 58.576296 141.000000 0.000000 0.000000 0.000000 
-23.400000 0.175000 0.000000 0.824777 0.000000 0.000000 58.494821 141.000000 0.000000 0.000000 0.000000 
-24.600000 0.182143 0.000000 0.824648 0.000000 0.000000 58.073814 142.000000 0.000000 0.000000 0.000000 
-25.600000 0.189286 0.000000 0.825018 0.000000 0.000000 58.099829 142.000000 0.000000 0.000000 0.000000 
-26.600000 0.196429 0.000000 0.825386 0.000000 0.000000 58.125749 142.000000 0.000000 0.000000 0.000000 
-27.400000 0.201786 0.000000 0.824370 0.000000 0.000000 58.054240 142.000000 0.000000 0.000000 0.000000 
-27.600000 0.203571 0.000000 0.825752 0.000000 0.000000 58.151573 142.000000 0.000000 0.000000 0.000000 
-28.400000 0.208929 0.000000 0.824741 0.000000 0.000000 58.080327 142.000000 0.000000 0.000000 0.000000 
-29.400000 0.216071 0.000000 0.825110 0.000000 0.000000 58.106318 142.000000 0.000000 0.000000 0.000000 
-30.200000 0.221429 0.000000 0.824091 0.000000 0.000000 58.034611 142.000000 0.000000 0.000000 0.000000 
-31.400000 0.228571 0.000000 0.825348 0.000000 0.000000 57.716667 143.000000 0.000000 0.000000 0.000000 
-32.200000 0.233929 0.000000 0.824472 0.000000 0.000000 57.655379 143.000000 0.000000 0.000000 0.000000 
-32.400000 0.235714 0.000000 0.825898 0.000000 0.000000 57.755099 143.000000 0.000000 0.000000 0.000000 
-33.200000 0.241071 0.000000 0.825026 0.000000 0.000000 57.694150 143.000000 0.000000 0.000000 0.000000 
-34.000000 0.246429 0.000000 0.824147 0.000000 0.000000 57.632664 143.000000 0.000000 0.000000 0.000000 
-34.200000 0.248214 0.000000 0.825578 0.000000 0.000000 57.732706 143.000000 0.000000 0.000000 0.000000 
-35.000000 0.253571 0.000000 0.824703 0.000000 0.000000 57.671560 143.000000 0.000000 0.000000 0.000000 
-36.000000 0.260714 0.000000 0.825256 0.000000 0.000000 57.710241 143.000000 0.000000 0.000000 0.000000 
-36.800000 0.266071 0.000000 0.824379 0.000000 0.000000 57.648897 143.000000 0.000000 0.000000 0.000000 
-37.000000 0.267857 0.000000 0.825807 0.000000 0.000000 57.748709 143.000000 0.000000 0.000000 0.000000 
-37.800000 0.273214 0.000000 0.824934 0.000000 0.000000 57.687703 143.000000 0.000000 0.000000 0.000000 
-38.600000 0.278571 0.000000 0.824054 0.000000 0.000000 57.626160 143.000000 0.000000 0.000000 0.000000 
-38.800000 0.280357 0.000000 0.825486 0.000000 0.000000 57.726295 143.000000 0.000000 0.000000 0.000000 
-40.400000 0.289286 0.000000 0.824757 0.000000 0.000000 57.274818 144.000000 0.000000 0.000000 0.000000 
-41.200000 0.294643 0.000000 0.824016 0.000000 0.000000 57.223312 144.000000 0.000000 0.000000 0.000000 
-41.400000 0.296429 0.000000 0.825494 0.000000 0.000000 57.325944 144.000000 0.000000 0.000000 0.000000 
-42.200000 0.301786 0.000000 0.824757 0.000000 0.000000 57.274818 144.000000 0.000000 0.000000 0.000000 
-43.000000 0.307143 0.000000 0.824016 0.000000 0.000000 57.223312 144.000000 0.000000 0.000000 0.000000 
-43.200000 0.308929 0.000000 0.825494 0.000000 0.000000 57.325944 144.000000 0.000000 0.000000 0.000000 
-44.000000 0.314286 0.000000 0.824757 0.000000 0.000000 57.274818 144.000000 0.000000 0.000000 0.000000 
-44.800000 0.319643 0.000000 0.824016 0.000000 0.000000 57.223312 144.000000 0.000000 0.000000 0.000000 
-45.000000 0.321429 0.000000 0.825494 0.000000 0.000000 57.325944 144.000000 0.000000 0.000000 0.000000 
-45.800000 0.326786 0.000000 0.824757 0.000000 0.000000 57.274818 144.000000 0.000000 0.000000 0.000000 
-46.600000 0.332143 0.000000 0.824016 0.000000 0.000000 57.223312 144.000000 0.000000 0.000000 0.000000 
-46.800000 0.333929 0.000000 0.825494 0.000000 0.000000 57.325944 144.000000 0.000000 0.000000 0.000000 
-47.600000 0.339286 0.000000 0.824757 0.000000 0.000000 57.274818 144.000000 0.000000 0.000000 0.000000 
-48.400000 0.344643 0.000000 0.824016 0.000000 0.000000 57.223312 144.000000 0.000000 0.000000 0.000000 
-48.600000 0.346429 0.000000 0.825494 0.000000 0.000000 57.325944 144.000000 0.000000 0.000000 0.000000 
-49.400000 0.351786 0.000000 0.824757 0.000000 0.000000 57.274818 144.000000 0.000000 0.000000 0.000000 
-50.200000 0.357143 0.000000 0.824016 0.000000 0.000000 57.223312 144.000000 0.000000 0.000000 0.000000 
-50.400000 0.358929 0.000000 0.825494 0.000000 0.000000 57.325944 144.000000 0.000000 0.000000 0.000000 
-51.200000 0.364286 0.000000 0.824757 0.000000 0.000000 57.274818 144.000000 0.000000 0.000000 0.000000 
-52.000000 0.369643 0.000000 0.824016 0.000000 0.000000 57.223312 144.000000 0.000000 0.000000 0.000000 
-52.200000 0.371429 0.000000 0.825494 0.000000 0.000000 57.325944 144.000000 0.000000 0.000000 0.000000 
-53.000000 0.376786 0.000000 0.824757 0.000000 0.000000 57.274818 144.000000 0.000000 0.000000 0.000000 
-53.800000 0.382143 0.000000 0.824016 0.000000 0.000000 57.223312 144.000000 0.000000 0.000000 0.000000 
-54.000000 0.383929 0.000000 0.825494 0.000000 0.000000 57.325944 144.000000 0.000000 0.000000 0.000000 
-54.800000 0.389286 0.000000 0.824757 0.000000 0.000000 57.274818 144.000000 0.000000 0.000000 0.000000 
-55.600000 0.394643 0.000000 0.824016 0.000000 0.000000 57.223312 144.000000 0.000000 0.000000 0.000000 
-55.800000 0.396429 0.000000 0.825494 0.000000 0.000000 57.325944 144.000000 0.000000 0.000000 0.000000 
-57.000000 0.401786 0.000000 0.824949 0.000000 0.000000 56.893017 145.000000 0.000000 0.000000 0.000000 
-57.800000 0.407143 0.000000 0.824348 0.000000 0.000000 56.851578 145.000000 0.000000 0.000000 0.000000 
-58.000000 0.408929 0.000000 0.825866 0.000000 0.000000 56.956286 145.000000 0.000000 0.000000 0.000000 
-58.800000 0.414286 0.000000 0.825271 0.000000 0.000000 56.915227 145.000000 0.000000 0.000000 0.000000 
-59.600000 0.419643 0.000000 0.824672 0.000000 0.000000 56.873922 145.000000 0.000000 0.000000 0.000000 
