39.400000 -0.433929 0.000000 0.725198 0.000000 0.000000 77.978296 93.000000 0.000000 0.000000 0.000000 
38.400000 -0.423214 0.000000 0.724998 0.000000 0.000000 77.956794 93.000000 0.000000 0.000000 0.000000 
37.400000 -0.412500 0.000000 0.724798 0.000000 0.000000 77.935267 93.000000 0.000000 0.000000 0.000000 
36.400000 -0.401786 0.000000 0.724598 0.000000 0.000000 77.913716 93.000000 0.000000 0.000000 0.000000 
35.800000 -0.391071 0.000000 0.725438 0.000000 0.000000 77.174290 94.000000 0.000000 0.000000 0.000000 
34.800000 -0.380357 0.000000 0.725837 0.000000 0.000000 77.216688 94.000000 0.000000 0.000000 0.000000 
34.600000 -0.378571 0.000000 0.724036 0.000000 0.000000 77.025122 94.000000 0.000000 0.000000 0.000000 
33.600000 -0.367857 0.000000 0.724438 0.000000 0.000000 77.067864 94.000000 0.000000 0.000000 0.000000 
32.600000 -0.357143 0.000000 0.724839 0.000000 0.000000 77.110508 94.000000 0.000000 0.000000 0.000000 
31.600000 -0.346429 0.000000 0.725239 0.000000 0.000000 77.153054 94.000000 0.000000 0.000000 0.000000 
30.600000 -0.335714 0.000000 0.725638 0.000000 0.000000 77.195501 94.000000 0.000000 0.000000 0.000000 
29.400000 -0.323214 0.000000 0.724237 0.000000 0.000000 77.046505 94.000000 0.000000 0.000000 0.000000 
28.400000 -0.312500 0.000000 0.724638 0.000000 0.000000 77.089198 94.000000 0.000000 0.000000 0.000000 
27.400000 -0.301786 0.000000 0.725039 0.000000 0.000000 77.131793 94.000000 0.000000 0.000000 0.000000 
26.400000 -0.291071 0.000000 0.725438 0.000000 0.000000 77.174290 94.000000 0.000000 0.000000 0.000000 
26.000000 -0.283929 0.000000 0.725274 0.000000 0.000000 76.344597 95.000000 0.000000 0.000000 0.000000 
24.800000 -0.271429 0.000000 0.724574 0.000000 0.000000 76.270903 95.000000 0.000000 0.000000 0.000000 
23.800000 -0.260714 0.000000 0.725573 0.000000 0.000000 76.376089 95.000000 0.000000 0.000000 0.000000 
22.600000 -0.248214 0.000000 0.724874 0.000000 0.000000 76.302523 95.000000 0.000000 0.000000 0.000000 
21.600000 -0.237500 0.000000 0.725872 0.000000 0.000000 76.407527 95.000000 0.000000 0.000000 0.000000 
21.400000 -0.235714 0.000000 0.724172 0.000000 0.000000 76.228659 95.000000 0.000000 0.000000 0.000000 
20.400000 -0.225000 0.000000 0.725174 0.000000 0.000000 76.334087 95.000000 0.000000 0.000000 0.000000 
19.600000 -0.214286 0.000000 0.725901 0.000000 0.000000 75.614656 96.000000 0.000000 0.000000 0.000000 
19.400000 -0.212500 0.000000 0.724303 0.000000 0.000000 75.448199 96.000000 0.000000 0.000000 0.000000 
18.400000 -0.201786 0.000000 0.725901 0.000000 0.000000 75.614656 96.000000 0.000000 0.000000 0.000000 
18.200000 -0.200000 0.000000 0.724303 0.000000 0.000000 75.448199 96.000000 0.000000 0.000000 0.000000 
17.200000 -0.189286 0.000000 0.725901 0.000000 0.000000 75.614656 96.000000 0.000000 0.000000 0.000000 
17.000000 -0.187500 0.000000 0.724303 0.000000 0.000000 75.448199 96.000000 0.000000 0.000000 0.000000 
15.800000 -0.173214 0.000000 0.724728 0.000000 0.000000 74.714230 97.000000 0.000000 0.000000 0.000000 
14.600000 -0.160714 0.000000 0.725427 0.000000 0.000000 74.786290 97.000000 0.000000 0.000000 0.000000 
13.000000 -0.142857 0.000000 0.725346 0.000000 0.000000 74.014923 98.000000 0.000000 0.000000 0.000000 
11.200000 -0.123214 0.000000 0.725957 0.000000 0.000000 73.328964 99.000000 0.000000 0.000000 0.000000 
11.000000 -0.121429 0.000000 0.724661 0.000000 0.000000 73.198107 99.000000 0.000000 0.000000 0.000000 
10.600000 -0.116071 0.000000 0.725965 0.000000 0.000000 72.596527 100.000000 0.000000 0.000000 0.000000 
10.400000 -0.114286 0.000000 0.724770 0.000000 0.000000 72.477024 100.000000 0.000000 0.000000 0.000000 
7.400000 -0.082143 0.000000 0.724468 0.000000 0.000000 70.336710 103.000000 0.000000 0.000000 0.000000 
6.200000 -0.069643 0.000000 0.725951 0.000000 0.000000 69.803002 104.000000 0.000000 0.000000 0.000000 
6.000000 -0.067857 0.000000 0.725156 0.000000 0.000000 69.726578 104.000000 0.000000 0.000000 0.000000 
4.800000 -0.055357 0.000000 0.725520 0.000000 0.000000 68.445263 106.000000 0.000000 0.000000 0.000000 
3.000000 -0.037500 0.000000 0.724203 0.000000 0.000000 65.836676 110.000000 0.000000 0.000000 0.000000 
2.800000 -0.035714 0.000000 0.724003 0.000000 0.000000 65.818493 110.000000 0.000000 0.000000 0.000000 
-1.400000 0.001786 0.000000 0.724695 0.000000 0.000000 60.898704 119.000000 0.000000 0.000000 0.000000 
-3.200000 0.016071 0.000000 0.724375 0.000000 0.000000 58.892303 123.000000 0.000000 0.000000 0.000000 
-4.600000 0.026786 0.000000 0.725490 0.000000 0.000000 57.578532 126.000000 0.000000 0.000000 0.000000 
-6.800000 0.042857 0.000000 0.724096 0.000000 0.000000 56.131484 129.000000 0.000000 0.000000 0.000000 
-8.600000 0.055357 0.000000 0.724064 0.000000 0.000000 54.853348 132.000000 0.000000 0.000000 0.000000 
-9.600000 0.062500 0.000000 0.724743 0.000000 0.000000 54.491924 133.000000 0.000000 0.000000 0.000000 
-10.400000 0.067857 0.000000 0.724028 0.000000 0.000000 54.031960 134.000000 0.000000 0.000000 0.000000 
-12.400000 0.082143 0.000000 0.724205 0.000000 0.000000 53.644804 135.000000 0.000000 0.000000 0.000000 
-13.200000 0.087500 0.000000 0.725170 0.000000 0.000000 53.321348 136.000000 0.000000 0.000000 0.000000 
-15.000000 0.100000 0.000000 0.725537 0.000000 0.000000 52.958913 137.000000 0.000000 0.000000 0.000000 
-15.600000 0.103571 0.000000 0.725507 0.000000 0.000000 52.572943 138.000000 0.000000 0.000000 0.000000 
-16.600000 0.110714 0.000000 0.724717 0.000000 0.000000 52.515692 138.000000 0.000000 0.000000 0.000000 
-18.200000 0.121429 0.000000 0.725079 0.000000 0.000000 52.163949 139.000000 0.000000 0.000000 0.000000 
-19.200000 0.128571 0.000000 0.724683 0.000000 0.000000 52.135497 139.000000 0.000000 0.000000 0.000000 
-24.000000 0.160714 0.000000 0.724807 0.000000 0.000000 51.404764 141.000000 0.000000 0.000000 0.000000 
-25.000000 0.167857 0.000000 0.725202 0.000000 0.000000 51.432781 141.000000 0.000000 0.000000 0.000000 
-26.000000 0.175000 0.000000 0.725596 0.000000 0.000000 51.460733 141.000000 0.000000 0.000000 0.000000 
-27.200000 0.182143 0.000000 0.725359 0.000000 0.000000 51.081586 142.000000 0.000000 0.000000 0.000000 
-30.000000 0.201786 0.000000 0.724766 0.000000 0.000000 51.039880 142.000000 0.000000 0.000000 0.000000 
-31.000000 0.208929 0.000000 0.725555 0.000000 0.000000 51.095457 142.000000 0.000000 0.000000 0.000000 
-32.800000 0.221429 0.000000 0.724172 0.000000 0.000000 50.998029 142.000000 0.000000 0.000000 0.000000 
-34.800000 0.233929 0.000000 0.725019 0.000000 0.000000 50.700650 143.000000 0.000000 0.000000 0.000000 
-36.600000 0.246429 0.000000 0.724327 0.000000 0.000000 50.652232 143.000000 0.000000 0.000000 0.000000 
-37.600000 0.253571 0.000000 0.725512 0.000000 0.000000 50.735114 143.000000 0.000000 0.000000 0.000000 
-39.400000 0.266071 0.000000 0.724822 0.000000 0.000000 50.686836 143.000000 0.000000 0.000000 0.000000 
-41.200000 0.278571 0.000000 0.724129 0.000000 0.000000 50.638363 143.000000 0.000000 0.000000 0.000000 
-43.000000 0.289286 0.000000 0.725663 0.000000 0.000000 50.393269 144.000000 0.000000 0.000000 0.000000 
-43.800000 0.294643 0.000000 0.724083 0.000000 0.000000 50.283519 144.000000 0.000000 0.000000 0.000000 
-44.800000 0.301786 0.000000 0.725663 0.000000 0.000000 50.393269 144.000000 0.000000 0.000000 0.000000 
-45.600000 0.307143 0.000000 0.724083 0.000000 0.000000 50.283519 144.000000 0.000000 0.000000 0.000000 
-46.600000 0.314286 0.000000 0.725663 0.000000 0.000000 50.393269 144.000000 0.000000 0.000000 0.000000 
-47.400000 0.319643 0.000000 0.724083 0.000000 0.000000 50.283519 144.000000 0.000000 0.000000 0.000000 
-48.400000 0.326786 0.000000 0.725663 0.000000 0.000000 50.393269 144.000000 0.000000 0.000000 0.000000 
-49.200000 0.332143 0.000000 0.724083 0.000000 0.000000 50.283519 144.000000 0.000000 0.000000 0.000000 
-50.200000 0.339286 0.000000 0.725663 0.000000 0.000000 50.393269 144.000000 0.000000 0.000000 0.000000 
-51.000000 0.344643 0.000000 0.724083 0.000000 0.000000 50.283519 144.000000 0.000000 0.000000 0.000000 
-52.000000 0.351786 0.000000 0.725663 0.000000 0.000000 50.393269 144.000000 0.000000 0.000000 0.000000 
-52.800000 0.357143 0.000000 0.724083 0.000000 0.000000 50.283519 144.000000 0.000000 0.000000 0.000000 
-53.800000 0.364286 0.000000 0.725663 0.000000 0.000000 50.393269 144.000000 0.000000 0.000000 0.000000 
-54.600000 0.369643 0.000000 0.724083 0.000000 0.000000 50.283519 144.000000 0.000000 0.000000 0.000000 
-55.600000 0.376786 0.000000 0.725663 0.000000 0.000000 50.393269 144.000000 0.000000 0.000000 0.000000 
-56.400000 0.382143 0.000000 0.724083 0.000000 0.000000 50.283519 144.000000 0.000000 0.000000 0.000000 
-57.400000 0.389286 0.000000 0.725663 0.000000 0.000000 50.393269 144.000000 0.000000 0.000000 0.000000 
-58.200000 0.394643 0.000000 0.724083 0.000000 0.000000 50.283519 144.000000 0.000000 0.000000 0.000000 
