39.600000 -0.444643 0.000000 0.674290 0.000000 0.000000 72.504282 93.000000 0.000000 0.000000 0.000000 
38.600000 -0.433929 0.000000 0.674030 0.000000 0.000000 72.476351 93.000000 0.000000 0.000000 0.000000 
36.800000 -0.414286 0.000000 0.675971 0.000000 0.000000 72.685030 93.000000 0.000000 0.000000 0.000000 
35.800000 -0.403571 0.000000 0.675713 0.000000 0.000000 72.657313 93.000000 0.000000 0.000000 0.000000 
35.000000 -0.391071 0.000000 0.674362 0.000000 0.000000 71.740607 94.000000 0.000000 0.000000 0.000000 
34.000000 -0.380357 0.000000 0.674880 0.000000 0.000000 71.795742 94.000000 0.000000 0.000000 0.000000 
33.000000 -0.369643 0.000000 0.675397 0.000000 0.000000 71.850747 94.000000 0.000000 0.000000 0.000000 
32.000000 -0.358929 0.000000 0.675913 0.000000 0.000000 71.905621 94.000000 0.000000 0.000000 0.000000 
30.800000 -0.346429 0.000000 0.674102 0.000000 0.000000 71.712990 94.000000 0.000000 0.000000 0.000000 
29.800000 -0.335714 0.000000 0.674621 0.000000 0.000000 71.768191 94.000000 0.000000 0.000000 0.000000 
28.800000 -0.325000 0.000000 0.675139 0.000000 0.000000 71.823261 94.000000 0.000000 0.000000 0.000000 
27.800000 -0.314286 0.000000 0.675655 0.000000 0.000000 71.878200 94.000000 0.000000 0.000000 0.000000 
25.600000 -0.291071 0.000000 0.674362 0.000000 0.000000 71.740607 94.000000 0.000000 0.000000 0.000000 
25.200000 -0.283929 0.000000 0.674167 0.000000 0.000000 70.964901 95.000000 0.000000 0.000000 0.000000 
24.200000 -0.273214 0.000000 0.675461 0.000000 0.000000 71.101128 95.000000 0.000000 0.000000 0.000000 
23.000000 -0.260714 0.000000 0.674556 0.000000 0.000000 71.005854 95.000000 0.000000 0.000000 0.000000 
22.000000 -0.250000 0.000000 0.675847 0.000000 0.000000 71.141839 95.000000 0.000000 0.000000 0.000000 
20.800000 -0.237500 0.000000 0.674944 0.000000 0.000000 71.046734 95.000000 0.000000 0.000000 0.000000 
19.600000 -0.225000 0.000000 0.674037 0.000000 0.000000 70.951234 95.000000 0.000000 0.000000 0.000000 
18.800000 -0.214286 0.000000 0.675001 0.000000 0.000000 70.312561 96.000000 0.000000 0.000000 0.000000 
17.600000 -0.201786 0.000000 0.675001 0.000000 0.000000 70.312561 96.000000 0.000000 0.000000 0.000000 
16.400000 -0.189286 0.000000 0.675001 0.000000 0.000000 70.312561 96.000000 0.000000 0.000000 0.000000 
15.200000 -0.175000 0.000000 0.675437 0.000000 0.000000 69.632703 97.000000 0.000000 0.000000 0.000000 
13.800000 -0.160714 0.000000 0.674403 0.000000 0.000000 69.526082 97.000000 0.000000 0.000000 0.000000 
12.200000 -0.142857 0.000000 0.674316 0.000000 0.000000 68.807759 98.000000 0.000000 0.000000 0.000000 
10.400000 -0.123214 0.000000 0.675128 0.000000 0.000000 68.194709 99.000000 0.000000 0.000000 0.000000 
9.800000 -0.116071 0.000000 0.675156 0.000000 0.000000 67.515619 100.000000 0.000000 0.000000 0.000000 
5.400000 -0.069643 0.000000 0.675205 0.000000 0.000000 64.923583 104.000000 0.000000 0.000000 0.000000 
5.200000 -0.067857 0.000000 0.674172 0.000000 0.000000 64.824220 104.000000 0.000000 0.000000 0.000000 
4.200000 -0.057143 0.000000 0.675450 0.000000 0.000000 63.721687 106.000000 0.000000 0.000000 0.000000 
4.000000 -0.055357 0.000000 0.674677 0.000000 0.000000 63.648733 106.000000 0.000000 0.000000 0.000000 
2.600000 -0.041071 0.000000 0.675900 0.000000 0.000000 62.009189 109.000000 0.000000 0.000000 0.000000 
2.400000 -0.039286 0.000000 0.675515 0.000000 0.000000 61.973847 109.000000 0.000000 0.000000 0.000000 
-2.400000 0.003571 0.000000 0.675512 0.000000 0.000000 56.292669 120.000000 0.000000 0.000000 0.000000 
-5.400000 0.026786 0.000000 0.674917 0.000000 0.000000 53.564821 126.000000 0.000000 0.000000 0.000000 
-6.600000 0.035714 0.000000 0.675709 0.000000 0.000000 52.789780 128.000000 0.000000 0.000000 0.000000 
-8.600000 0.050000 0.000000 0.675714 0.000000 0.000000 51.581198 131.000000 0.000000 0.000000 0.000000 
-9.600000 0.057143 0.000000 0.675707 0.000000 0.000000 51.189947 132.000000 0.000000 0.000000 0.000000 
-10.400000 0.062500 0.000000 0.674030 0.000000 0.000000 50.678915 133.000000 0.000000 0.000000 0.000000 
-11.400000 0.069643 0.000000 0.675938 0.000000 0.000000 50.443164 134.000000 0.000000 0.000000 0.000000 
-12.200000 0.075000 0.000000 0.675921 0.000000 0.000000 50.068194 135.000000 0.000000 0.000000 0.000000 
-14.000000 0.087500 0.000000 0.674619 0.000000 0.000000 49.604375 136.000000 0.000000 0.000000 0.000000 
-15.800000 0.100000 0.000000 0.675107 0.000000 0.000000 49.277899 137.000000 0.000000 0.000000 0.000000 
-16.400000 0.103571 0.000000 0.675079 0.000000 0.000000 48.918739 138.000000 0.000000 0.000000 0.000000 
-17.400000 0.110714 0.000000 0.674052 0.000000 0.000000 48.844344 138.000000 0.000000 0.000000 0.000000 
-19.000000 0.121429 0.000000 0.674534 0.000000 0.000000 48.527607 139.000000 0.000000 0.000000 0.000000 
-20.000000 0.128571 0.000000 0.674020 0.000000 0.000000 48.490634 139.000000 0.000000 0.000000 0.000000 
-24.800000 0.160714 0.000000 0.674202 0.000000 0.000000 47.815759 141.000000 0.000000 0.000000 0.000000 
-25.800000 0.167857 0.000000 0.674716 0.000000 0.000000 47.852164 141.000000 0.000000 0.000000 0.000000 
-26.800000 0.175000 0.000000 0.675228 0.000000 0.000000 47.888483 141.000000 0.000000 0.000000 0.000000 
-28.000000 0.182143 0.000000 0.674929 0.000000 0.000000 47.530228 142.000000 0.000000 0.000000 0.000000 
-29.000000 0.189286 0.000000 0.675951 0.000000 0.000000 47.602186 142.000000 0.000000 0.000000 0.000000 
-30.800000 0.201786 0.000000 0.674160 0.000000 0.000000 47.476036 142.000000 0.000000 0.000000 0.000000 
-31.800000 0.208929 0.000000 0.675185 0.000000 0.000000 47.548250 142.000000 0.000000 0.000000 0.000000 
-35.600000 0.233929 0.000000 0.674499 0.000000 0.000000 47.167761 143.000000 0.000000 0.000000 0.000000 
-38.400000 0.253571 0.000000 0.675139 0.000000 0.000000 47.212541 143.000000 0.000000 0.000000 0.000000 
-40.200000 0.266071 0.000000 0.674242 0.000000 0.000000 47.149812 143.000000 0.000000 0.000000 0.000000 
-41.200000 0.273214 0.000000 0.675778 0.000000 0.000000 47.257189 143.000000 0.000000 0.000000 0.000000 
-43.800000 0.289286 0.000000 0.675346 0.000000 0.000000 46.899019 144.000000 0.000000 0.000000 0.000000 
-45.600000 0.301786 0.000000 0.675346 0.000000 0.000000 46.899019 144.000000 0.000000 0.000000 0.000000 
-47.400000 0.314286 0.000000 0.675346 0.000000 0.000000 46.899019 144.000000 0.000000 0.000000 0.000000 
-49.200000 0.326786 0.000000 0.675346 0.000000 0.000000 46.899019 144.000000 0.000000 0.000000 0.000000 
-51.000000 0.339286 0.000000 0.675346 0.000000 0.000000 46.899019 144.000000 0.000000 0.000000 0.000000 
-52.800000 0.351786 0.000000 0.675346 0.000000 0.000000 46.899019 144.000000 0.000000 0.000000 0.000000 
-54.600000 0.364286 0.000000 0.675346 0.000000 0.000000 46.899019 144.000000 0.000000 0.000000 0.000000 
-56.400000 0.376786 0.000000 0.675346 0.000000 0.000000 46.899019 144.000000 0.000000 0.000000 0.000000 
-58.200000 0.389286 0.000000 0.675346 0.000000 0.000000 46.899019 144.000000 0.000000 0.000000 0.000000 
