39.800000 -0.378571 0.000000 0.875907 0.000000 0.000000 93.181606 94.000000 0.000000 0.000000 0.000000 
39.600000 -0.376786 0.000000 0.875443 0.000000 0.000000 93.132226 94.000000 0.000000 0.000000 0.000000 
39.400000 -0.375000 0.000000 0.874976 0.000000 0.000000 93.082516 94.000000 0.000000 0.000000 0.000000 
39.200000 -0.373214 0.000000 0.874505 0.000000 0.000000 93.032473 94.000000 0.000000 0.000000 0.000000 
39.000000 -0.371429 0.000000 0.874032 0.000000 0.000000 92.982095 94.000000 0.000000 0.000000 0.000000 
38.600000 -0.366071 0.000000 0.875546 0.000000 0.000000 93.143228 94.000000 0.000000 0.000000 0.000000 
38.400000 -0.364286 0.000000 0.875080 0.000000 0.000000 93.093591 94.000000 0.000000 0.000000 0.000000 
38.200000 -0.362500 0.000000 0.874610 0.000000 0.000000 93.043623 94.000000 0.000000 0.000000 0.000000 
38.000000 -0.360714 0.000000 0.874137 0.000000 0.000000 92.993319 94.000000 0.000000 0.000000 0.000000 
37.600000 -0.355357 0.000000 0.875650 0.000000 0.000000 93.154213 94.000000 0.000000 0.000000 0.000000 
37.400000 -0.353571 0.000000 0.875184 0.000000 0.000000 93.104650 94.000000 0.000000 0.000000 0.000000 
37.200000 -0.351786 0.000000 0.874715 0.000000 0.000000 93.054756 94.000000 0.000000 0.000000 0.000000 
37.000000 -0.350000 0.000000 0.874243 0.000000 0.000000 93.004527 94.000000 0.000000 0.000000 0.000000 
36.600000 -0.344643 0.000000 0.875753 0.000000 0.000000 93.165183 94.000000 0.000000 0.000000 0.000000 
36.400000 -0.342857 0.000000 0.875288 0.000000 0.000000 93.115693 94.000000 0.000000 0.000000 0.000000 
36.200000 -0.341071 0.000000 0.874819 0.000000 0.000000 93.065872 94.000000 0.000000 0.000000 0.000000 
36.000000 -0.339286 0.000000 0.874348 0.000000 0.000000 93.015718 94.000000 0.000000 0.000000 0.000000 
35.600000 -0.333929 0.000000 0.875856 0.000000 0.000000 93.176136 94.000000 0.000000 0.000000 0.000000 
35.400000 -0.332143 0.000000 0.875391 0.000000 0.000000 93.126719 94.000000 0.000000 0.000000 0.000000 
35.200000 -0.330357 0.000000 0.874924 0.000000 0.000000 93.076972 94.000000 0.000000 0.000000 0.000000 
35.000000 -0.328571 0.000000 0.874453 0.000000 0.000000 93.026892 94.000000 0.000000 0.000000 0.000000 
34.600000 -0.323214 0.000000 0.875958 0.000000 0.000000 93.187073 94.000000 0.000000 0.000000 0.000000 
34.400000 -0.321429 0.000000 0.875495 0.000000 0.000000 93.137729 94.000000 0.000000 0.000000 0.000000 
34.200000 -0.319643 0.000000 0.875028 0.000000 0.000000 93.088056 94.000000 0.000000 0.000000 0.000000 
34.000000 -0.317857 0.000000 0.874558 0.000000 0.000000 93.038050 94.000000 0.000000 0.000000 0.000000 
33.800000 -0.316071 0.000000 0.874084 0.000000 0.000000 92.987709 94.000000 0.000000 0.000000 0.000000 
33.400000 -0.310714 0.000000 0.875598 0.000000 0.000000 93.148722 94.000000 0.000000 0.000000 0.000000 
33.200000 -0.308929 0.000000 0.875132 0.000000 0.000000 93.099123 94.000000 0.000000 0.000000 0.000000 
33.000000 -0.307143 0.000000 0.874662 0.000000 0.000000 93.049191 94.000000 0.000000 0.000000 0.000000 
32.800000 -0.305357 0.000000 0.874190 0.000000 0.000000 92.998925 94.000000 0.000000 0.000000 0.000000 
32.400000 -0.300000 0.000000 0.875701 0.000000 0.000000 93.159700 94.000000 0.000000 0.000000 0.000000 
32.200000 -0.298214 0.000000 0.875236 0.000000 0.000000 93.110173 94.000000 0.000000 0.000000 0.000000 
32.000000 -0.296429 0.000000 0.874767 0.000000 0.000000 93.060316 94.000000 0.000000 0.000000 0.000000 
31.800000 -0.294643 0.000000 0.874295 0.000000 0.000000 93.010125 94.000000 0.000000 0.000000 0.000000 
31.400000 -0.289286 0.000000 0.875804 0.000000 0.000000 93.170661 94.000000 0.000000 0.000000 0.000000 
31.200000 -0.287500 0.000000 0.875339 0.000000 0.000000 93.121208 94.000000 0.000000 0.000000 0.000000 
31.000000 -0.285714 0.000000 0.874871 0.000000 0.000000 93.071424 94.000000 0.000000 0.000000 0.000000 
31.000000 -0.282143 0.000000 0.875744 0.000000 0.000000 92.183551 95.000000 0.000000 0.000000 0.000000 
30.800000 -0.280357 0.000000 0.875305 0.000000 0.000000 92.137344 95.000000 0.000000 0.000000 0.000000 
30.600000 -0.278571 0.000000 0.874863 0.000000 0.000000 92.090844 95.000000 0.000000 0.000000 0.000000 
30.400000 -0.276786 0.000000 0.874418 0.000000 0.000000 92.044051 95.000000 0.000000 0.000000 0.000000 
29.800000 -0.269643 0.000000 0.875563 0.000000 0.000000 92.164560 95.000000 0.000000 0.000000 0.000000 
29.600000 -0.267857 0.000000 0.875123 0.000000 0.000000 92.118232 95.000000 0.000000 0.000000 0.000000 
29.400000 -0.266071 0.000000 0.874680 0.000000 0.000000 92.071612 95.000000 0.000000 0.000000 0.000000 
29.200000 -0.264286 0.000000 0.874235 0.000000 0.000000 92.024698 95.000000 0.000000 0.000000 0.000000 
28.800000 -0.258929 0.000000 0.875821 0.000000 0.000000 92.191676 95.000000 0.000000 0.000000 0.000000 
28.600000 -0.257143 0.000000 0.875382 0.000000 0.000000 92.145519 95.000000 0.000000 0.000000 0.000000 
28.400000 -0.255357 0.000000 0.874941 0.000000 0.000000 92.099071 95.000000 0.000000 0.000000 0.000000 
28.200000 -0.253571 0.000000 0.874497 0.000000 0.000000 92.052330 95.000000 0.000000 0.000000 0.000000 
28.000000 -0.251786 0.000000 0.874050 0.000000 0.000000 92.005293 95.000000 0.000000 0.000000 0.000000 
27.600000 -0.246429 0.000000 0.875641 0.000000 0.000000 92.172705 95.000000 0.000000 0.000000 0.000000 
27.400000 -0.244643 0.000000 0.875201 0.000000 0.000000 92.126429 95.000000 0.000000 0.000000 0.000000 
27.200000 -0.242857 0.000000 0.874759 0.000000 0.000000 92.079861 95.000000 0.000000 0.000000 0.000000 
27.000000 -0.241071 0.000000 0.874313 0.000000 0.000000 92.032998 95.000000 0.000000 0.000000 0.000000 
26.600000 -0.235714 0.000000 0.875898 0.000000 0.000000 92.199791 95.000000 0.000000 0.000000 0.000000 
26.400000 -0.233929 0.000000 0.875460 0.000000 0.000000 92.153685 95.000000 0.000000 0.000000 0.000000 
26.200000 -0.232143 0.000000 0.875019 0.000000 0.000000 92.107289 95.000000 0.000000 0.000000 0.000000 
26.000000 -0.230357 0.000000 0.874576 0.000000 0.000000 92.060600 95.000000 0.000000 0.000000 0.000000 
25.800000 -0.228571 0.000000 0.874129 0.000000 0.000000 92.013616 95.000000 0.000000 0.000000 0.000000 
25.400000 -0.223214 0.000000 0.875718 0.000000 0.000000 92.180841 95.000000 0.000000 0.000000 0.000000 
25.400000 -0.221429 0.000000 0.875062 0.000000 0.000000 91.152299 96.000000 0.000000 0.000000 0.000000 
25.200000 -0.219643 0.000000 0.874645 0.000000 0.000000 91.108884 96.000000 0.000000 0.000000 0.000000 
25.000000 -0.217857 0.000000 0.874226 0.000000 0.000000 91.065210 96.000000 0.000000 0.000000 0.000000 
24.600000 -0.212500 0.000000 0.875888 0.000000 0.000000 91.238363 96.000000 0.000000 0.000000 0.000000 
24.400000 -0.210714 0.000000 0.875476 0.000000 0.000000 91.195458 96.000000 0.000000 0.000000 0.000000 
24.200000 -0.208929 0.000000 0.875062 0.000000 0.000000 91.152299 96.000000 0.000000 0.000000 0.000000 
24.000000 -0.207143 0.000000 0.874645 0.000000 0.000000 91.108884 96.000000 0.000000 0.000000 0.000000 
23.800000 -0.205357 0.000000 0.874226 0.000000 0.000000 91.065210 96.000000 0.000000 0.000000 0.000000 
23.400000 -0.200000 0.000000 0.875888 0.000000 0.000000 91.238363 96.000000 0.000000 0.000000 0.000000 
23.200000 -0.198214 0.000000 0.875476 0.000000 0.000000 91.195458 96.000000 0.000000 0.000000 0.000000 
23.000000 -0.196429 0.000000 0.875062 0.000000 0.000000 91.152299 96.000000 0.000000 0.000000 0.000000 
22.800000 -0.194643 0.000000 0.874645 0.000000 0.000000 91.108884 96.000000 0.000000 0.000000 0.000000 
22.600000 -0.192857 0.000000 0.874226 0.000000 0.000000 91.065210 96.000000 0.000000 0.000000 0.000000 
22.200000 -0.187500 0.000000 0.875888 0.000000 0.000000 91.238363 96.000000 0.000000 0.000000 0.000000 
22.000000 -0.185714 0.000000 0.875476 0.000000 0.000000 91.195458 96.000000 0.000000 0.000000 0.000000 
21.800000 -0.183929 0.000000 0.875062 0.000000 0.000000 91.152299 96.000000 0.000000 0.000000 0.000000 
21.600000 -0.182143 0.000000 0.874645 0.000000 0.000000 91.108884 96.000000 0.000000 0.000000 0.000000 
21.600000 -0.180357 0.000000 0.874610 0.000000 0.000000 90.165939 97.000000 0.000000 0.000000 0.000000 
21.400000 -0.178571 0.000000 0.874217 0.000000 0.000000 90.125435 97.000000 0.000000 0.000000 0.000000 
21.000000 -0.173214 0.000000 0.875955 0.000000 0.000000 90.304622 97.000000 0.000000 0.000000 0.000000 
20.800000 -0.171429 0.000000 0.875569 0.000000 0.000000 90.264890 97.000000 0.000000 0.000000 0.000000 
20.600000 -0.169643 0.000000 0.875182 0.000000 0.000000 90.224938 97.000000 0.000000 0.000000 0.000000 
20.400000 -0.167857 0.000000 0.874792 0.000000 0.000000 90.184763 97.000000 0.000000 0.000000 0.000000 
20.200000 -0.166071 0.000000 0.874400 0.000000 0.000000 90.144365 97.000000 0.000000 0.000000 0.000000 
20.000000 -0.164286 0.000000 0.874006 0.000000 0.000000 90.103741 97.000000 0.000000 0.000000 0.000000 
19.600000 -0.158929 0.000000 0.875750 0.000000 0.000000 90.283459 97.000000 0.000000 0.000000 0.000000 
19.400000 -0.157143 0.000000 0.875363 0.000000 0.000000 90.243609 97.000000 0.000000 0.000000 0.000000 
19.200000 -0.155357 0.000000 0.874974 0.000000 0.000000 90.203539 97.000000 0.000000 0.000000 0.000000 
19.200000 -0.153571 0.000000 0.875352 0.000000 0.000000 89.321667 98.000000 0.000000 0.000000 0.000000 
19.000000 -0.151786 0.000000 0.874990 0.000000 0.000000 89.284679 98.000000 0.000000 0.000000 0.000000 
18.800000 -0.150000 0.000000 0.874625 0.000000 0.000000 89.247500 98.000000 0.000000 0.000000 0.000000 
18.600000 -0.148214 0.000000 0.874259 0.000000 0.000000 89.210127 98.000000 0.000000 0.000000 0.000000 
18.000000 -0.141071 0.000000 0.875713 0.000000 0.000000 89.358464 98.000000 0.000000 0.000000 0.000000 
17.800000 -0.139286 0.000000 0.875352 0.000000 0.000000 89.321667 98.000000 0.000000 0.000000 0.000000 
17.600000 -0.137500 0.000000 0.874990 0.000000 0.000000 89.284679 98.000000 0.000000 0.000000 0.000000 
17.400000 -0.135714 0.000000 0.874625 0.000000 0.000000 89.247500 98.000000 0.000000 0.000000 0.000000 
17.200000 -0.133929 0.000000 0.874259 0.000000 0.000000 89.210127 98.000000 0.000000 0.000000 0.000000 
17.200000 -0.132143 0.000000 0.874979 0.000000 0.000000 88.381693 99.000000 0.000000 0.000000 0.000000 
17.000000 -0.130357 0.000000 0.874641 0.000000 0.000000 88.347544 99.000000 0.000000 0.000000 0.000000 
16.800000 -0.128571 0.000000 0.874301 0.000000 0.000000 88.313231 99.000000 0.000000 0.000000 0.000000 
16.200000 -0.121429 0.000000 0.875855 0.000000 0.000000 88.470232 99.000000 0.000000 0.000000 0.000000 
16.000000 -0.119643 0.000000 0.875521 0.000000 0.000000 88.436510 99.000000 0.000000 0.000000 0.000000 
15.800000 -0.117857 0.000000 0.875186 0.000000 0.000000 88.402626 99.000000 0.000000 0.000000 0.000000 
15.600000 -0.114286 0.000000 0.875843 0.000000 0.000000 87.584305 100.000000 0.000000 0.000000 0.000000 
15.400000 -0.112500 0.000000 0.875535 0.000000 0.000000 87.553512 100.000000 0.000000 0.000000 0.000000 
15.200000 -0.110714 0.000000 0.875226 0.000000 0.000000 87.522582 100.000000 0.000000 0.000000 0.000000 
15.000000 -0.108929 0.000000 0.874915 0.000000 0.000000 87.491515 100.000000 0.000000 0.000000 0.000000 
14.800000 -0.107143 0.000000 0.874603 0.000000 0.000000 87.460309 100.000000 0.000000 0.000000 0.000000 
14.600000 -0.105357 0.000000 0.874290 0.000000 0.000000 87.428965 100.000000 0.000000 0.000000 0.000000 
14.400000 -0.101786 0.000000 0.875187 0.000000 0.000000 86.652226 101.000000 0.000000 0.000000 0.000000 
14.200000 -0.100000 0.000000 0.874903 0.000000 0.000000 86.624040 101.000000 0.000000 0.000000 0.000000 
14.000000 -0.098214 0.000000 0.874617 0.000000 0.000000 86.595739 101.000000 0.000000 0.000000 0.000000 
13.800000 -0.096429 0.000000 0.874330 0.000000 0.000000 86.567323 101.000000 0.000000 0.000000 0.000000 
13.600000 -0.094643 0.000000 0.874042 0.000000 0.000000 86.538791 101.000000 0.000000 0.000000 0.000000 
13.400000 -0.091071 0.000000 0.875149 0.000000 0.000000 85.798877 102.000000 0.000000 0.000000 0.000000 
13.200000 -0.089286 0.000000 0.874890 0.000000 0.000000 85.773514 102.000000 0.000000 0.000000 0.000000 
13.000000 -0.087500 0.000000 0.874630 0.000000 0.000000 85.748056 102.000000 0.000000 0.000000 0.000000 
12.800000 -0.085714 0.000000 0.874370 0.000000 0.000000 85.722504 102.000000 0.000000 0.000000 0.000000 
12.600000 -0.083929 0.000000 0.874108 0.000000 0.000000 85.696858 102.000000 0.000000 0.000000 0.000000 
12.600000 -0.082143 0.000000 0.875649 0.000000 0.000000 85.014477 103.000000 0.000000 0.000000 0.000000 
12.400000 -0.080357 0.000000 0.875418 0.000000 0.000000 84.992054 103.000000 0.000000 0.000000 0.000000 
12.200000 -0.078571 0.000000 0.875186 0.000000 0.000000 84.969556 103.000000 0.000000 0.000000 0.000000 
12.000000 -0.076786 0.000000 0.874954 0.000000 0.000000 84.946983 103.000000 0.000000 0.000000 0.000000 
11.800000 -0.075000 0.000000 0.874721 0.000000 0.000000 84.924335 103.000000 0.000000 0.000000 0.000000 
11.400000 -0.069643 0.000000 0.875992 0.000000 0.000000 84.230011 104.000000 0.000000 0.000000 0.000000 
11.200000 -0.067857 0.000000 0.875788 0.000000 0.000000 84.210386 104.000000 0.000000 0.000000 0.000000 
11.000000 -0.066071 0.000000 0.874718 0.000000 0.000000 83.306449 105.000000 0.000000 0.000000 0.000000 
10.800000 -0.064286 0.000000 0.874536 0.000000 0.000000 83.289142 105.000000 0.000000 0.000000 0.000000 
10.600000 -0.062500 0.000000 0.874354 0.000000 0.000000 83.271789 105.000000 0.000000 0.000000 0.000000 
10.200000 -0.057143 0.000000 0.875961 0.000000 0.000000 82.637816 106.000000 0.000000 0.000000 0.000000 
10.000000 -0.055357 0.000000 0.875808 0.000000 0.000000 82.623393 106.000000 0.000000 0.000000 0.000000 
9.800000 -0.053571 0.000000 0.874971 0.000000 0.000000 81.772971 107.000000 0.000000 0.000000 0.000000 
9.600000 -0.051786 0.000000 0.874842 0.000000 0.000000 81.760904 107.000000 0.000000 0.000000 0.000000 
9.400000 -0.050000 0.000000 0.874712 0.000000 0.000000 81.748814 107.000000 0.000000 0.000000 0.000000 
8.600000 -0.041071 0.000000 0.875935 0.000000 0.000000 80.361016 109.000000 0.000000 0.000000 0.000000 
8.400000 -0.039286 0.000000 0.875859 0.000000 0.000000 80.354018 109.000000 0.000000 0.000000 0.000000 
8.200000 -0.037500 0.000000 0.875330 0.000000 0.000000 79.575469 110.000000 0.000000 0.000000 0.000000 
8.000000 -0.035714 0.000000 0.875279 0.000000 0.000000 79.570810 110.000000 0.000000 0.000000 0.000000 
7.800000 -0.033929 0.000000 0.874823 0.000000 0.000000 78.812916 111.000000 0.000000 0.000000 0.000000 
7.600000 -0.032143 0.000000 0.874798 0.000000 0.000000 78.810592 111.000000 0.000000 0.000000 0.000000 
7.400000 -0.030357 0.000000 0.874772 0.000000 0.000000 78.808267 111.000000 0.000000 0.000000 0.000000 
7.200000 -0.028571 0.000000 0.874417 0.000000 0.000000 78.072918 112.000000 0.000000 0.000000 0.000000 
7.000000 -0.026786 0.000000 0.874417 0.000000 0.000000 78.072918 112.000000 0.000000 0.000000 0.000000 
6.800000 -0.025000 0.000000 0.874138 0.000000 0.000000 77.357320 113.000000 0.000000 0.000000 0.000000 
6.600000 -0.023214 0.000000 0.874164 0.000000 0.000000 77.359621 113.000000 0.000000 0.000000 0.000000 
6.200000 -0.019643 0.000000 0.874014 0.000000 0.000000 76.667877 114.000000 0.000000 0.000000 0.000000 
6.000000 -0.017857 0.000000 0.874066 0.000000 0.000000 76.672444 114.000000 0.000000 0.000000 0.000000 
5.600000 -0.014286 0.000000 0.874045 0.000000 0.000000 76.003956 115.000000 0.000000 0.000000 0.000000 
5.400000 -0.012500 0.000000 0.874025 0.000000 0.000000 75.346946 116.000000 0.000000 0.000000 0.000000 
5.200000 -0.010714 0.000000 0.874129 0.000000 0.000000 75.355907 116.000000 0.000000 0.000000 0.000000 
5.000000 -0.008929 0.000000 0.874185 0.000000 0.000000 74.716655 117.000000 0.000000 0.000000 0.000000 
4.800000 -0.007143 0.000000 0.874314 0.000000 0.000000 74.727727 117.000000 0.000000 0.000000 0.000000 
4.600000 -0.005357 0.000000 0.874447 0.000000 0.000000 74.105713 118.000000 0.000000 0.000000 0.000000 
4.400000 -0.003571 0.000000 0.874602 0.000000 0.000000 74.118827 118.000000 0.000000 0.000000 0.000000 
4.200000 -0.001786 0.000000 0.874811 0.000000 0.000000 73.513522 119.000000 0.000000 0.000000 0.000000 
4.000000 0.000000 0.000000 0.874990 0.000000 0.000000 73.528604 119.000000 0.000000 0.000000 0.000000 
3.800000 0.001786 0.000000 0.875169 0.000000 0.000000 73.543647 119.000000 0.000000 0.000000 0.000000 
3.600000 0.003571 0.000000 0.875477 0.000000 0.000000 72.956436 120.000000 0.000000 0.000000 0.000000 
3.400000 0.005357 0.000000 0.875680 0.000000 0.000000 72.973353 120.000000 0.000000 0.000000 0.000000 
2.400000 0.012500 0.000000 0.874147 0.000000 0.000000 71.651392 122.000000 0.000000 0.000000 0.000000 
2.200000 0.014286 0.000000 0.874689 0.000000 0.000000 71.112940 123.000000 0.000000 0.000000 0.000000 
2.000000 0.016071 0.000000 0.874971 0.000000 0.000000 71.135843 123.000000 0.000000 0.000000 0.000000 
1.800000 0.017857 0.000000 0.875581 0.000000 0.000000 70.611411 124.000000 0.000000 0.000000 0.000000 
1.600000 0.019643 0.000000 0.875885 0.000000 0.000000 70.635862 124.000000 0.000000 0.000000 0.000000 
1.000000 0.023214 0.000000 0.874046 0.000000 0.000000 69.923646 125.000000 0.000000 0.000000 0.000000 
0.800000 0.025000 0.000000 0.874381 0.000000 0.000000 69.950489 125.000000 0.000000 0.000000 0.000000 
0.600000 0.026786 0.000000 0.875174 0.000000 0.000000 69.458248 126.000000 0.000000 0.000000 0.000000 
0.400000 0.028571 0.000000 0.875529 0.000000 0.000000 69.486447 126.000000 0.000000 0.000000 0.000000 
-0.400000 0.033929 0.000000 0.874302 0.000000 0.000000 68.842712 127.000000 0.000000 0.000000 0.000000 
-0.600000 0.035714 0.000000 0.875272 0.000000 0.000000 68.380650 128.000000 0.000000 0.000000 0.000000 
-0.800000 0.037500 0.000000 0.875677 0.000000 0.000000 68.412286 128.000000 0.000000 0.000000 0.000000 
-1.400000 0.041071 0.000000 0.874299 0.000000 0.000000 67.775122 129.000000 0.000000 0.000000 0.000000 
-1.600000 0.042857 0.000000 0.874735 0.000000 0.000000 67.808921 129.000000 0.000000 0.000000 0.000000 
-1.800000 0.044643 0.000000 0.875873 0.000000 0.000000 67.374852 130.000000 0.000000 0.000000 0.000000 
-2.600000 0.050000 0.000000 0.875188 0.000000 0.000000 66.808220 131.000000 0.000000 0.000000 0.000000 
-2.800000 0.051786 0.000000 0.875668 0.000000 0.000000 66.844900 131.000000 0.000000 0.000000 0.000000 
-3.400000 0.055357 0.000000 0.874649 0.000000 0.000000 66.261302 132.000000 0.000000 0.000000 0.000000 
-3.600000 0.057143 0.000000 0.875159 0.000000 0.000000 66.299892 132.000000 0.000000 0.000000 0.000000 
-3.800000 0.058929 0.000000 0.875664 0.000000 0.000000 66.338200 132.000000 0.000000 0.000000 0.000000 
-4.400000 0.062500 0.000000 0.874798 0.000000 0.000000 65.774312 133.000000 0.000000 0.000000 0.000000 
-4.600000 0.064286 0.000000 0.875332 0.000000 0.000000 65.814414 133.000000 0.000000 0.000000 0.000000 
-4.800000 0.066071 0.000000 0.875861 0.000000 0.000000 65.854211 133.000000 0.000000 0.000000 0.000000 
-5.200000 0.067857 0.000000 0.874590 0.000000 0.000000 65.267884 134.000000 0.000000 0.000000 0.000000 
-5.400000 0.069643 0.000000 0.875150 0.000000 0.000000 65.309681 134.000000 0.000000 0.000000 0.000000 
-5.600000 0.071429 0.000000 0.875705 0.000000 0.000000 65.351143 134.000000 0.000000 0.000000 0.000000 
-6.200000 0.075000 0.000000 0.875119 0.000000 0.000000 64.823651 135.000000 0.000000 0.000000 0.000000 
-6.400000 0.076786 0.000000 0.875700 0.000000 0.000000 64.866668 135.000000 0.000000 0.000000 0.000000 
-7.000000 0.080357 0.000000 0.874020 0.000000 0.000000 64.742249 135.000000 0.000000 0.000000 0.000000 
-7.200000 0.082143 0.000000 0.874610 0.000000 0.000000 64.785949 135.000000 0.000000 0.000000 0.000000 
-7.800000 0.085714 0.000000 0.874221 0.000000 0.000000 64.280950 136.000000 0.000000 0.000000 0.000000 
-8.000000 0.087500 0.000000 0.874834 0.000000 0.000000 64.326057 136.000000 0.000000 0.000000 0.000000 
-8.200000 0.089286 0.000000 0.875442 0.000000 0.000000 64.370769 136.000000 0.000000 0.000000 0.000000 
-8.800000 0.092857 0.000000 0.875209 0.000000 0.000000 63.883873 137.000000 0.000000 0.000000 0.000000 
-9.000000 0.094643 0.000000 0.875839 0.000000 0.000000 63.929830 137.000000 0.000000 0.000000 0.000000 
-9.600000 0.098214 0.000000 0.874267 0.000000 0.000000 63.815079 137.000000 0.000000 0.000000 0.000000 
-9.800000 0.100000 0.000000 0.874905 0.000000 0.000000 63.861663 137.000000 0.000000 0.000000 0.000000 
-10.000000 0.101786 0.000000 0.875537 0.000000 0.000000 63.907823 137.000000 0.000000 0.000000 0.000000 
-10.400000 0.103571 0.000000 0.874873 0.000000 0.000000 63.396597 138.000000 0.000000 0.000000 0.000000 
-10.600000 0.105357 0.000000 0.875531 0.000000 0.000000 63.444248 138.000000 0.000000 0.000000 0.000000 
-11.200000 0.108929 0.000000 0.874004 0.000000 0.000000 63.333596 138.000000 0.000000 0.000000 0.000000 
-11.400000 0.110714 0.000000 0.874669 0.000000 0.000000 63.381844 138.000000 0.000000 0.000000 0.000000 
-11.600000 0.112500 0.000000 0.875329 0.000000 0.000000 63.429634 138.000000 0.000000 0.000000 0.000000 
-11.800000 0.114286 0.000000 0.875982 0.000000 0.000000 63.476973 138.000000 0.000000 0.000000 0.000000 
-12.800000 0.119643 0.000000 0.874049 0.000000 0.000000 62.881194 139.000000 0.000000 0.000000 0.000000 
-13.000000 0.121429 0.000000 0.874739 0.000000 0.000000 62.930874 139.000000 0.000000 0.000000 0.000000 
-13.200000 0.123214 0.000000 0.875423 0.000000 0.000000 62.980066 139.000000 0.000000 0.000000 0.000000 
-14.000000 0.128571 0.000000 0.874637 0.000000 0.000000 62.923545 139.000000 0.000000 0.000000 0.000000 
-14.200000 0.130357 0.000000 0.875322 0.000000 0.000000 62.972809 139.000000 0.000000 0.000000 0.000000 
-14.800000 0.133929 0.000000 0.875817 0.000000 0.000000 62.558389 140.000000 0.000000 0.000000 0.000000 
-15.400000 0.137500 0.000000 0.874400 0.000000 0.000000 62.457177 140.000000 0.000000 0.000000 0.000000 
-15.600000 0.139286 0.000000 0.875113 0.000000 0.000000 62.508042 140.000000 0.000000 0.000000 0.000000 
-15.800000 0.141071 0.000000 0.875817 0.000000 0.000000 62.558389 140.000000 0.000000 0.000000 0.000000 
-16.400000 0.144643 0.000000 0.874400 0.000000 0.000000 62.457177 140.000000 0.000000 0.000000 0.000000 
-16.600000 0.146429 0.000000 0.875113 0.000000 0.000000 62.508042 140.000000 0.000000 0.000000 0.000000 
-16.800000 0.148214 0.000000 0.875817 0.000000 0.000000 62.558389 140.000000 0.000000 0.000000 0.000000 
-17.400000 0.151786 0.000000 0.874400 0.000000 0.000000 62.457177 140.000000 0.000000 0.000000 0.000000 
-17.600000 0.153571 0.000000 0.875113 0.000000 0.000000 62.508042 140.000000 0.000000 0.000000 0.000000 
-18.000000 0.155357 0.000000 0.875256 0.000000 0.000000 62.074928 141.000000 0.000000 0.000000 0.000000 
-18.200000 0.157143 0.000000 0.875985 0.000000 0.000000 62.126565 141.000000 0.000000 0.000000 0.000000 
-18.800000 0.160714 0.000000 0.874623 0.000000 0.000000 62.029973 141.000000 0.000000 0.000000 0.000000 
-19.000000 0.162500 0.000000 0.875357 0.000000 0.000000 62.082083 141.000000 0.000000 0.000000 0.000000 
-19.800000 0.167857 0.000000 0.874724 0.000000 0.000000 62.037194 141.000000 0.000000 0.000000 0.000000 
-20.000000 0.169643 0.000000 0.875458 0.000000 0.000000 62.089227 141.000000 0.000000 0.000000 0.000000 
-20.600000 0.173214 0.000000 0.874086 0.000000 0.000000 61.991891 141.000000 0.000000 0.000000 0.000000 
-20.800000 0.175000 0.000000 0.874826 0.000000 0.000000 62.044404 141.000000 0.000000 0.000000 0.000000 
-21.000000 0.176786 0.000000 0.875559 0.000000 0.000000 62.096361 141.000000 0.000000 0.000000 0.000000 
-21.600000 0.180357 0.000000 0.874188 0.000000 0.000000 61.999168 141.000000 0.000000 0.000000 0.000000 
-22.000000 0.182143 0.000000 0.874742 0.000000 0.000000 61.601540 142.000000 0.000000 0.000000 0.000000 
-22.200000 0.183929 0.000000 0.875500 0.000000 0.000000 61.654944 142.000000 0.000000 0.000000 0.000000 
-22.800000 0.187500 0.000000 0.874180 0.000000 0.000000 61.562003 142.000000 0.000000 0.000000 0.000000 
-23.000000 0.189286 0.000000 0.874945 0.000000 0.000000 61.615839 142.000000 0.000000 0.000000 0.000000 
-23.200000 0.191071 0.000000 0.875701 0.000000 0.000000 61.669087 142.000000 0.000000 0.000000 0.000000 
-23.800000 0.194643 0.000000 0.874385 0.000000 0.000000 61.576417 142.000000 0.000000 0.000000 0.000000 
-24.000000 0.196429 0.000000 0.875147 0.000000 0.000000 61.630095 142.000000 0.000000 0.000000 0.000000 
-24.200000 0.198214 0.000000 0.875901 0.000000 0.000000 61.683188 142.000000 0.000000 0.000000 0.000000 
-24.800000 0.201786 0.000000 0.874589 0.000000 0.000000 61.590789 142.000000 0.000000 0.000000 0.000000 
-25.000000 0.203571 0.000000 0.875349 0.000000 0.000000 61.644310 142.000000 0.000000 0.000000 0.000000 
-25.600000 0.207143 0.000000 0.874027 0.000000 0.000000 61.551165 142.000000 0.000000 0.000000 0.000000 
-25.800000 0.208929 0.000000 0.874793 0.000000 0.000000 61.605119 142.000000 0.000000 0.000000 0.000000 
-26.000000 0.210714 0.000000 0.875550 0.000000 0.000000 61.658484 142.000000 0.000000 0.000000 0.000000 
-26.600000 0.214286 0.000000 0.874232 0.000000 0.000000 61.565611 142.000000 0.000000 0.000000 0.000000 
-26.800000 0.216071 0.000000 0.874996 0.000000 0.000000 61.619407 142.000000 0.000000 0.000000 0.000000 
-27.000000 0.217857 0.000000 0.875751 0.000000 0.000000 61.672616 142.000000 0.000000 0.000000 0.000000 
-27.600000 0.221429 0.000000 0.874436 0.000000 0.000000 61.580014 142.000000 0.000000 0.000000 0.000000 
-28.000000 0.223214 0.000000 0.875592 0.000000 0.000000 61.230210 143.000000 0.000000 0.000000 0.000000 
-28.600000 0.226786 0.000000 0.874326 0.000000 0.000000 61.141658 143.000000 0.000000 0.000000 0.000000 
-28.800000 0.228571 0.000000 0.875114 0.000000 0.000000 61.196751 143.000000 0.000000 0.000000 0.000000 
-29.000000 0.230357 0.000000 0.875892 0.000000 0.000000 61.251224 143.000000 0.000000 0.000000 0.000000 
-29.600000 0.233929 0.000000 0.874632 0.000000 0.000000 61.163058 143.000000 0.000000 0.000000 0.000000 
-29.800000 0.235714 0.000000 0.875416 0.000000 0.000000 61.217910 143.000000 0.000000 0.000000 0.000000 
-30.400000 0.239286 0.000000 0.874147 0.000000 0.000000 61.129130 143.000000 0.000000 0.000000 0.000000 
-30.600000 0.241071 0.000000 0.874936 0.000000 0.000000 61.184365 143.000000 0.000000 0.000000 0.000000 
-30.800000 0.242857 0.000000 0.875717 0.000000 0.000000 61.238977 143.000000 0.000000 0.000000 0.000000 
-31.400000 0.246429 0.000000 0.874453 0.000000 0.000000 61.150586 143.000000 0.000000 0.000000 0.000000 
-31.600000 0.248214 0.000000 0.875240 0.000000 0.000000 61.205578 143.000000 0.000000 0.000000 0.000000 
-32.400000 0.253571 0.000000 0.874759 0.000000 0.000000 61.171947 143.000000 0.000000 0.000000 0.000000 
-32.600000 0.255357 0.000000 0.875542 0.000000 0.000000 61.226699 143.000000 0.000000 0.000000 0.000000 
-33.200000 0.258929 0.000000 0.874275 0.000000 0.000000 61.138082 143.000000 0.000000 0.000000 0.000000 
-33.400000 0.260714 0.000000 0.875063 0.000000 0.000000 61.193215 143.000000 0.000000 0.000000 0.000000 
-33.600000 0.262500 0.000000 0.875843 0.000000 0.000000 61.247728 143.000000 0.000000 0.000000 0.000000 
-34.200000 0.266071 0.000000 0.874581 0.000000 0.000000 61.159498 143.000000 0.000000 0.000000 0.000000 
-34.400000 0.267857 0.000000 0.875366 0.000000 0.000000 61.214390 143.000000 0.000000 0.000000 0.000000 
-35.000000 0.271429 0.000000 0.874095 0.000000 0.000000 61.125545 143.000000 0.000000 0.000000 0.000000 
-35.200000 0.273214 0.000000 0.874886 0.000000 0.000000 61.180820 143.000000 0.000000 0.000000 0.000000 
-35.400000 0.275000 0.000000 0.875667 0.000000 0.000000 61.235472 143.000000 0.000000 0.000000 0.000000 
-36.000000 0.278571 0.000000 0.874402 0.000000 0.000000 61.147017 143.000000 0.000000 0.000000 0.000000 
-36.200000 0.280357 0.000000 0.875189 0.000000 0.000000 61.202049 143.000000 0.000000 0.000000 0.000000 
-36.400000 0.282143 0.000000 0.875967 0.000000 0.000000 61.256463 143.000000 0.000000 0.000000 0.000000 
-37.200000 0.285714 0.000000 0.875983 0.000000 0.000000 60.832168 144.000000 0.000000 0.000000 0.000000 
-37.800000 0.289286 0.000000 0.874775 0.000000 0.000000 60.748293 144.000000 0.000000 0.000000 0.000000 
-38.000000 0.291071 0.000000 0.875583 0.000000 0.000000 60.804373 144.000000 0.000000 0.000000 0.000000 
-38.600000 0.294643 0.000000 0.874368 0.000000 0.000000 60.720007 144.000000 0.000000 0.000000 0.000000 
-38.800000 0.296429 0.000000 0.875180 0.000000 0.000000 60.776415 144.000000 0.000000 0.000000 0.000000 
-39.000000 0.298214 0.000000 0.875983 0.000000 0.000000 60.832168 144.000000 0.000000 0.000000 0.000000 
-39.600000 0.301786 0.000000 0.874775 0.000000 0.000000 60.748293 144.000000 0.000000 0.000000 0.000000 
-39.800000 0.303571 0.000000 0.875583 0.000000 0.000000 60.804373 144.000000 0.000000 0.000000 0.000000 
-40.400000 0.307143 0.000000 0.874368 0.000000 0.000000 60.720007 144.000000 0.000000 0.000000 0.000000 
-40.600000 0.308929 0.000000 0.875180 0.000000 0.000000 60.776415 144.000000 0.000000 0.000000 0.000000 
-40.800000 0.310714 0.000000 0.875983 0.000000 0.000000 60.832168 144.000000 0.000000 0.000000 0.000000 
-41.400000 0.314286 0.000000 0.874775 0.000000 0.000000 60.748293 144.000000 0.000000 0.000000 0.000000 
-41.600000 0.316071 0.000000 0.875583 0.000000 0.000000 60.804373 144.000000 0.000000 0.000000 0.000000 
-42.200000 0.319643 0.000000 0.874368 0.000000 0.000000 60.720007 144.000000 0.000000 0.000000 0.000000 
-42.400000 0.321429 0.000000 0.875180 0.000000 0.000000 60.776415 144.000000 0.000000 0.000000 0.000000 
-42.600000 0.323214 0.000000 0.875983 0.000000 0.000000 60.832168 144.000000 0.000000 0.000000 0.000000 
-43.200000 0.326786 0.000000 0.874775 0.000000 0.000000 60.748293 144.000000 0.000000 0.000000 0.000000 
-43.400000 0.328571 0.000000 0.875583 0.000000 0.000000 60.804373 144.000000 0.000000 0.000000 0.000000 
-44.000000 0.332143 0.000000 0.874368 0.000000 0.000000 60.720007 144.000000 0.000000 0.000000 0.000000 
-44.200000 0.333929 0.000000 0.875180 0.000000 0.000000 60.776415 144.000000 0.000000 0.000000 0.000000 
-44.400000 0.335714 0.000000 0.875983 0.000000 0.000000 60.832168 144.000000 0.000000 0.000000 0.000000 
-45.000000 0.339286 0.000000 0.874775 0.000000 0.000000 60.748293 144.000000 0.000000 0.000000 0.000000 
-45.200000 0.341071 0.000000 0.875583 0.000000 0.000000 60.804373 144.000000 0.000000 0.000000 0.000000 
-45.800000 0.344643 0.000000 0.874368 0.000000 0.000000 60.720007 144.000000 0.000000 0.000000 0.000000 
-46.000000 0.346429 0.000000 0.875180 0.000000 0.000000 60.776415 144.000000 0.000000 0.000000 0.000000 
-46.200000 0.348214 0.000000 0.875983 0.000000 0.000000 60.832168 144.000000 0.000000 0.000000 0.000000 
-46.800000 0.351786 0.000000 0.874775 0.000000 0.000000 60.748293 144.000000 0.000000 0.000000 0.000000 
-47.000000 0.353571 0.000000 0.875583 0.000000 0.000000 60.804373 144.000000 0.000000 0.000000 0.000000 
-47.600000 0.357143 0.000000 0.874368 0.000000 0.000000 60.720007 144.000000 0.000000 0.000000 0.000000 
-47.800000 0.358929 0.000000 0.875180 0.000000 0.000000 60.776415 144.000000 0.000000 0.000000 0.000000 
-48.000000 0.360714 0.000000 0.875983 0.000000 0.000000 60.832168 144.000000 0.000000 0.000000 0.000000 
-48.600000 0.364286 0.000000 0.874775 0.000000 0.000000 60.748293 144.000000 0.000000 0.000000 0.000000 
-48.800000 0.366071 0.000000 0.875583 0.000000 0.000000 60.804373 144.000000 0.000000 0.000000 0.000000 
-49.400000 0.369643 0.000000 0.874368 0.000000 0.000000 60.720007 144.000000 0.000000 0.000000 0.000000 
-49.600000 0.371429 0.000000 0.875180 0.000000 0.000000 60.776415 144.000000 0.000000 0.000000 0.000000 
-49.800000 0.373214 0.000000 0.875983 0.000000 0.000000 60.832168 144.000000 0.000000 0.000000 0.000000 
-50.400000 0.376786 0.000000 0.874775 0.000000 0.000000 60.748293 144.000000 0.000000 0.000000 0.000000 
-50.600000 0.378571 0.000000 0.875583 0.000000 0.000000 60.804373 144.000000 0.000000 0.000000 0.000000 
-51.200000 0.382143 0.000000 0.874368 0.000000 0.000000 60.720007 144.000000 0.000000 0.000000 0.000000 
-51.400000 0.383929 0.000000 0.875180 0.000000 0.000000 60.776415 144.000000 0.000000 0.000000 0.000000 
-51.600000 0.385714 0.000000 0.875983 0.000000 0.000000 60.832168 144.000000 0.000000 0.000000 0.000000 
-52.200000 0.389286 0.000000 0.874775 0.000000 0.000000 60.748293 144.000000 0.000000 0.000000 0.000000 
-52.400000 0.391071 0.000000 0.875583 0.000000 0.000000 60.804373 144.000000 0.000000 0.000000 0.000000 
-53.000000 0.394643 0.000000 0.874368 0.000000 0.000000 60.720007 144.000000 0.000000 0.000000 0.000000 
-53.200000 0.396429 0.000000 0.875180 0.000000 0.000000 60.776415 144.000000 0.000000 0.000000 0.000000 
-53.400000 0.398214 0.000000 0.875983 0.000000 0.000000 60.832168 144.000000 0.000000 0.000000 0.000000 
-54.200000 0.400000 0.000000 0.874026 0.000000 0.000000 60.277677 145.000000 0.000000 0.000000 0.000000 
-54.400000 0.401786 0.000000 0.874868 0.000000 0.000000 60.335696 145.000000 0.000000 0.000000 0.000000 
-54.600000 0.403571 0.000000 0.875699 0.000000 0.000000 60.393019 145.000000 0.000000 0.000000 0.000000 
-55.200000 0.407143 0.000000 0.874537 0.000000 0.000000 60.312923 145.000000 0.000000 0.000000 0.000000 
-55.400000 0.408929 0.000000 0.875373 0.000000 0.000000 60.370519 145.000000 0.000000 0.000000 0.000000 
-56.000000 0.412500 0.000000 0.874206 0.000000 0.000000 60.290043 145.000000 0.000000 0.000000 0.000000 
-56.200000 0.414286 0.000000 0.875045 0.000000 0.000000 60.347913 145.000000 0.000000 0.000000 0.000000 
-56.400000 0.416071 0.000000 0.875874 0.000000 0.000000 60.405090 145.000000 0.000000 0.000000 0.000000 
-57.000000 0.419643 0.000000 0.874715 0.000000 0.000000 60.325199 145.000000 0.000000 0.000000 0.000000 
-57.200000 0.421429 0.000000 0.875548 0.000000 0.000000 60.382648 145.000000 0.000000 0.000000 0.000000 
-57.800000 0.425000 0.000000 0.874384 0.000000 0.000000 60.302377 145.000000 0.000000 0.000000 0.000000 
-58.000000 0.426786 0.000000 0.875221 0.000000 0.000000 60.360099 145.000000 0.000000 0.000000 0.000000 
-58.600000 0.430357 0.000000 0.874052 0.000000 0.000000 60.279445 145.000000 0.000000 0.000000 0.000000 
-58.800000 0.432143 0.000000 0.874893 0.000000 0.000000 60.337443 145.000000 0.000000 0.000000 0.000000 
-59.000000 0.433929 0.000000 0.875724 0.000000 0.000000 60.394745 145.000000 0.000000 0.000000 0.000000 
-59.600000 0.437500 0.000000 0.874563 0.000000 0.000000 60.314679 145.000000 0.000000 0.000000 0.000000 
-59.800000 0.439286 0.000000 0.875398 0.000000 0.000000 60.372254 145.000000 0.000000 0.000000 0.000000 
