37.800000 -0.437500 0.000000 0.574233 0.000000 0.000000 61.745470 93.000000 0.000000 0.000000 0.000000 
34.200000 -0.394643 0.000000 0.574367 0.000000 0.000000 61.102870 94.000000 0.000000 0.000000 0.000000 
33.200000 -0.383929 0.000000 0.575116 0.000000 0.000000 61.182571 94.000000 0.000000 0.000000 0.000000 
32.200000 -0.373214 0.000000 0.575864 0.000000 0.000000 61.262098 94.000000 0.000000 0.000000 0.000000 
29.000000 -0.339286 0.000000 0.574742 0.000000 0.000000 61.142742 94.000000 0.000000 0.000000 0.000000 
28.000000 -0.328571 0.000000 0.575490 0.000000 0.000000 61.222356 94.000000 0.000000 0.000000 0.000000 
24.800000 -0.294643 0.000000 0.574367 0.000000 0.000000 61.102870 94.000000 0.000000 0.000000 0.000000 
23.400000 -0.276786 0.000000 0.575612 0.000000 0.000000 60.590756 95.000000 0.000000 0.000000 0.000000 
22.200000 -0.264286 0.000000 0.574302 0.000000 0.000000 60.452863 95.000000 0.000000 0.000000 0.000000 
20.000000 -0.241071 0.000000 0.574864 0.000000 0.000000 60.512025 95.000000 0.000000 0.000000 0.000000 
18.000000 -0.217857 0.000000 0.574601 0.000000 0.000000 59.854285 96.000000 0.000000 0.000000 0.000000 
16.800000 -0.205357 0.000000 0.574601 0.000000 0.000000 59.854285 96.000000 0.000000 0.000000 0.000000 
15.600000 -0.192857 0.000000 0.574601 0.000000 0.000000 59.854285 96.000000 0.000000 0.000000 0.000000 
14.400000 -0.178571 0.000000 0.574889 0.000000 0.000000 59.266892 97.000000 0.000000 0.000000 0.000000 
11.600000 -0.148214 0.000000 0.575539 0.000000 0.000000 58.728492 98.000000 0.000000 0.000000 0.000000 
10.200000 -0.133929 0.000000 0.575539 0.000000 0.000000 58.728492 98.000000 0.000000 0.000000 0.000000 
7.400000 -0.103571 0.000000 0.574191 0.000000 0.000000 57.419139 100.000000 0.000000 0.000000 0.000000 
6.600000 -0.094643 0.000000 0.574999 0.000000 0.000000 56.930610 101.000000 0.000000 0.000000 0.000000 
5.600000 -0.083929 0.000000 0.575795 0.000000 0.000000 56.450484 102.000000 0.000000 0.000000 0.000000 
2.000000 -0.046429 0.000000 0.575893 0.000000 0.000000 53.323459 108.000000 0.000000 0.000000 0.000000 
1.800000 -0.044643 0.000000 0.575148 0.000000 0.000000 53.254430 108.000000 0.000000 0.000000 0.000000 
-4.000000 0.007143 0.000000 0.574529 0.000000 0.000000 47.481748 121.000000 0.000000 0.000000 0.000000 
-9.000000 0.044643 0.000000 0.575324 0.000000 0.000000 44.255672 130.000000 0.000000 0.000000 0.000000 
-10.000000 0.051786 0.000000 0.574036 0.000000 0.000000 43.819558 131.000000 0.000000 0.000000 0.000000 
-11.000000 0.058929 0.000000 0.574233 0.000000 0.000000 43.502483 132.000000 0.000000 0.000000 0.000000 
-12.000000 0.066071 0.000000 0.575910 0.000000 0.000000 43.301532 133.000000 0.000000 0.000000 0.000000 
-12.800000 0.071429 0.000000 0.574980 0.000000 0.000000 42.908975 134.000000 0.000000 0.000000 0.000000 
-13.600000 0.076786 0.000000 0.575159 0.000000 0.000000 42.604372 135.000000 0.000000 0.000000 0.000000 
-17.200000 0.101786 0.000000 0.574384 0.000000 0.000000 41.925859 137.000000 0.000000 0.000000 0.000000 
-17.800000 0.105357 0.000000 0.574547 0.000000 0.000000 41.633840 138.000000 0.000000 0.000000 0.000000 
-27.200000 0.169643 0.000000 0.574631 0.000000 0.000000 40.753992 141.000000 0.000000 0.000000 0.000000 
-28.200000 0.176786 0.000000 0.575374 0.000000 0.000000 40.806693 141.000000 0.000000 0.000000 0.000000 
-29.400000 0.183929 0.000000 0.575145 0.000000 0.000000 40.503141 142.000000 0.000000 0.000000 0.000000 
-32.200000 0.203571 0.000000 0.574029 0.000000 0.000000 40.424560 142.000000 0.000000 0.000000 0.000000 
-33.200000 0.210714 0.000000 0.575516 0.000000 0.000000 40.529278 142.000000 0.000000 0.000000 0.000000 
-37.000000 0.235714 0.000000 0.574724 0.000000 0.000000 40.190484 143.000000 0.000000 0.000000 0.000000 
-39.800000 0.255357 0.000000 0.575652 0.000000 0.000000 40.255387 143.000000 0.000000 0.000000 0.000000 
-41.600000 0.267857 0.000000 0.574352 0.000000 0.000000 40.164473 143.000000 0.000000 0.000000 0.000000 
