38.000000 -0.433929 0.000000 0.625722 0.000000 0.000000 67.281973 93.000000 0.000000 0.000000 0.000000 
37.000000 -0.423214 0.000000 0.625405 0.000000 0.000000 67.247878 93.000000 0.000000 0.000000 0.000000 
36.000000 -0.412500 0.000000 0.625088 0.000000 0.000000 67.213743 93.000000 0.000000 0.000000 0.000000 
35.000000 -0.401786 0.000000 0.624770 0.000000 0.000000 67.179567 93.000000 0.000000 0.000000 0.000000 
32.200000 -0.367857 0.000000 0.624555 0.000000 0.000000 66.442021 94.000000 0.000000 0.000000 0.000000 
31.200000 -0.357143 0.000000 0.625191 0.000000 0.000000 66.509641 94.000000 0.000000 0.000000 0.000000 
30.200000 -0.346429 0.000000 0.625825 0.000000 0.000000 66.577104 94.000000 0.000000 0.000000 0.000000 
28.000000 -0.323214 0.000000 0.624237 0.000000 0.000000 66.408152 94.000000 0.000000 0.000000 0.000000 
27.000000 -0.312500 0.000000 0.624873 0.000000 0.000000 66.475851 94.000000 0.000000 0.000000 0.000000 
26.000000 -0.301786 0.000000 0.625508 0.000000 0.000000 66.543392 94.000000 0.000000 0.000000 0.000000 
24.600000 -0.283929 0.000000 0.625918 0.000000 0.000000 65.886075 95.000000 0.000000 0.000000 0.000000 
23.400000 -0.271429 0.000000 0.624808 0.000000 0.000000 65.769225 95.000000 0.000000 0.000000 0.000000 
21.200000 -0.248214 0.000000 0.625284 0.000000 0.000000 65.819362 95.000000 0.000000 0.000000 0.000000 
20.000000 -0.235714 0.000000 0.624171 0.000000 0.000000 65.702239 95.000000 0.000000 0.000000 0.000000 
19.000000 -0.225000 0.000000 0.625759 0.000000 0.000000 65.869411 95.000000 0.000000 0.000000 0.000000 
18.000000 -0.212500 0.000000 0.624415 0.000000 0.000000 65.043232 96.000000 0.000000 0.000000 0.000000 
16.800000 -0.200000 0.000000 0.624415 0.000000 0.000000 65.043232 96.000000 0.000000 0.000000 0.000000 
15.600000 -0.187500 0.000000 0.624415 0.000000 0.000000 65.043232 96.000000 0.000000 0.000000 0.000000 
14.400000 -0.173214 0.000000 0.625126 0.000000 0.000000 64.445953 97.000000 0.000000 0.000000 0.000000 
9.600000 -0.121429 0.000000 0.625091 0.000000 0.000000 63.140483 99.000000 0.000000 0.000000 0.000000 
9.000000 -0.114286 0.000000 0.625298 0.000000 0.000000 62.529820 100.000000 0.000000 0.000000 0.000000 
6.000000 -0.082143 0.000000 0.624920 0.000000 0.000000 60.671848 103.000000 0.000000 0.000000 0.000000 
1.600000 -0.037500 0.000000 0.624720 0.000000 0.000000 56.792686 110.000000 0.000000 0.000000 0.000000 
1.400000 -0.035714 0.000000 0.624402 0.000000 0.000000 56.763863 110.000000 0.000000 0.000000 0.000000 
-2.600000 0.000000 0.000000 0.624646 0.000000 0.000000 52.491287 119.000000 0.000000 0.000000 0.000000 
-2.800000 0.001786 0.000000 0.625752 0.000000 0.000000 52.584164 119.000000 0.000000 0.000000 0.000000 
-4.600000 0.016071 0.000000 0.625350 0.000000 0.000000 50.841451 123.000000 0.000000 0.000000 0.000000 
-8.200000 0.042857 0.000000 0.625055 0.000000 0.000000 48.453912 129.000000 0.000000 0.000000 0.000000 
-10.000000 0.055357 0.000000 0.625075 0.000000 0.000000 47.354202 132.000000 0.000000 0.000000 0.000000 
-11.800000 0.067857 0.000000 0.625064 0.000000 0.000000 46.646603 134.000000 0.000000 0.000000 0.000000 
-13.800000 0.082143 0.000000 0.625367 0.000000 0.000000 46.323471 135.000000 0.000000 0.000000 0.000000 
-22.000000 0.137500 0.000000 0.624921 0.000000 0.000000 44.637218 140.000000 0.000000 0.000000 0.000000 
-23.000000 0.144643 0.000000 0.624921 0.000000 0.000000 44.637218 140.000000 0.000000 0.000000 0.000000 
-24.000000 0.151786 0.000000 0.624921 0.000000 0.000000 44.637218 140.000000 0.000000 0.000000 0.000000 
-30.400000 0.194643 0.000000 0.625153 0.000000 0.000000 44.024860 142.000000 0.000000 0.000000 0.000000 
-33.200000 0.214286 0.000000 0.624207 0.000000 0.000000 43.958262 142.000000 0.000000 0.000000 0.000000 
-34.200000 0.221429 0.000000 0.625468 0.000000 0.000000 44.047007 142.000000 0.000000 0.000000 0.000000 
-35.200000 0.226786 0.000000 0.624948 0.000000 0.000000 43.702648 143.000000 0.000000 0.000000 0.000000 
-38.000000 0.246429 0.000000 0.625734 0.000000 0.000000 43.757616 143.000000 0.000000 0.000000 0.000000 
-39.800000 0.258929 0.000000 0.624633 0.000000 0.000000 43.680616 143.000000 0.000000 0.000000 0.000000 
-42.600000 0.278571 0.000000 0.625420 0.000000 0.000000 43.735648 143.000000 0.000000 0.000000 0.000000 
-45.200000 0.294643 0.000000 0.625368 0.000000 0.000000 43.428327 144.000000 0.000000 0.000000 0.000000 
-47.000000 0.307143 0.000000 0.625368 0.000000 0.000000 43.428327 144.000000 0.000000 0.000000 0.000000 
-48.800000 0.319643 0.000000 0.625368 0.000000 0.000000 43.428327 144.000000 0.000000 0.000000 0.000000 
-50.600000 0.332143 0.000000 0.625368 0.000000 0.000000 43.428327 144.000000 0.000000 0.000000 0.000000 
-52.400000 0.344643 0.000000 0.625368 0.000000 0.000000 43.428327 144.000000 0.000000 0.000000 0.000000 
-54.200000 0.357143 0.000000 0.625368 0.000000 0.000000 43.428327 144.000000 0.000000 0.000000 0.000000 
-56.000000 0.369643 0.000000 0.625368 0.000000 0.000000 43.428327 144.000000 0.000000 0.000000 0.000000 
-57.800000 0.382143 0.000000 0.625368 0.000000 0.000000 43.428327 144.000000 0.000000 0.000000 0.000000 
-59.600000 0.394643 0.000000 0.625368 0.000000 0.000000 43.428327 144.000000 0.000000 0.000000 0.000000 
