0.000581 0.000581 0.000581 
0.000635 0.000635 0.000635 
0.000695 0.000695 0.000695 
0.000760 0.000760 0.000760 
0.000830 0.000830 0.000830 
0.000908 0.000908 0.000908 
0.000993 0.000993 0.000993 
0.001085 0.001085 0.001085 
0.001187 0.001187 0.001187 
0.001297 0.001297 0.001297 
0.001418 0.001418 0.001418 
0.001551 0.001551 0.001551 
0.001695 0.001695 0.001695 
0.001853 0.001853 0.001853 
0.002026 0.002026 0.002026 
0.002215 0.002215 0.002215 
0.002422 0.002422 0.002422 
0.002648 0.002648 0.002648 
0.002895 0.002895 0.002895 
0.003165 0.003165 0.003165 
0.003461 0.003461 0.003461 
0.003784 0.003784 0.003784 
0.004137 0.004137 0.004137 
0.004523 0.004523 0.004523 
0.004945 0.004945 0.004945 
0.005406 0.005406 0.005406 
0.005910 0.005910 0.005910 
0.006462 0.006462 0.006462 
0.007065 0.007065 0.007065 
0.007724 0.007724 0.007724 
0.008445 0.008445 0.008445 
0.009233 0.009233 0.009233 
0.010094 0.010094 0.010094 
0.011036 0.011036 0.011036 
0.012066 0.012066 0.012066 
0.013191 0.013191 0.013191 
0.014422 0.014422 0.014422 
0.015768 0.015768 0.015768 
0.017239 0.017239 0.017239 
0.018848 0.018848 0.018848 
0.020606 0.020606 0.020606 
0.022529 0.022529 0.022529 
0.024631 0.024631 0.024631 
0.026929 0.026929 0.026929 
0.029442 0.029442 0.029442 
0.032189 0.032189 0.032189 
0.035192 0.035192 0.035192 
0.038476 0.038476 0.038476 
0.042066 0.042066 0.042066 
0.045991 0.045991 0.045991 
0.050282 0.050282 0.050282 
0.054974 0.054974 0.054974 
0.060103 0.060103 0.060103 
0.065711 0.065711 0.065711 
0.071842 0.071842 0.071842 
0.078545 0.078545 0.078545 
0.085874 0.085874 0.085874 
