-9.600000 0.034000 50.433881 180.500000 123.182861 
-6.900000 0.034000 59.083997 161.500000 119.195656 
-4.200000 0.034000 64.727804 153.000000 114.712157 
-1.500000 0.034000 69.124900 145.500000 110.286685 
1.200000 0.034000 72.732250 138.000000 106.385826 
3.900000 0.034000 75.654866 132.500000 103.244694 
6.600000 0.034000 77.964537 128.500000 100.857931 
9.300000 0.034000 79.765551 125.250000 99.088381 
12.000000 0.034000 81.172068 123.000000 97.775090 
14.700000 0.034000 82.283646 121.500000 96.784392 
17.400000 0.034000 83.168078 120.250000 96.027101 
20.100000 0.034000 83.913396 119.000000 95.410217 
22.800000 0.034000 84.539801 118.250000 94.907864 
25.500000 0.034000 85.002350 117.500000 94.544013 
28.200000 0.034000 85.463463 117.000000 94.190896 
30.900000 0.034000 85.931651 116.500000 93.837003 
33.600000 0.034000 86.039631 116.250000 93.756552 
36.300000 0.034000 86.410549 115.500000 93.485067 
39.000000 0.034000 86.912107 115.000000 93.121741 
41.700000 0.034000 86.993801 115.000000 93.062963 
