0.088295 0.088295 0.088295 
0.080541 0.080541 0.080541 
0.073467 0.073467 0.073467 
0.067015 0.067015 0.067015 
0.061129 0.061129 0.061129 
0.055760 0.055760 0.055760 
0.050863 0.050863 0.050863 
0.046396 0.046396 0.046396 
0.042321 0.042321 0.042321 
0.038604 0.038604 0.038604 
0.035213 0.035213 0.035213 
0.032121 0.032121 0.032121 
0.029300 0.029300 0.029300 
0.026726 0.026726 0.026726 
0.024379 0.024379 0.024379 
0.022238 0.022238 0.022238 
0.020285 0.020285 0.020285 
0.018503 0.018503 0.018503 
0.016878 0.016878 0.016878 
0.015396 0.015396 0.015396 
0.014044 0.014044 0.014044 
0.012810 0.012810 0.012810 
0.011685 0.011685 0.011685 
0.010659 0.010659 0.010659 
0.009723 0.009723 0.009723 
0.008869 0.008869 0.008869 
0.008090 0.008090 0.008090 
0.007379 0.007379 0.007379 
0.006731 0.006731 0.006731 
0.006140 0.006140 0.006140 
0.005601 0.005601 0.005601 
0.005109 0.005109 0.005109 
0.004660 0.004660 0.004660 
0.004251 0.004251 0.004251 
0.003878 0.003878 0.003878 
0.003537 0.003537 0.003537 
0.003226 0.003226 0.003226 
0.002943 0.002943 0.002943 
0.002685 0.002685 0.002685 
0.002449 0.002449 0.002449 
0.002234 0.002234 0.002234 
0.002037 0.002037 0.002037 
0.001859 0.001859 0.001859 
0.001695 0.001695 0.001695 
0.001546 0.001546 0.001546 
0.001411 0.001411 0.001411 
0.001287 0.001287 0.001287 
0.001174 0.001174 0.001174 
0.001071 0.001071 0.001071 
0.000977 0.000977 0.000977 
0.000891 0.000891 0.000891 
0.000813 0.000813 0.000813 
0.000741 0.000741 0.000741 
0.000676 0.000676 0.000676 
0.000617 0.000617 0.000617 
0.000563 0.000563 0.000563 
0.000513 0.000513 0.000513 
