0 0.000000 
1 0.000000 
2 0.000000 
3 0.000000 
4 0.000000 
5 0.000000 
6 0.000000 
7 0.000000 
8 0.000000 
9 0.000000 
10 0.000000 
11 0.000000 
12 0.000000 
13 0.000000 
14 0.000000 
15 0.000000 
16 0.000000 
17 0.000000 
18 0.000000 
19 0.000000 
20 0.000000 
21 0.000000 
22 0.000000 
23 0.000000 
24 0.000000 
25 0.000000 
26 0.000000 
27 0.000000 
28 0.000000 
29 0.000000 
30 0.000000 
31 0.000000 
32 0.000000 
33 0.000000 
34 0.000000 
35 0.000000 
36 0.000000 
37 0.000000 
38 0.000000 
39 0.000000 
40 0.000000 
41 0.000000 
42 0.000000 
43 0.000000 
44 0.000000 
45 0.000000 
46 0.000000 
47 0.000000 
48 0.000000 
49 0.000000 
50 0.000000 
51 0.000000 
52 0.000000 
53 0.000000 
54 0.000000 
55 0.000000 
56 0.000000 
57 0.000000 
58 0.000000 
59 0.000000 
60 0.000000 
61 0.000000 
62 0.000000 
63 0.000000 
64 0.000000 
65 0.000000 
66 0.000000 
67 0.000000 
68 0.000000 
69 0.000000 
70 0.000000 
71 0.000000 
72 0.000000 
73 0.000000 
74 0.000000 
75 0.000000 
76 0.000000 
77 0.000000 
78 0.000000 
79 0.000000 
80 0.000000 
81 0.000000 
82 0.000000 
83 0.000000 
84 0.000000 
85 0.000000 
86 0.000000 
87 0.000000 
88 0.000000 
89 0.000000 
90 0.000000 
91 0.112482 
92 0.214789 
93 0.307814 
94 0.392374 
95 0.469213 
96 0.539011 
97 0.602385 
98 0.659901 
99 0.712075 
100 0.759376 
101 0.802233 
102 0.841038 
103 0.876146 
104 0.907883 
105 0.936546 
106 0.962406 
107 0.985710 
108 1.006683 
109 1.025530 
110 1.042439 
111 1.057581 
112 1.071112 
113 1.083173 
114 1.093896 
115 1.103398 
116 1.111786 
117 1.119161 
118 1.125611 
119 1.131218 
120 1.136057 
121 1.140197 
122 1.143698 
123 1.146620 
124 1.149011 
125 1.150922 
126 1.152393 
127 1.153464 
128 1.154172 
129 1.154549 
130 1.154624 
131 1.154425 
132 1.153977 
133 1.153301 
134 1.152420 
135 1.151351 
136 1.150113 
137 1.148719 
138 1.147186 
139 1.145525 
140 1.143748 
141 1.141867 
142 1.139892 
143 1.137830 
144 1.135691 
145 1.133482 
146 1.131210 
147 1.128881 
148 1.125905 
149 1.122936 
150 1.119975 
151 1.117022 
152 1.114076 
153 1.111139 
154 1.108209 
155 1.105287 
156 1.102373 
157 1.099466 
158 1.096567 
159 1.093675 
160 1.090792 
161 1.087915 
162 1.085047 
163 1.082186 
164 1.079332 
165 1.076486 
166 1.073648 
167 1.070817 
168 1.067993 
169 1.065177 
170 1.062369 
171 1.059567 
172 1.056774 
173 1.053987 
174 1.051208 
175 1.048436 
176 1.045672 
177 1.042915 
178 1.040165 
179 1.037422 
180 1.034686 
181 1.031958 
182 1.029263 
183 1.026623 
184 1.024055 
185 1.021573 
186 1.019188 
187 1.016907 
188 1.014737 
189 1.012682 
190 1.010743 
191 1.008921 
192 1.007218 
193 1.005630 
194 1.004157 
195 1.002795 
196 1.001543 
197 1.000395 
198 0.999349 
199 0.998400 
200 0.997544 
201 0.996778 
202 0.996095 
203 0.995493 
204 0.994967 
205 0.994513 
206 0.994126 
207 0.993803 
208 0.993539 
209 0.993332 
210 0.993176 
211 0.993069 
212 0.993006 
213 0.992986 
214 0.993005 
215 0.993059 
216 0.993147 
217 0.993265 
218 0.993411 
219 0.993582 
220 0.993777 
221 0.993992 
222 0.994227 
223 0.994479 
224 0.994747 
225 0.995028 
226 0.995322 
227 0.995626 
228 0.995940 
229 0.996262 
230 0.996590 
231 0.996925 
232 0.997264 
233 0.997608 
234 0.997954 
235 0.998302 
236 0.998651 
237 0.999001 
238 0.999351 
239 0.999700 
240 1.000047 
241 1.000392 
242 1.000733 
243 1.001071 
244 1.001404 
245 1.001733 
246 1.002056 
247 1.002374 
248 1.002687 
249 1.002993 
250 1.003293 
251 1.003586 
252 1.003872 
253 1.004152 
254 1.004425 
255 1.004690 
256 1.004949 
257 1.005200 
258 1.005443 
259 1.005679 
260 1.005908 
261 1.006129 
262 1.006342 
263 1.006548 
264 1.006746 
265 1.006936 
266 1.007119 
267 1.007294 
268 1.007462 
269 1.007622 
270 1.007774 
271 1.007918 
272 1.008055 
273 1.008184 
274 1.008306 
275 1.008420 
276 1.008527 
277 1.008627 
278 1.008719 
279 1.008804 
280 1.008882 
281 1.008954 
282 1.009018 
283 1.009077 
284 1.009129 
285 1.009175 
286 1.009215 
287 1.009250 
288 1.009279 
289 1.009303 
290 1.009322 
291 1.009337 
292 1.009347 
293 1.009353 
294 1.009356 
295 1.009354 
296 1.009349 
297 1.009341 
298 1.009330 
299 1.009316 
300 1.009299 
301 1.009280 
302 1.009259 
303 1.009236 
304 1.009211 
305 1.009184 
306 1.009156 
307 1.009127 
308 1.009096 
309 1.009065 
310 1.009032 
311 1.008999 
312 1.008965 
313 1.008931 
314 1.008897 
315 1.008862 
316 1.008827 
317 1.008792 
318 1.008757 
319 1.008722 
320 1.008688 
321 1.008653 
322 1.008619 
323 1.008585 
324 1.008552 
325 1.008519 
326 1.008487 
327 1.008455 
328 1.008424 
329 1.008394 
330 1.008364 
331 1.008335 
332 1.008307 
333 1.008280 
334 1.008253 
335 1.008227 
336 1.008202 
337 1.008178 
338 1.008155 
339 1.008132 
340 1.008110 
341 1.008089 
342 1.008069 
343 1.008050 
344 1.008032 
345 1.008014 
346 1.007998 
347 1.007982 
348 1.007966 
349 1.007952 
350 1.007939 
351 1.007926 
352 1.007914 
353 1.007903 
354 1.007892 
355 1.007882 
356 1.007873 
357 1.007864 
358 1.007857 
359 1.007849 
360 1.007843 
361 1.007837 
362 1.007831 
363 1.007826 
364 1.007822 
365 1.007818 
366 1.007815 
367 1.007812 
368 1.007810 
369 1.007808 
370 1.007806 
371 1.007805 
372 1.007805 
373 1.007804 
374 1.007804 
375 1.007805 
376 1.007805 
377 1.007806 
378 1.007807 
379 1.007809 
380 1.007810 
381 1.007812 
382 1.007814 
383 1.007817 
384 1.007819 
385 1.007822 
386 1.007824 
387 1.007827 
388 1.007830 
389 1.007833 
390 1.007836 
391 1.007839 
392 1.007843 
393 1.007846 
394 1.007849 
395 1.007852 
396 1.007856 
397 1.007859 
398 1.007863 
399 1.007866 
400 1.007869 
401 1.007873 
402 1.007876 
403 1.007879 
404 1.007882 
405 1.007885 
406 1.007888 
407 1.007891 
408 1.007894 
409 1.007897 
410 1.007900 
411 1.007903 
412 1.007906 
413 1.007908 
414 1.007911 
415 1.007913 
416 1.007916 
417 1.007918 
418 1.007920 
419 1.007922 
420 1.007924 
421 1.007926 
422 1.007928 
423 1.007930 
424 1.007932 
425 1.007933 
426 1.007935 
427 1.007936 
428 1.007938 
429 1.007939 
430 1.007940 
431 1.007942 
432 1.007943 
433 1.007944 
434 1.007945 
435 1.007946 
436 1.007946 
437 1.007947 
438 1.007948 
439 1.007948 
440 1.007949 
441 1.007950 
442 1.007950 
443 1.007950 
444 1.007951 
445 1.007951 
446 1.007951 
447 1.007952 
448 1.007952 
449 1.007952 
450 1.007952 
451 1.007952 
452 1.007952 
453 1.007952 
454 1.007952 
455 1.007952 
456 1.007952 
457 1.007952 
458 1.007952 
459 1.007952 
460 1.007951 
461 1.007951 
462 1.007951 
463 1.007951 
464 1.007951 
465 1.007950 
466 1.007950 
467 1.007950 
468 1.007949 
469 1.007949 
470 1.007949 
471 1.007949 
472 1.007948 
473 1.007948 
474 1.007948 
475 1.007947 
476 1.007947 
477 1.007947 
478 1.007946 
479 1.007946 
480 1.007946 
481 1.007945 
482 1.007945 
483 1.007945 
484 1.007944 
485 1.007944 
486 1.007944 
487 1.007944 
488 1.007943 
489 1.007943 
490 1.007943 
491 1.007942 
492 1.007942 
493 1.007942 
494 1.007942 
495 1.007941 
496 1.007941 
497 1.007941 
498 1.007941 
499 1.007941 
500 1.007940 
501 1.007940 
502 1.007940 
503 1.007940 
504 1.007940 
505 1.007940 
506 1.007939 
507 1.007939 
508 1.007939 
509 1.007939 
510 1.007939 
511 1.007939 
512 1.007939 
513 1.007939 
514 1.007939 
515 1.007938 
516 1.007938 
517 1.007938 
518 1.007938 
519 1.007938 
520 1.007938 
521 1.007938 
522 1.007938 
523 1.007938 
524 1.007938 
525 1.007938 
526 1.007938 
527 1.007938 
528 1.007938 
529 1.007938 
530 1.007938 
531 1.007938 
532 1.007938 
533 1.007938 
534 1.007938 
535 1.007938 
536 1.007938 
537 1.007938 
538 1.007938 
539 1.007938 
540 1.007938 
541 1.007938 
542 1.007938 
543 1.007938 
544 1.007938 
545 1.007938 
546 1.007938 
547 1.007938 
548 1.007938 
549 1.007938 
550 1.007938 
551 1.007938 
552 1.007938 
553 1.007938 
554 1.007938 
555 1.007938 
556 1.007938 
557 1.007938 
558 1.007939 
559 1.007939 
560 1.007939 
561 1.007939 
562 1.007939 
563 1.007939 
564 1.007939 
565 1.007939 
566 1.007939 
567 1.007939 
568 1.007939 
569 1.007939 
570 1.007939 
571 1.007939 
572 1.007939 
573 1.007939 
574 1.007939 
575 1.007939 
576 1.007939 
577 1.007939 
578 1.007939 
579 1.007939 
580 1.007939 
581 1.007939 
582 1.007939 
583 1.007939 
584 1.007939 
585 1.007939 
586 1.007939 
587 1.007939 
588 1.007939 
589 1.007939 
590 1.007939 
591 1.007939 
592 1.007939 
593 1.007939 
594 1.007939 
595 1.007939 
596 1.007939 
597 1.007939 
598 1.007939 
599 1.007939 
600 1.007939 
601 1.007939 
602 1.007939 
603 1.007939 
604 1.007939 
605 1.007939 
606 1.007939 
607 1.007939 
608 1.007939 
609 1.007939 
610 1.007939 
611 1.007939 
612 1.007939 
613 1.007939 
614 1.007939 
615 1.007939 
616 1.007939 
617 1.007939 
618 1.007939 
619 1.007939 
620 1.007939 
621 1.007939 
622 1.007939 
623 1.007939 
624 1.007939 
625 1.007939 
626 1.007939 
627 1.007939 
628 1.007939 
629 1.007939 
630 1.007939 
631 1.007939 
632 1.007939 
633 1.007939 
634 1.007939 
635 1.007939 
636 1.007939 
637 1.007939 
638 1.007939 
639 1.007939 
640 1.007939 
641 1.007939 
642 1.007939 
643 1.007939 
644 1.007939 
645 1.007939 
646 1.007939 
647 1.007939 
648 1.007939 
649 1.007939 
650 1.007939 
651 1.007939 
652 1.007939 
653 1.007939 
654 1.007939 
655 1.007939 
656 1.007939 
657 1.007939 
658 1.007939 
659 1.007939 
660 1.007939 
661 1.007939 
662 1.007939 
663 1.007939 
664 1.007939 
665 1.007939 
666 1.007939 
667 1.007939 
668 1.007939 
669 1.007939 
670 1.007939 
671 1.007939 
672 1.007939 
673 1.007939 
674 1.007939 
675 1.007939 
676 1.007939 
677 1.007939 
678 1.007939 
679 1.007939 
680 1.007939 
681 1.007939 
682 1.007939 
683 1.007939 
684 1.007939 
685 1.007939 
686 1.007939 
687 1.007939 
688 1.007939 
689 1.007939 
690 1.007939 
691 1.007939 
692 1.007939 
693 1.007939 
694 1.007939 
695 1.007939 
696 1.007939 
697 1.007939 
698 1.007939 
699 1.007939 
700 1.007939 
701 1.007939 
702 1.007939 
703 1.007939 
704 1.007939 
705 1.007939 
706 1.007939 
707 1.007939 
708 1.007939 
709 1.007939 
710 1.007939 
711 1.007939 
712 1.007939 
713 1.007939 
714 1.007939 
715 1.007939 
716 1.007939 
717 1.007939 
718 1.007939 
719 1.007939 
720 1.007939 
721 1.007939 
722 1.007939 
723 1.007939 
724 1.007939 
725 1.007939 
726 1.007939 
727 1.007939 
728 1.007939 
729 1.007939 
730 1.007939 
731 1.007939 
732 1.007939 
733 1.007939 
734 1.007939 
735 1.007939 
736 1.007939 
737 1.007939 
738 1.007939 
739 1.007939 
740 1.007939 
741 1.007939 
742 1.007939 
743 1.007939 
744 1.007939 
745 1.007939 
746 1.007939 
747 1.007939 
748 1.007939 
749 1.007939 
750 1.007939 
751 1.007939 
752 1.007939 
753 1.007939 
754 1.007939 
755 1.007939 
756 1.007939 
757 1.007939 
758 1.007939 
759 1.007939 
760 1.007939 
761 1.007939 
762 1.007939 
763 1.007939 
764 1.007939 
765 1.007939 
766 1.007939 
767 1.007939 
768 1.007939 
769 1.007939 
770 1.007939 
771 1.007939 
772 1.007939 
773 1.007939 
774 1.007939 
775 1.007939 
776 1.007939 
777 1.007939 
778 1.007939 
779 1.007939 
780 1.007939 
781 1.007939 
782 1.007939 
783 1.007939 
784 1.007939 
785 1.007939 
786 1.007939 
787 1.007939 
788 1.007939 
789 1.007939 
790 1.007939 
791 1.007939 
792 1.007939 
793 1.007939 
794 1.007939 
795 1.007939 
796 1.007939 
797 1.007939 
798 1.007939 
799 1.007939 
800 1.007939 
801 1.007939 
802 1.007939 
803 1.007939 
804 1.007939 
805 1.007939 
806 1.007939 
807 1.007939 
808 1.007939 
809 1.007939 
810 1.007939 
811 1.007939 
812 1.007939 
813 1.007939 
814 1.007939 
815 1.007939 
816 1.007939 
817 1.007939 
818 1.007939 
819 1.007939 
820 1.007939 
821 1.007939 
822 1.007939 
823 1.007939 
824 1.007939 
825 1.007939 
826 1.007939 
827 1.007939 
828 1.007939 
829 1.007939 
830 1.007939 
831 1.007939 
832 1.007939 
833 1.007939 
834 1.007939 
835 1.007939 
836 1.007939 
837 1.007939 
838 1.007939 
839 1.007939 
840 1.007939 
841 1.007939 
842 1.007939 
843 1.007939 
844 1.007939 
845 1.007939 
846 1.007939 
847 1.007939 
848 1.007939 
849 1.007939 
850 1.007939 
851 1.007939 
852 1.007939 
853 1.007939 
854 1.007939 
855 1.007939 
856 1.007939 
857 1.007939 
858 1.007939 
859 1.007939 
860 1.007939 
861 1.007939 
862 1.007939 
863 1.007939 
864 1.007939 
865 1.007939 
866 1.007939 
867 1.007939 
868 1.007939 
869 1.007939 
870 1.007939 
871 1.007939 
872 1.007939 
873 1.007939 
874 1.007939 
875 1.007939 
876 1.007939 
877 1.007939 
878 1.007939 
879 1.007939 
880 1.007939 
881 1.007939 
882 1.007939 
883 1.007939 
884 1.007939 
885 1.007939 
886 1.007939 
887 1.007939 
888 1.007939 
889 1.007939 
890 1.007939 
891 1.007939 
892 1.007939 
893 1.007939 
894 1.007939 
895 1.007939 
896 1.007939 
897 1.007939 
898 1.007939 
899 1.007939 
900 1.007939 
901 1.007939 
902 1.007939 
903 1.007939 
904 1.007939 
905 1.007939 
906 1.007939 
907 1.007939 
908 1.007939 
909 1.007939 
910 1.007939 
911 1.007939 
912 1.007939 
913 1.007939 
914 1.007939 
915 1.007939 
916 1.007939 
917 1.007939 
918 1.007939 
919 1.007939 
920 1.007939 
921 1.007939 
922 1.007939 
923 1.007939 
924 1.007939 
925 1.007939 
926 1.007939 
927 1.007939 
928 1.007939 
929 1.007939 
930 1.007939 
931 1.007939 
932 1.007939 
933 1.007939 
934 1.007939 
935 1.007939 
936 1.007939 
937 1.007939 
938 1.007939 
939 1.007939 
940 1.007939 
941 1.007939 
942 1.007939 
943 1.007939 
944 1.007939 
945 1.007939 
946 1.007939 
947 1.007939 
948 1.007939 
949 1.007939 
950 1.007939 
951 1.007939 
952 1.007939 
953 1.007939 
954 1.007939 
955 1.007939 
956 1.007939 
957 1.007939 
958 1.007939 
959 1.007939 
960 1.007939 
961 1.007939 
962 1.007939 
963 1.007939 
964 1.007939 
965 1.007939 
966 1.007939 
967 1.007939 
968 1.007939 
969 1.007939 
970 1.007939 
971 1.007939 
972 1.007939 
973 1.007939 
974 1.007939 
975 1.007939 
976 1.007939 
977 1.007939 
978 1.007939 
979 1.007939 
980 1.007939 
981 1.007939 
982 1.007939 
983 1.007939 
984 1.007939 
985 1.007939 
986 1.007939 
987 1.007939 
988 1.007939 
989 1.007939 
990 1.007939 
991 1.007939 
992 1.007939 
993 1.007939 
994 1.007939 
995 1.007939 
996 1.007939 
997 1.007939 
998 1.007939 
999 1.007939 
1000 1.007939 
1001 1.007939 
1002 1.007939 
1003 1.007939 
1004 1.007939 
1005 1.007939 
1006 1.007939 
1007 1.007939 
1008 1.007939 
1009 1.007939 
1010 1.007939 
1011 1.007939 
1012 1.007939 
1013 1.007939 
1014 1.007939 
1015 1.007939 
1016 1.007939 
1017 1.007939 
1018 1.007939 
1019 1.007939 
1020 1.007939 
1021 1.007939 
1022 1.007939 
1023 1.007939 
1024 1.007939 
1025 1.007939 
1026 1.007939 
1027 1.007939 
1028 1.007939 
1029 1.007939 
1030 1.007939 
1031 1.007939 
1032 1.007939 
1033 1.007939 
1034 1.007939 
1035 1.007939 
1036 1.007939 
1037 1.007939 
1038 1.007939 
1039 1.007939 
1040 1.007939 
1041 1.007939 
1042 1.007939 
1043 1.007939 
1044 1.007939 
1045 1.007939 
1046 1.007939 
1047 1.007939 
1048 1.007939 
1049 1.007939 
1050 1.007939 
1051 1.007939 
1052 1.007939 
1053 1.007939 
1054 1.007939 
1055 1.007939 
1056 1.007939 
1057 1.007939 
1058 1.007939 
1059 1.007939 
1060 1.007939 
1061 1.007939 
1062 1.007939 
1063 1.007939 
1064 1.007939 
1065 1.007939 
1066 1.007939 
1067 1.007939 
1068 1.007939 
1069 1.007939 
1070 1.007939 
1071 1.007939 
1072 1.007939 
1073 1.007939 
1074 1.007939 
1075 1.007939 
1076 1.007939 
1077 1.007939 
1078 1.007939 
1079 1.007939 
1080 1.007939 
1081 1.007939 
1082 1.007939 
1083 1.007939 
1084 1.007939 
1085 1.007939 
1086 1.007939 
1087 1.007939 
1088 1.007939 
1089 1.007939 
1090 1.007939 
1091 1.007939 
1092 1.007939 
1093 1.007939 
1094 1.007939 
1095 1.007939 
1096 1.007939 
1097 1.007939 
1098 1.007939 
1099 1.007939 
1100 1.007939 
1101 1.007939 
1102 1.007939 
1103 1.007939 
1104 1.007939 
1105 1.007939 
1106 1.007939 
1107 1.007939 
1108 1.007939 
1109 1.007939 
1110 1.007939 
1111 1.007939 
1112 1.007939 
1113 1.007939 
1114 1.007939 
1115 1.007939 
1116 1.007939 
1117 1.007939 
1118 1.007939 
1119 1.007939 
1120 1.007939 
1121 1.007939 
1122 1.007939 
1123 1.007939 
1124 1.007939 
1125 1.007939 
1126 1.007939 
1127 1.007939 
1128 1.007939 
1129 1.007939 
1130 1.007939 
1131 1.007939 
1132 1.007939 
1133 1.007939 
1134 1.007939 
1135 1.007939 
1136 1.007939 
1137 1.007939 
1138 1.007939 
1139 1.007939 
1140 1.007939 
1141 1.007939 
1142 1.007939 
1143 1.007939 
1144 1.007939 
1145 1.007939 
1146 1.007939 
1147 1.007939 
1148 1.007939 
1149 1.007939 
1150 1.007939 
1151 1.007939 
1152 1.007939 
1153 1.007939 
1154 1.007939 
1155 1.007939 
1156 1.007939 
1157 1.007939 
1158 1.007939 
1159 1.007939 
1160 1.007939 
1161 1.007939 
1162 1.007939 
1163 1.007939 
1164 1.007939 
1165 1.007939 
1166 1.007939 
1167 1.007939 
1168 1.007939 
1169 1.007939 
1170 1.007939 
1171 1.007939 
1172 1.007939 
1173 1.007939 
1174 1.007939 
1175 1.007939 
1176 1.007939 
1177 1.007939 
1178 1.007939 
1179 1.007939 
1180 1.007939 
1181 1.007939 
1182 1.007939 
1183 1.007939 
1184 1.007939 
1185 1.007939 
1186 1.007939 
1187 1.007939 
1188 1.007939 
1189 1.007939 
1190 1.007939 
1191 1.007939 
1192 1.007939 
1193 1.007939 
1194 1.007939 
1195 1.007939 
1196 1.007939 
1197 1.007939 
1198 1.007939 
1199 1.007939 
1200 1.007939 
1201 1.007939 
1202 1.007939 
1203 1.007939 
1204 1.007939 
1205 1.007939 
1206 1.007939 
1207 1.007939 
1208 1.007939 
1209 1.007939 
1210 1.007939 
1211 1.007939 
1212 1.007939 
1213 1.007939 
1214 1.007939 
1215 1.007939 
1216 1.007939 
1217 1.007939 
1218 1.007939 
1219 1.007939 
1220 1.007939 
1221 1.007939 
1222 1.007939 
1223 1.007939 
1224 1.007939 
1225 1.007939 
1226 1.007939 
1227 1.007939 
1228 1.007939 
1229 1.007939 
1230 1.007939 
1231 1.007939 
1232 1.007939 
1233 1.007939 
1234 1.007939 
1235 1.007939 
1236 1.007939 
1237 1.007939 
1238 1.007939 
1239 1.007939 
1240 1.007939 
1241 1.007939 
1242 1.007939 
1243 1.007939 
1244 1.007939 
1245 1.007939 
1246 1.007939 
1247 1.007939 
1248 1.007939 
1249 1.007939 
1250 1.007939 
1251 1.007939 
1252 1.007939 
1253 1.007939 
1254 1.007939 
1255 1.007939 
1256 1.007939 
1257 1.007939 
1258 1.007939 
1259 1.007939 
1260 1.007939 
1261 1.007939 
1262 1.007939 
1263 1.007939 
1264 1.007939 
1265 1.007939 
1266 1.007939 
1267 1.007939 
1268 1.007939 
1269 1.007939 
1270 1.007939 
1271 1.007939 
1272 1.007939 
1273 1.007939 
1274 1.007939 
1275 1.007939 
1276 1.007939 
1277 1.007939 
1278 1.007939 
1279 1.007939 
1280 1.007939 
1281 1.007939 
1282 1.007939 
1283 1.007939 
1284 1.007939 
1285 1.007939 
1286 1.007939 
1287 1.007939 
1288 1.007939 
1289 1.007939 
1290 1.007939 
1291 1.007939 
1292 1.007939 
1293 1.007939 
1294 1.007939 
1295 1.007939 
1296 1.007939 
1297 1.007939 
1298 1.007939 
1299 1.007939 
1300 1.007939 
1301 1.007939 
1302 1.007939 
1303 1.007939 
1304 1.007939 
1305 1.007939 
1306 1.007939 
1307 1.007939 
1308 1.007939 
1309 1.007939 
1310 1.007939 
1311 1.007939 
1312 1.007939 
1313 1.007939 
1314 1.007939 
1315 1.007939 
1316 1.007939 
1317 1.007939 
1318 1.007939 
1319 1.007939 
1320 1.007939 
1321 1.007939 
1322 1.007939 
1323 1.007939 
1324 1.007939 
1325 1.007939 
1326 1.007939 
1327 1.007939 
1328 1.007939 
1329 1.007939 
1330 1.007939 
1331 1.007939 
1332 1.007939 
1333 1.007939 
1334 1.007939 
1335 1.007939 
1336 1.007939 
1337 1.007939 
1338 1.007939 
1339 1.007939 
1340 1.007939 
1341 1.007939 
1342 1.007939 
1343 1.007939 
1344 1.007939 
1345 1.007939 
1346 1.007939 
1347 1.007939 
1348 1.007939 
1349 1.007939 
1350 1.007939 
1351 1.007939 
1352 1.007939 
1353 1.007939 
1354 1.007939 
1355 1.007939 
1356 1.007939 
1357 1.007939 
1358 1.007939 
1359 1.007939 
1360 1.007939 
1361 1.007939 
1362 1.007939 
1363 1.007939 
1364 1.007939 
1365 1.007939 
1366 1.007939 
1367 1.007939 
1368 1.007939 
1369 1.007939 
1370 1.007939 
1371 1.007939 
1372 1.007939 
1373 1.007939 
1374 1.007939 
1375 1.007939 
1376 1.007939 
1377 1.007939 
1378 1.007939 
1379 1.007939 
1380 1.007939 
1381 1.007939 
1382 1.007939 
1383 1.007939 
1384 1.007939 
1385 1.007939 
1386 1.007939 
1387 1.007939 
1388 1.007939 
1389 1.007939 
1390 1.007939 
1391 1.007939 
1392 1.007939 
1393 1.007939 
1394 1.007939 
1395 1.007939 
1396 1.007939 
1397 1.007939 
1398 1.007939 
1399 1.007939 
1400 1.007939 
1401 1.007939 
1402 1.007939 
1403 1.007939 
1404 1.007939 
1405 1.007939 
1406 1.007939 
1407 1.007939 
1408 1.007939 
1409 1.007939 
1410 1.007939 
1411 1.007939 
1412 1.007939 
1413 1.007939 
1414 1.007939 
1415 1.007939 
1416 1.007939 
1417 1.007939 
1418 1.007939 
1419 1.007939 
1420 1.007939 
1421 1.007939 
1422 1.007939 
1423 1.007939 
1424 1.007939 
1425 1.007939 
1426 1.007939 
1427 1.007939 
1428 1.007939 
1429 1.007939 
1430 1.007939 
1431 1.007939 
1432 1.007939 
1433 1.007939 
1434 1.007939 
1435 1.007939 
1436 1.007939 
1437 1.007939 
1438 1.007939 
1439 1.007939 
1440 1.007939 
1441 1.007939 
1442 1.007939 
1443 1.007939 
1444 1.007939 
1445 1.007939 
1446 1.007939 
1447 1.007939 
1448 1.007939 
1449 1.007939 
1450 1.007939 
1451 1.007939 
1452 1.007939 
1453 1.007939 
1454 1.007939 
1455 1.007939 
1456 1.007939 
1457 1.007939 
1458 1.007939 
1459 1.007939 
1460 1.007939 
1461 1.007939 
1462 1.007939 
1463 1.007939 
1464 1.007939 
1465 1.007939 
1466 1.007939 
1467 1.007939 
1468 1.007939 
1469 1.007939 
1470 1.007939 
1471 1.007939 
1472 1.007939 
1473 1.007939 
1474 1.007939 
1475 1.007939 
1476 1.007939 
1477 1.007939 
1478 1.007939 
1479 1.007939 
1480 1.007939 
1481 1.007939 
1482 1.007939 
1483 1.007939 
1484 1.007939 
1485 1.007939 
1486 1.007939 
1487 1.007939 
1488 1.007939 
1489 1.007939 
1490 1.007939 
1491 1.007939 
1492 1.007939 
1493 1.007939 
1494 1.007939 
1495 1.007939 
1496 1.007939 
1497 1.007939 
1498 1.007939 
1499 1.007939 
1500 1.007939 
1501 1.007939 
1502 1.007939 
1503 1.007939 
1504 1.007939 
1505 1.007939 
1506 1.007939 
1507 1.007939 
1508 1.007939 
1509 1.007939 
1510 1.007939 
1511 1.007939 
1512 1.007939 
1513 1.007939 
1514 1.007939 
1515 1.007939 
1516 1.007939 
1517 1.007939 
1518 1.007939 
1519 1.007939 
1520 1.007939 
1521 1.007939 
1522 1.007939 
1523 1.007939 
1524 1.007939 
1525 1.007939 
1526 1.007939 
1527 1.007939 
1528 1.007939 
1529 1.007939 
1530 1.007939 
1531 1.007939 
1532 1.007939 
1533 1.007939 
1534 1.007939 
1535 1.007939 
1536 1.007939 
1537 1.007939 
1538 1.007939 
1539 1.007939 
1540 1.007939 
1541 1.007939 
1542 1.007939 
1543 1.007939 
1544 1.007939 
1545 1.007939 
1546 1.007939 
1547 1.007939 
1548 1.007939 
1549 1.007939 
1550 1.007939 
1551 1.007939 
1552 1.007939 
1553 1.007939 
1554 1.007939 
1555 1.007939 
1556 1.007939 
1557 1.007939 
1558 1.007939 
1559 1.007939 
1560 1.007939 
1561 1.007939 
1562 1.007939 
1563 1.007939 
1564 1.007939 
1565 1.007939 
1566 1.007939 
1567 1.007939 
1568 1.007939 
1569 1.007939 
1570 1.007939 
1571 1.007939 
1572 1.007939 
1573 1.007939 
1574 1.007939 
1575 1.007939 
1576 1.007939 
1577 1.007939 
1578 1.007939 
1579 1.007939 
1580 1.007939 
1581 1.007939 
1582 1.007939 
1583 1.007939 
1584 1.007939 
1585 1.007939 
1586 1.007939 
1587 1.007939 
1588 1.007939 
1589 1.007939 
1590 1.007939 
1591 1.007939 
1592 1.007939 
1593 1.007939 
1594 1.007939 
1595 1.007939 
1596 1.007939 
1597 1.007939 
1598 1.007939 
1599 1.007939 
1600 1.007939 
1601 1.007939 
1602 1.007939 
1603 1.007939 
1604 1.007939 
1605 1.007939 
1606 1.007939 
1607 1.007939 
1608 1.007939 
1609 1.007939 
1610 1.007939 
1611 1.007939 
1612 1.007939 
1613 1.007939 
1614 1.007939 
1615 1.007939 
1616 1.007939 
1617 1.007939 
1618 1.007939 
1619 1.007939 
1620 1.007939 
1621 1.007939 
1622 1.007939 
1623 1.007939 
1624 1.007939 
1625 1.007939 
1626 1.007939 
1627 1.007939 
1628 1.007939 
1629 1.007939 
1630 1.007939 
1631 1.007939 
1632 1.007939 
1633 1.007939 
1634 1.007939 
1635 1.007939 
1636 1.007939 
1637 1.007939 
1638 1.007939 
1639 1.007939 
1640 1.007939 
1641 1.007939 
1642 1.007939 
1643 1.007939 
1644 1.007939 
1645 1.007939 
1646 1.007939 
1647 1.007939 
1648 1.007939 
1649 1.007939 
1650 1.007939 
1651 1.007939 
1652 1.007939 
1653 1.007939 
1654 1.007939 
1655 1.007939 
1656 1.007939 
1657 1.007939 
1658 1.007939 
1659 1.007939 
1660 1.007939 
1661 1.007939 
1662 1.007939 
1663 1.007939 
1664 1.007939 
1665 1.007939 
1666 1.007939 
1667 1.007939 
1668 1.007939 
1669 1.007939 
1670 1.007939 
1671 1.007939 
1672 1.007939 
1673 1.007939 
1674 1.007939 
1675 1.007939 
1676 1.007939 
1677 1.007939 
1678 1.007939 
1679 1.007939 
1680 1.007939 
1681 1.007939 
1682 1.007939 
1683 1.007939 
1684 1.007939 
1685 1.007939 
1686 1.007939 
1687 1.007939 
1688 1.007939 
1689 1.007939 
1690 1.007939 
1691 1.007939 
1692 1.007939 
1693 1.007939 
1694 1.007939 
1695 1.007939 
1696 1.007939 
1697 1.007939 
1698 1.007939 
1699 1.007939 
1700 1.007939 
1701 1.007939 
1702 1.007939 
1703 1.007939 
1704 1.007939 
1705 1.007939 
1706 1.007939 
1707 1.007939 
1708 1.007939 
1709 1.007939 
1710 1.007939 
1711 1.007939 
1712 1.007939 
1713 1.007939 
1714 1.007939 
1715 1.007939 
1716 1.007939 
1717 1.007939 
1718 1.007939 
1719 1.007939 
1720 1.007939 
1721 1.007939 
1722 1.007939 
1723 1.007939 
1724 1.007939 
1725 1.007939 
1726 1.007939 
1727 1.007939 
1728 1.007939 
1729 1.007939 
1730 1.007939 
1731 1.007939 
1732 1.007939 
1733 1.007939 
1734 1.007939 
1735 1.007939 
1736 1.007939 
1737 1.007939 
1738 1.007939 
1739 1.007939 
1740 1.007939 
1741 1.007939 
1742 1.007939 
1743 1.007939 
1744 1.007939 
1745 1.007939 
1746 1.007939 
1747 1.007939 
1748 1.007939 
1749 1.007939 
1750 1.007939 
1751 1.007939 
1752 1.007939 
1753 1.007939 
1754 1.007939 
1755 1.007939 
1756 1.007939 
1757 1.007939 
1758 1.007939 
1759 1.007939 
1760 1.007939 
1761 1.007939 
1762 1.007939 
1763 1.007939 
1764 1.007939 
1765 1.007939 
1766 1.007939 
1767 1.007939 
1768 1.007939 
1769 1.007939 
1770 1.007939 
1771 1.007939 
1772 1.007939 
1773 1.007939 
1774 1.007939 
1775 1.007939 
1776 1.007939 
1777 1.007939 
1778 1.007939 
1779 1.007939 
1780 1.007939 
1781 1.007939 
1782 1.007939 
1783 1.007939 
1784 1.007939 
1785 1.007939 
1786 1.007939 
1787 1.007939 
1788 1.007939 
1789 1.007939 
1790 1.007939 
1791 1.007939 
1792 1.007939 
1793 1.007939 
1794 1.007939 
1795 1.007939 
1796 1.007939 
1797 1.007939 
1798 1.007939 
1799 1.007939 
1800 1.007939 
1801 1.007939 
1802 1.007939 
1803 1.007939 
1804 1.007939 
1805 1.007939 
1806 1.007939 
1807 1.007939 
1808 1.007939 
1809 1.007939 
1810 1.007939 
1811 1.007939 
1812 1.007939 
1813 1.007939 
1814 1.007939 
1815 1.007939 
1816 1.007939 
1817 1.007939 
1818 1.007939 
1819 1.007939 
1820 1.007939 
1821 1.007939 
1822 1.007939 
1823 1.007939 
1824 1.007939 
1825 1.007939 
1826 1.007939 
1827 1.007939 
1828 1.007939 
1829 1.007939 
1830 1.007939 
1831 1.007939 
1832 1.007939 
1833 1.007939 
1834 1.007939 
1835 1.007939 
1836 1.007939 
1837 1.007939 
1838 1.007939 
1839 1.007939 
1840 1.007939 
1841 1.007939 
1842 1.007939 
1843 1.007939 
1844 1.007939 
1845 1.007939 
1846 1.007939 
1847 1.007939 
1848 1.007939 
1849 1.007939 
1850 1.007939 
1851 1.007939 
1852 1.007939 
1853 1.007939 
1854 1.007939 
1855 1.007939 
1856 1.007939 
1857 1.007939 
1858 1.007939 
1859 1.007939 
1860 1.007939 
1861 1.007939 
1862 1.007939 
1863 1.007939 
1864 1.007939 
1865 1.007939 
1866 1.007939 
1867 1.007939 
1868 1.007939 
1869 1.007939 
1870 1.007939 
1871 1.007939 
1872 1.007939 
1873 1.007939 
1874 1.007939 
1875 1.007939 
1876 1.007939 
1877 1.007939 
1878 1.007939 
1879 1.007939 
1880 1.007939 
1881 1.007939 
1882 1.007939 
1883 1.007939 
1884 1.007939 
1885 1.007939 
1886 1.007939 
1887 1.007939 
1888 1.007939 
1889 1.007939 
1890 1.007939 
1891 1.007939 
1892 1.007939 
1893 1.007939 
1894 1.007939 
1895 1.007939 
1896 1.007939 
1897 1.007939 
1898 1.007939 
1899 1.007939 
1900 1.007939 
1901 1.007939 
1902 1.007939 
1903 1.007939 
1904 1.007939 
1905 1.007939 
1906 1.007939 
1907 1.007939 
1908 1.007939 
1909 1.007939 
1910 1.007939 
1911 1.007939 
1912 1.007939 
1913 1.007939 
1914 1.007939 
1915 1.007939 
1916 1.007939 
1917 1.007939 
1918 1.007939 
1919 1.007939 
1920 1.007939 
1921 1.007939 
1922 1.007939 
1923 1.007939 
1924 1.007939 
1925 1.007939 
1926 1.007939 
1927 1.007939 
1928 1.007939 
1929 1.007939 
1930 1.007939 
1931 1.007939 
1932 1.007939 
1933 1.007939 
1934 1.007939 
1935 1.007939 
1936 1.007939 
1937 1.007939 
1938 1.007939 
1939 1.007939 
1940 1.007939 
1941 1.007939 
1942 1.007939 
1943 1.007939 
1944 1.007939 
1945 1.007939 
1946 1.007939 
1947 1.007939 
1948 1.007939 
1949 1.007939 
1950 1.007939 
1951 1.007939 
1952 1.007939 
1953 1.007939 
1954 1.007939 
1955 1.007939 
1956 1.007939 
1957 1.007939 
1958 1.007939 
1959 1.007939 
1960 1.007939 
1961 1.007939 
1962 1.007939 
1963 1.007939 
1964 1.007939 
1965 1.007939 
1966 1.007939 
1967 1.007939 
1968 1.007939 
1969 1.007939 
1970 1.007939 
1971 1.007939 
1972 1.007939 
1973 1.007939 
1974 1.007939 
1975 1.007939 
1976 1.007939 
1977 1.007939 
1978 1.007939 
1979 1.007939 
1980 1.007939 
1981 1.007939 
1982 1.007939 
1983 1.007939 
1984 1.007939 
1985 1.007939 
1986 1.007939 
1987 1.007939 
1988 1.007939 
1989 1.007939 
1990 1.007939 
1991 1.007939 
1992 1.007939 
1993 1.007939 
1994 1.007939 
1995 1.007939 
1996 1.007939 
1997 1.007939 
1998 1.007939 
1999 1.007939 
