0.017918 0.017918 0.017918 
0.017904 0.017904 0.017904 
0.017891 0.017891 0.017891 
0.017877 0.017877 0.017877 
0.017864 0.017864 0.017864 
0.017850 0.017850 0.017850 
0.017837 0.017837 0.017837 
0.017823 0.017823 0.017823 
0.017810 0.017810 0.017810 
0.017796 0.017796 0.017796 
0.017783 0.017783 0.017783 
0.017769 0.017769 0.017769 
0.017756 0.017756 0.017756 
0.017743 0.017743 0.017743 
0.017729 0.017729 0.017729 
0.017716 0.017716 0.017716 
0.017702 0.017702 0.017702 
0.017689 0.017689 0.017689 
0.017676 0.017676 0.017676 
0.017662 0.017662 0.017662 
0.017649 0.017649 0.017649 
0.017636 0.017636 0.017636 
0.017622 0.017622 0.017622 
0.017609 0.017609 0.017609 
0.017596 0.017596 0.017596 
0.017582 0.017582 0.017582 
0.017569 0.017569 0.017569 
0.017556 0.017556 0.017556 
0.017543 0.017543 0.017543 
0.017529 0.017529 0.017529 
0.017516 0.017516 0.017516 
0.017503 0.017503 0.017503 
0.017490 0.017490 0.017490 
0.017476 0.017476 0.017476 
0.017463 0.017463 0.017463 
0.017450 0.017450 0.017450 
0.017437 0.017437 0.017437 
0.017424 0.017424 0.017424 
0.017410 0.017410 0.017410 
0.017397 0.017397 0.017397 
0.017384 0.017384 0.017384 
0.017371 0.017371 0.017371 
0.017358 0.017358 0.017358 
0.017345 0.017345 0.017345 
0.017332 0.017332 0.017332 
0.017318 0.017318 0.017318 
0.017305 0.017305 0.017305 
0.017292 0.017292 0.017292 
0.017279 0.017279 0.017279 
0.017266 0.017266 0.017266 
0.017253 0.017253 0.017253 
0.017240 0.017240 0.017240 
0.017227 0.017227 0.017227 
0.017214 0.017214 0.017214 
0.017201 0.017201 0.017201 
0.017188 0.017188 0.017188 
0.017175 0.017175 0.017175 
