0.005088 0.005088 0.005088 
0.005283 0.005283 0.005283 
0.005486 0.005485 0.005486 
0.005696 0.005696 0.005696 
0.005914 0.005914 0.005914 
0.006141 0.006141 0.006141 
0.006376 0.006376 0.006376 
0.006621 0.006620 0.006621 
0.006874 0.006874 0.006874 
0.007138 0.007138 0.007138 
0.007411 0.007411 0.007412 
0.007696 0.007695 0.007696 
0.007990 0.007990 0.007991 
0.008297 0.008297 0.008297 
0.008615 0.008615 0.008615 
0.008945 0.008945 0.008945 
0.009288 0.009288 0.009288 
0.009644 0.009644 0.009644 
0.010014 0.010013 0.010014 
0.010397 0.010397 0.010397 
0.010796 0.010796 0.010796 
0.011210 0.011210 0.011210 
0.011639 0.011639 0.011639 
0.012086 0.012085 0.012086 
0.012549 0.012549 0.012549 
0.013030 0.013030 0.013030 
0.013529 0.013529 0.013529 
0.014048 0.014048 0.014048 
0.014586 0.014586 0.014586 
0.015145 0.015145 0.015145 
0.015726 0.015726 0.015726 
0.016329 0.016329 0.016329 
0.016955 0.016955 0.016955 
0.017604 0.017604 0.017604 
0.018279 0.018279 0.018279 
0.018980 0.018980 0.018980 
0.019707 0.019707 0.019707 
0.020463 0.020463 0.020463 
0.021247 0.021247 0.021247 
0.022061 0.022062 0.022061 
0.022907 0.022907 0.022907 
0.023785 0.023785 0.023785 
0.024697 0.024697 0.024697 
0.025643 0.025644 0.025643 
0.026626 0.026626 0.026626 
0.027647 0.027647 0.027647 
0.028707 0.028707 0.028707 
0.029807 0.029807 0.029807 
0.030949 0.030950 0.030949 
0.032136 0.032136 0.032136 
0.033368 0.033368 0.033367 
0.034647 0.034647 0.034646 
0.035975 0.035975 0.035974 
0.037353 0.037353 0.037353 
0.038785 0.038785 0.038785 
0.040272 0.040272 0.040271 
0.041815 0.041815 0.041815 
