0 0.000000 
1 0.000000 
2 0.000000 
3 0.000000 
4 0.000000 
5 0.000000 
6 0.000000 
7 0.000000 
8 0.000000 
9 0.000000 
10 0.000000 
11 0.000000 
12 0.000000 
13 0.000000 
14 0.000000 
15 0.000000 
16 0.000000 
17 0.000000 
18 0.000000 
19 0.000000 
20 0.000000 
21 0.000000 
22 0.000000 
23 0.000000 
24 0.000000 
25 0.000000 
26 0.000000 
27 0.000000 
28 0.000000 
29 0.000000 
30 0.000000 
31 0.000000 
32 0.000000 
33 0.000000 
34 0.000000 
35 0.000000 
36 0.000000 
37 0.000000 
38 0.000000 
39 0.000000 
40 0.000000 
41 0.000000 
42 0.000000 
43 0.000000 
44 0.000000 
45 0.000000 
46 0.000000 
47 0.000000 
48 0.000000 
49 0.000000 
50 0.000000 
51 0.000000 
52 0.000000 
53 0.000000 
54 0.000000 
55 0.000000 
56 0.000000 
57 0.000000 
58 0.000000 
59 0.000000 
60 0.000000 
61 0.000000 
62 0.000000 
63 0.000000 
64 0.000000 
65 0.000000 
66 0.000000 
67 0.000000 
68 0.000000 
69 0.000000 
70 0.000000 
71 0.000000 
72 0.000000 
73 0.000000 
74 0.000000 
75 0.000000 
76 0.000000 
77 0.000000 
78 0.000000 
79 0.000000 
80 0.000000 
81 0.000000 
82 0.000000 
83 0.000000 
84 0.000000 
85 0.000000 
86 0.000000 
87 0.000000 
88 0.000000 
89 0.000000 
90 0.000000 
91 0.182491 
92 0.322064 
93 0.430726 
94 0.517209 
95 0.587869 
96 0.647334 
97 0.698978 
98 0.745262 
99 0.787990 
100 0.828483 
101 0.867714 
102 0.906405 
103 0.945094 
104 0.984188 
105 1.023996 
106 1.064761 
107 1.106674 
108 1.149894 
109 1.194553 
110 1.240765 
111 1.288633 
112 1.338253 
113 1.389713 
114 1.443103 
115 1.498506 
116 1.556011 
117 1.615702 
118 1.677670 
119 1.742004 
120 1.808797 
121 1.878147 
122 1.950151 
123 2.024912 
124 2.102538 
125 2.183138 
126 2.266826 
127 2.353721 
128 2.443947 
129 2.537630 
130 2.634905 
131 2.735907 
132 2.840781 
133 2.949674 
134 3.062741 
135 3.180141 
136 3.302041 
137 3.428614 
138 3.560037 
139 3.696497 
140 3.838188 
141 3.985309 
142 4.138068 
143 4.296682 
144 4.461375 
145 4.632380 
146 4.809938 
147 4.994302 
148 3.628313 
149 2.635935 
150 1.914981 
151 1.391215 
152 1.010704 
153 0.734266 
154 0.533437 
155 0.387536 
156 0.281541 
157 0.204537 
158 0.148594 
159 0.107952 
160 0.078426 
161 0.056975 
162 0.041392 
163 0.030071 
164 0.021846 
165 0.015871 
166 0.011530 
167 0.008376 
168 0.006085 
169 0.004421 
170 0.003212 
171 0.002333 
172 0.001695 
173 0.001231 
174 0.000895 
175 0.000650 
176 0.000472 
177 0.000343 
178 0.000249 
179 0.000181 
180 0.000132 
181 0.000096 
182 0.000323 
183 0.000947 
184 0.002027 
185 0.003582 
186 0.005611 
187 0.008102 
188 0.011038 
189 0.014406 
190 0.018194 
191 0.022395 
192 0.027006 
193 0.032029 
194 0.037470 
195 0.043336 
196 0.049640 
197 0.056397 
198 0.063626 
199 0.071346 
200 0.079580 
201 0.088352 
202 0.097688 
203 0.107617 
204 0.118169 
205 0.129375 
206 0.141270 
207 0.153889 
208 0.167270 
209 0.181451 
210 0.196475 
211 0.212384 
212 0.229225 
213 0.247046 
214 0.265896 
215 0.285829 
216 0.306899 
217 0.329164 
218 0.352686 
219 0.377528 
220 0.403756 
221 0.431439 
222 0.460653 
223 0.491471 
224 0.523976 
225 0.558251 
226 0.594384 
227 0.632466 
228 0.672595 
229 0.714871 
230 0.759400 
231 0.806292 
232 0.855664 
233 0.907636 
234 0.962336 
235 1.019896 
236 1.080454 
237 1.144157 
238 1.211157 
239 1.277277 
240 1.340390 
241 1.399601 
242 1.454735 
243 1.506003 
244 1.553800 
245 1.598589 
246 1.640824 
247 1.680921 
248 1.719238 
249 1.756070 
250 1.791651 
251 1.826162 
252 1.859733 
253 1.892453 
254 1.924373 
255 1.955516 
256 1.985878 
257 2.015431 
258 2.044132 
259 2.071919 
260 2.098715 
261 2.124434 
262 2.148972 
263 2.172220 
264 2.194053 
265 2.214339 
266 2.232934 
267 2.249684 
268 2.264425 
269 2.276980 
270 2.287164 
271 2.294777 
272 2.299608 
273 2.301435 
274 2.300022 
275 2.295119 
276 2.286463 
277 2.273775 
278 2.256761 
279 2.235110 
280 2.208493 
281 2.176563 
282 2.138954 
283 2.095278 
284 2.045128 
285 1.988073 
286 1.923658 
287 1.851405 
288 1.770809 
289 1.681337 
290 1.582428 
291 1.473493 
292 1.353908 
293 1.223020 
294 1.080138 
295 0.924536 
296 0.773946 
297 0.637359 
298 0.518482 
299 0.417956 
300 0.334759 
301 0.267063 
302 0.212759 
303 0.169743 
304 0.136075 
305 0.110046 
306 0.090198 
307 0.075317 
308 0.064408 
309 0.056669 
310 0.051459 
311 0.048273 
312 0.046717 
313 0.046486 
314 0.047345 
315 0.049120 
316 0.051678 
317 0.054925 
318 0.058791 
319 0.063232 
320 0.068220 
321 0.073740 
322 0.079788 
323 0.086370 
324 0.093497 
325 0.101189 
326 0.109469 
327 0.118363 
328 0.127903 
329 0.138125 
330 0.149057 
331 0.160720 
332 0.173126 
333 0.186281 
334 0.200186 
335 0.214840 
336 0.230239 
337 0.246381 
338 0.263263 
339 0.280883 
340 0.299243 
341 0.318342 
342 0.338182 
343 0.358766 
344 0.380099 
345 0.402183 
346 0.425024 
347 0.448626 
348 0.472992 
349 0.498126 
350 0.524030 
351 0.550707 
352 0.578157 
353 0.606378 
354 0.635369 
355 0.665124 
356 0.695638 
357 0.726901 
358 0.758902 
359 0.791627 
360 0.825059 
361 0.859176 
362 0.893956 
363 0.929371 
364 0.965387 
365 1.001969 
366 1.039074 
367 1.076657 
368 1.114665 
369 1.153040 
370 1.191717 
371 1.230624 
372 1.269683 
373 1.308806 
374 1.347898 
375 1.386854 
376 1.425561 
377 1.463893 
378 1.501715 
379 1.538881 
380 1.575230 
381 1.610589 
382 1.644771 
383 1.677573 
384 1.708777 
385 1.738147 
386 1.765430 
387 1.790429 
388 1.813028 
389 1.833184 
390 1.850915 
391 1.866277 
392 1.879351 
393 1.890229 
394 1.899003 
395 1.905758 
396 1.910570 
397 1.913501 
398 1.914602 
399 1.913907 
400 1.911441 
401 1.907218 
402 1.901241 
403 1.893506 
404 1.884003 
405 1.872717 
406 1.859629 
407 1.844718 
408 1.827961 
409 1.809337 
410 1.788823 
411 1.766400 
412 1.742049 
413 1.715757 
414 1.687513 
415 1.657311 
416 1.625152 
417 1.591041 
418 1.554992 
419 1.517026 
420 1.477172 
421 1.435471 
422 1.391972 
423 1.346736 
424 1.299837 
425 1.251361 
426 1.201412 
427 1.150105 
428 1.097575 
429 1.043974 
430 0.989476 
431 0.934273 
432 0.878582 
433 0.822645 
434 0.766729 
435 0.711131 
436 0.656178 
437 0.602229 
438 0.549681 
439 0.498965 
440 0.450555 
441 0.404967 
442 0.362765 
443 0.324559 
444 0.290795 
445 0.261691 
446 0.237248 
447 0.217303 
448 0.201572 
449 0.189704 
450 0.181315 
451 0.176021 
452 0.173452 
453 0.173270 
454 0.175171 
455 0.178891 
456 0.184201 
457 0.190911 
458 0.198861 
459 0.207920 
460 0.217983 
461 0.228965 
462 0.240799 
463 0.253434 
464 0.266829 
465 0.280953 
466 0.295785 
467 0.311306 
468 0.327505 
469 0.344371 
470 0.361897 
471 0.380078 
472 0.398907 
473 0.418380 
474 0.438489 
475 0.459226 
476 0.480583 
477 0.502548 
478 0.525106 
479 0.548242 
480 0.571936 
481 0.596169 
482 0.620919 
483 0.646161 
484 0.671873 
485 0.698029 
486 0.724603 
487 0.751569 
488 0.778898 
489 0.806564 
490 0.834537 
491 0.862787 
492 0.891283 
493 0.919993 
494 0.948883 
495 0.977919 
496 1.007064 
497 1.036281 
498 1.065530 
499 1.094769 
500 1.123956 
501 1.153045 
502 1.181992 
503 1.210746 
504 1.239258 
505 1.267475 
506 1.295344 
507 1.322810 
508 1.349814 
509 1.376299 
510 1.402203 
511 1.427464 
512 1.452020 
513 1.475807 
514 1.498759 
515 1.520810 
516 1.541894 
517 1.561944 
518 1.580894 
519 1.598677 
520 1.615229 
521 1.630483 
522 1.644379 
523 1.656854 
524 1.667852 
525 1.677317 
526 1.685198 
527 1.691450 
528 1.696030 
529 1.698905 
530 1.700046 
531 1.699436 
532 1.697062 
533 1.692927 
534 1.687041 
535 1.679430 
536 1.670128 
537 1.659180 
538 1.646637 
539 1.632554 
540 1.616991 
541 1.600006 
542 1.581660 
543 1.562011 
544 1.541115 
545 1.519027 
546 1.495801 
547 1.471488 
548 1.446139 
549 1.419805 
550 1.392534 
551 1.364376 
552 1.335383 
553 1.305606 
554 1.275099 
555 1.243917 
556 1.212118 
557 1.179761 
558 1.146910 
559 1.113631 
560 1.079993 
561 1.046068 
562 1.011932 
563 0.977663 
564 0.943345 
565 0.909063 
566 0.874905 
567 0.840964 
568 0.807334 
569 0.774114 
570 0.741403 
571 0.709303 
572 0.677919 
573 0.647356 
574 0.617721 
575 0.589119 
576 0.561657 
577 0.535441 
578 0.510575 
579 0.487160 
580 0.465294 
581 0.445071 
582 0.426577 
583 0.409895 
584 0.395097 
585 0.382245 
586 0.371391 
587 0.362574 
588 0.355815 
589 0.351121 
590 0.348477 
591 0.347845 
592 0.349166 
593 0.352360 
594 0.357331 
595 0.363970 
596 0.372164 
597 0.381796 
598 0.392751 
599 0.404920 
600 0.418199 
601 0.432494 
602 0.447716 
603 0.463789 
604 0.480640 
605 0.498209 
606 0.516439 
607 0.535281 
608 0.554690 
609 0.574627 
610 0.595055 
611 0.615941 
612 0.637253 
613 0.658962 
614 0.681040 
615 0.703457 
616 0.726187 
617 0.749202 
618 0.772474 
619 0.795974 
620 0.819674 
621 0.843542 
622 0.867548 
623 0.891662 
624 0.915848 
625 0.940076 
626 0.964309 
627 0.988514 
628 1.012654 
629 1.036693 
630 1.060595 
631 1.084322 
632 1.107838 
633 1.131105 
634 1.154085 
635 1.176740 
636 1.199032 
637 1.220924 
638 1.242377 
639 1.263354 
640 1.283816 
641 1.303725 
642 1.323044 
643 1.341735 
644 1.359760 
645 1.377083 
646 1.393668 
647 1.409477 
648 1.424476 
649 1.438629 
650 1.451903 
651 1.464264 
652 1.475680 
653 1.486120 
654 1.495556 
655 1.503957 
656 1.511299 
657 1.517555 
658 1.522704 
659 1.526725 
660 1.529598 
661 1.531307 
662 1.531839 
663 1.531184 
664 1.529332 
665 1.526278 
666 1.522022 
667 1.516564 
668 1.509908 
669 1.502064 
670 1.493044 
671 1.482862 
672 1.471539 
673 1.459098 
674 1.445566 
675 1.430975 
676 1.415360 
677 1.398758 
678 1.381213 
679 1.362769 
680 1.343477 
681 1.323387 
682 1.302554 
683 1.281034 
684 1.258885 
685 1.236167 
686 1.212939 
687 1.189263 
688 1.165197 
689 1.140803 
690 1.116140 
691 1.091267 
692 1.066245 
693 1.041130 
694 1.015980 
695 0.990853 
696 0.965804 
697 0.940892 
698 0.916170 
699 0.891695 
700 0.867521 
701 0.843704 
702 0.820297 
703 0.797354 
704 0.774929 
705 0.753074 
706 0.731842 
707 0.711284 
708 0.691450 
709 0.672390 
710 0.654153 
711 0.636784 
712 0.620329 
713 0.604833 
714 0.590335 
715 0.576875 
716 0.564491 
717 0.553217 
718 0.543083 
719 0.534119 
720 0.526348 
721 0.519793 
722 0.514471 
723 0.510396 
724 0.507576 
725 0.506019 
726 0.505722 
727 0.506684 
728 0.508895 
729 0.512340 
730 0.517003 
731 0.522859 
732 0.529879 
733 0.538032 
734 0.547278 
735 0.557577 
736 0.568881 
737 0.581142 
738 0.594306 
739 0.608318 
740 0.623120 
741 0.638654 
742 0.654861 
743 0.671683 
744 0.689062 
745 0.706944 
746 0.725272 
747 0.743996 
748 0.763066 
749 0.782435 
750 0.802056 
751 0.821887 
752 0.841886 
753 0.862015 
754 0.882235 
755 0.902509 
756 0.922802 
757 0.943080 
758 0.963309 
759 0.983455 
760 1.003487 
761 1.023373 
762 1.043080 
763 1.062577 
764 1.081833 
765 1.100817 
766 1.119498 
767 1.137847 
768 1.155831 
769 1.173423 
770 1.190591 
771 1.207307 
772 1.223542 
773 1.239268 
774 1.254456 
775 1.269081 
776 1.283114 
777 1.296532 
778 1.309309 
779 1.321420 
780 1.332844 
781 1.343558 
782 1.353542 
783 1.362775 
784 1.371238 
785 1.378915 
786 1.385790 
787 1.391846 
788 1.397072 
789 1.401455 
790 1.404984 
791 1.407650 
792 1.409445 
793 1.410365 
794 1.410404 
795 1.409561 
796 1.407833 
797 1.405224 
798 1.401735 
799 1.397371 
800 1.392140 
801 1.386050 
802 1.379111 
803 1.371337 
804 1.362743 
805 1.353344 
806 1.343161 
807 1.332214 
808 1.320526 
809 1.308121 
810 1.295028 
811 1.281275 
812 1.266892 
813 1.251913 
814 1.236371 
815 1.220303 
816 1.203746 
817 1.186740 
818 1.169325 
819 1.151543 
820 1.133437 
821 1.115052 
822 1.096431 
823 1.077621 
824 1.058668 
825 1.039618 
826 1.020518 
827 1.001416 
828 0.982357 
829 0.963388 
830 0.944556 
831 0.925905 
832 0.907481 
833 0.889326 
834 0.871484 
835 0.853997 
836 0.836904 
837 0.820245 
838 0.804057 
839 0.788378 
840 0.773242 
841 0.758682 
842 0.744731 
843 0.731420 
844 0.718776 
845 0.706828 
846 0.695601 
847 0.685119 
848 0.675405 
849 0.666480 
850 0.658361 
851 0.651066 
852 0.644610 
853 0.639007 
854 0.634267 
855 0.630399 
856 0.627411 
857 0.625308 
858 0.624091 
859 0.623763 
860 0.624321 
861 0.625760 
862 0.628076 
863 0.631259 
864 0.635299 
865 0.640183 
866 0.645894 
867 0.652417 
868 0.659730 
869 0.667812 
870 0.676639 
871 0.686184 
872 0.696421 
873 0.707317 
874 0.718843 
875 0.730965 
876 0.743648 
877 0.756856 
878 0.770551 
879 0.784696 
880 0.799251 
881 0.814175 
882 0.829429 
883 0.844973 
884 0.860764 
885 0.876763 
886 0.892928 
887 0.909220 
888 0.925599 
889 0.942026 
890 0.958464 
891 0.974874 
892 0.991222 
893 1.007471 
894 1.023589 
895 1.039542 
896 1.055299 
897 1.070828 
898 1.086101 
899 1.101089 
900 1.115764 
901 1.130100 
902 1.144071 
903 1.157653 
904 1.170822 
905 1.183555 
906 1.195830 
907 1.207625 
908 1.218922 
909 1.229699 
910 1.239940 
911 1.249626 
912 1.258741 
913 1.267269 
914 1.275196 
915 1.282508 
916 1.289193 
917 1.295238 
918 1.300635 
919 1.305373 
920 1.309445 
921 1.312844 
922 1.315564 
923 1.317602 
924 1.318953 
925 1.319617 
926 1.319592 
927 1.318881 
928 1.317485 
929 1.315407 
930 1.312653 
931 1.309229 
932 1.305143 
933 1.300404 
934 1.295021 
935 1.289008 
936 1.282377 
937 1.275142 
938 1.267319 
939 1.258926 
940 1.249980 
941 1.240502 
942 1.230511 
943 1.220030 
944 1.209082 
945 1.197692 
946 1.185884 
947 1.173685 
948 1.161122 
949 1.148223 
950 1.135019 
951 1.121538 
952 1.107811 
953 1.093869 
954 1.079746 
955 1.065472 
956 1.051080 
957 1.036605 
958 1.022080 
959 1.007537 
960 0.993012 
961 0.978538 
962 0.964148 
963 0.949876 
964 0.935756 
965 0.921819 
966 0.908100 
967 0.894629 
968 0.881438 
969 0.868557 
970 0.856016 
971 0.843844 
972 0.832069 
973 0.820716 
974 0.809812 
975 0.799382 
976 0.789447 
977 0.780031 
978 0.771152 
979 0.762832 
980 0.755086 
981 0.747931 
982 0.741382 
983 0.735452 
984 0.730151 
985 0.725491 
986 0.721479 
987 0.718122 
988 0.715426 
989 0.713394 
990 0.712028 
991 0.711329 
992 0.711295 
993 0.711925 
994 0.713214 
995 0.715156 
996 0.717745 
997 0.720971 
998 0.724826 
999 0.729296 
1000 0.734371 
1001 0.740035 
1002 0.746272 
1003 0.753066 
1004 0.760399 
1005 0.768252 
1006 0.776603 
1007 0.785431 
1008 0.794714 
1009 0.804427 
1010 0.814546 
1011 0.825045 
1012 0.835898 
1013 0.847078 
1014 0.858556 
1015 0.870305 
1016 0.882294 
1017 0.894496 
1018 0.906879 
1019 0.919415 
1020 0.932073 
1021 0.944822 
1022 0.957632 
1023 0.970473 
1024 0.983315 
1025 0.996129 
1026 1.008884 
1027 1.021551 
1028 1.034103 
1029 1.046512 
1030 1.058749 
1031 1.070788 
1032 1.082604 
1033 1.094171 
1034 1.105466 
1035 1.116465 
1036 1.127145 
1037 1.137486 
1038 1.147466 
1039 1.157068 
1040 1.166272 
1041 1.175061 
1042 1.183419 
1043 1.191331 
1044 1.198783 
1045 1.205762 
1046 1.212255 
1047 1.218253 
1048 1.223744 
1049 1.228721 
1050 1.233175 
1051 1.237101 
1052 1.240491 
1053 1.243342 
1054 1.245651 
1055 1.247414 
1056 1.248631 
1057 1.249301 
1058 1.249425 
1059 1.249004 
1060 1.248042 
1061 1.246542 
1062 1.244510 
1063 1.241951 
1064 1.238873 
1065 1.235284 
1066 1.231192 
1067 1.226608 
1068 1.221543 
1069 1.216010 
1070 1.210020 
1071 1.203589 
1072 1.196731 
1073 1.189462 
1074 1.181798 
1075 1.173757 
1076 1.165358 
1077 1.156619 
1078 1.147560 
1079 1.138201 
1080 1.128564 
1081 1.118670 
1082 1.108542 
1083 1.098202 
1084 1.087674 
1085 1.076980 
1086 1.066146 
1087 1.055195 
1088 1.044152 
1089 1.033042 
1090 1.021890 
1091 1.010721 
1092 0.999559 
1093 0.988431 
1094 0.977361 
1095 0.966373 
1096 0.955493 
1097 0.944745 
1098 0.934153 
1099 0.923741 
1100 0.913533 
1101 0.903550 
1102 0.893815 
1103 0.884350 
1104 0.875177 
1105 0.866314 
1106 0.857783 
1107 0.849601 
1108 0.841787 
1109 0.834357 
1110 0.827329 
1111 0.820715 
1112 0.814532 
1113 0.808791 
1114 0.803505 
1115 0.798685 
1116 0.794340 
1117 0.790478 
1118 0.787107 
1119 0.784234 
1120 0.781863 
1121 0.779997 
1122 0.778639 
1123 0.777792 
1124 0.777453 
1125 0.777623 
1126 0.778300 
1127 0.779479 
1128 0.781155 
1129 0.783324 
1130 0.785978 
1131 0.789110 
1132 0.792709 
1133 0.796766 
1134 0.801270 
1135 0.806208 
1136 0.811567 
1137 0.817334 
1138 0.823493 
1139 0.830029 
1140 0.836925 
1141 0.844163 
1142 0.851727 
1143 0.859596 
1144 0.867753 
1145 0.876176 
1146 0.884846 
1147 0.893741 
1148 0.902840 
1149 0.912123 
1150 0.921565 
1151 0.931147 
1152 0.940843 
1153 0.950633 
1154 0.960494 
1155 0.970401 
1156 0.980334 
1157 0.990268 
1158 1.000181 
1159 1.010051 
1160 1.019856 
1161 1.029572 
1162 1.039179 
1163 1.048656 
1164 1.057980 
1165 1.067133 
1166 1.076093 
1167 1.084842 
1168 1.093360 
1169 1.101631 
1170 1.109635 
1171 1.117357 
1172 1.124780 
1173 1.131890 
1174 1.138672 
1175 1.145112 
1176 1.151198 
1177 1.156919 
1178 1.162262 
1179 1.167219 
1180 1.171780 
1181 1.175937 
1182 1.179684 
1183 1.183013 
1184 1.185920 
1185 1.188401 
1186 1.190451 
1187 1.192070 
1188 1.193255 
1189 1.194005 
1190 1.194323 
1191 1.194207 
1192 1.193662 
1193 1.192690 
1194 1.191296 
1195 1.189483 
1196 1.187259 
1197 1.184629 
1198 1.181601 
1199 1.178183 
1200 1.174384 
1201 1.170215 
1202 1.165685 
1203 1.160806 
1204 1.155589 
1205 1.150048 
1206 1.144196 
1207 1.138046 
1208 1.131613 
1209 1.124912 
1210 1.117958 
1211 1.110768 
1212 1.103359 
1213 1.095746 
1214 1.087948 
1215 1.079982 
1216 1.071866 
1217 1.063619 
1218 1.055259 
1219 1.046805 
1220 1.038275 
1221 1.029690 
1222 1.021067 
1223 1.012427 
1224 1.003789 
1225 0.995171 
1226 0.986593 
1227 0.978074 
1228 0.969633 
1229 0.961287 
1230 0.953057 
1231 0.944959 
1232 0.937011 
1233 0.929231 
1234 0.921636 
1235 0.914242 
1236 0.907065 
1237 0.900122 
1238 0.893426 
1239 0.886992 
1240 0.880834 
1241 0.874965 
1242 0.869398 
1243 0.864144 
1244 0.859213 
1245 0.854617 
1246 0.850365 
1247 0.846465 
1248 0.842925 
1249 0.839752 
1250 0.836951 
1251 0.834529 
1252 0.832490 
1253 0.830836 
1254 0.829570 
1255 0.828695 
1256 0.828210 
1257 0.828115 
1258 0.828410 
1259 0.829091 
1260 0.830157 
1261 0.831604 
1262 0.833426 
1263 0.835619 
1264 0.838176 
1265 0.841089 
1266 0.844351 
1267 0.847954 
1268 0.851887 
1269 0.856140 
1270 0.860703 
1271 0.865563 
1272 0.870709 
1273 0.876128 
1274 0.881806 
1275 0.887730 
1276 0.893885 
1277 0.900255 
1278 0.906827 
1279 0.913583 
1280 0.920509 
1281 0.927586 
1282 0.934800 
1283 0.942132 
1284 0.949567 
1285 0.957085 
1286 0.964671 
1287 0.972306 
1288 0.979974 
1289 0.987656 
1290 0.995335 
1291 1.002995 
1292 1.010616 
1293 1.018183 
1294 1.025679 
1295 1.033087 
1296 1.040390 
1297 1.047573 
1298 1.054619 
1299 1.061514 
1300 1.068243 
1301 1.074790 
1302 1.081143 
1303 1.087287 
1304 1.093209 
1305 1.098898 
1306 1.104341 
1307 1.109527 
1308 1.114446 
1309 1.119087 
1310 1.123442 
1311 1.127501 
1312 1.131258 
1313 1.134704 
1314 1.137834 
1315 1.140642 
1316 1.143123 
1317 1.145272 
1318 1.147088 
1319 1.148566 
1320 1.149705 
1321 1.150505 
1322 1.150964 
1323 1.151083 
1324 1.150864 
1325 1.150309 
1326 1.149420 
1327 1.148200 
1328 1.146654 
1329 1.144787 
1330 1.142604 
1331 1.140111 
1332 1.137316 
1333 1.134226 
1334 1.130848 
1335 1.127192 
1336 1.123267 
1337 1.119082 
1338 1.114649 
1339 1.109978 
1340 1.105079 
1341 1.099966 
1342 1.094650 
1343 1.089143 
1344 1.083460 
1345 1.077612 
1346 1.071614 
1347 1.065479 
1348 1.059221 
1349 1.052856 
1350 1.046397 
1351 1.039858 
1352 1.033256 
1353 1.026604 
1354 1.019918 
1355 1.013213 
1356 1.006503 
1357 0.999803 
1358 0.993129 
1359 0.986495 
1360 0.979916 
1361 0.973405 
1362 0.966978 
1363 0.960649 
1364 0.954430 
1365 0.948336 
1366 0.942380 
1367 0.936575 
1368 0.930932 
1369 0.925465 
1370 0.920185 
1371 0.915102 
1372 0.910228 
1373 0.905573 
1374 0.901147 
1375 0.896958 
1376 0.893015 
1377 0.889327 
1378 0.885900 
1379 0.882742 
1380 0.879858 
1381 0.877255 
1382 0.874937 
1383 0.872908 
1384 0.871172 
1385 0.869732 
1386 0.868590 
1387 0.867747 
1388 0.867205 
1389 0.866964 
1390 0.867023 
1391 0.867381 
1392 0.868036 
1393 0.868986 
1394 0.870227 
1395 0.871756 
1396 0.873568 
1397 0.875658 
1398 0.878020 
1399 0.880648 
1400 0.883536 
1401 0.886675 
1402 0.890058 
1403 0.893676 
1404 0.897520 
1405 0.901581 
1406 0.905849 
1407 0.910312 
1408 0.914961 
1409 0.919784 
1410 0.924770 
1411 0.929907 
1412 0.935182 
1413 0.940583 
1414 0.946098 
1415 0.951714 
1416 0.957416 
1417 0.963194 
1418 0.969032 
1419 0.974917 
1420 0.980837 
1421 0.986778 
1422 0.992725 
1423 0.998666 
1424 1.004588 
1425 1.010476 
1426 1.016318 
1427 1.022102 
1428 1.027813 
1429 1.033440 
1430 1.038969 
1431 1.044390 
1432 1.049690 
1433 1.054858 
1434 1.059883 
1435 1.064754 
1436 1.069460 
1437 1.073992 
1438 1.078340 
1439 1.082495 
1440 1.086448 
1441 1.090192 
1442 1.093719 
1443 1.097021 
1444 1.100093 
1445 1.102928 
1446 1.105521 
1447 1.107866 
1448 1.109960 
1449 1.111800 
1450 1.113381 
1451 1.114701 
1452 1.115759 
1453 1.116553 
1454 1.117083 
1455 1.117347 
1456 1.117348 
1457 1.117085 
1458 1.116560 
1459 1.115777 
1460 1.114737 
1461 1.113443 
1462 1.111901 
1463 1.110114 
1464 1.108087 
1465 1.105826 
1466 1.103337 
1467 1.100626 
1468 1.097700 
1469 1.094567 
1470 1.091235 
1471 1.087711 
1472 1.084005 
1473 1.080125 
1474 1.076082 
1475 1.071884 
1476 1.067541 
1477 1.063064 
1478 1.058464 
1479 1.053751 
1480 1.048937 
1481 1.044031 
1482 1.039046 
1483 1.033994 
1484 1.028885 
1485 1.023731 
1486 1.018544 
1487 1.013336 
1488 1.008118 
1489 1.002903 
1490 0.997701 
1491 0.992524 
1492 0.987384 
1493 0.982292 
1494 0.977259 
1495 0.972297 
1496 0.967416 
1497 0.962626 
1498 0.957938 
1499 0.953362 
1500 0.948908 
1501 0.944586 
1502 0.940404 
1503 0.936371 
1504 0.932496 
1505 0.928787 
1506 0.925252 
1507 0.921897 
1508 0.918730 
1509 0.915757 
1510 0.912983 
1511 0.910415 
1512 0.908058 
1513 0.905915 
1514 0.903991 
1515 0.902290 
1516 0.900814 
1517 0.899566 
1518 0.898547 
1519 0.897760 
1520 0.897205 
1521 0.896883 
1522 0.896793 
1523 0.896935 
1524 0.897307 
1525 0.897908 
1526 0.898737 
1527 0.899789 
1528 0.901062 
1529 0.902553 
1530 0.904257 
1531 0.906169 
1532 0.908285 
1533 0.910599 
1534 0.913105 
1535 0.915797 
1536 0.918668 
1537 0.921711 
1538 0.924919 
1539 0.928283 
1540 0.931796 
1541 0.935449 
1542 0.939234 
1543 0.943141 
1544 0.947162 
1545 0.951286 
1546 0.955504 
1547 0.959807 
1548 0.964185 
1549 0.968626 
1550 0.973122 
1551 0.977662 
1552 0.982234 
1553 0.986830 
1554 0.991439 
1555 0.996050 
1556 1.000652 
1557 1.005236 
1558 1.009792 
1559 1.014308 
1560 1.018776 
1561 1.023185 
1562 1.027525 
1563 1.031788 
1564 1.035963 
1565 1.040043 
1566 1.044017 
1567 1.047877 
1568 1.051615 
1569 1.055224 
1570 1.058695 
1571 1.062022 
1572 1.065197 
1573 1.068214 
1574 1.071066 
1575 1.073748 
1576 1.076254 
1577 1.078580 
1578 1.080721 
1579 1.082673 
1580 1.084432 
1581 1.085994 
1582 1.087358 
1583 1.088521 
1584 1.089481 
1585 1.090236 
1586 1.090786 
1587 1.091130 
1588 1.091269 
1589 1.091202 
1590 1.090931 
1591 1.090458 
1592 1.089783 
1593 1.088909 
1594 1.087839 
1595 1.086577 
1596 1.085125 
1597 1.083488 
1598 1.081670 
1599 1.079676 
1600 1.077511 
1601 1.075181 
1602 1.072691 
1603 1.070047 
1604 1.067257 
1605 1.064327 
1606 1.061265 
1607 1.058076 
1608 1.054770 
1609 1.051354 
1610 1.047836 
1611 1.044225 
1612 1.040529 
1613 1.036756 
1614 1.032915 
1615 1.029016 
1616 1.025067 
1617 1.021077 
1618 1.017055 
1619 1.013011 
1620 1.008953 
1621 1.004891 
1622 1.000834 
1623 0.996791 
1624 0.992770 
1625 0.988782 
1626 0.984834 
1627 0.980936 
1628 0.977095 
1629 0.973321 
1630 0.969621 
1631 0.966003 
1632 0.962476 
1633 0.959046 
1634 0.955721 
1635 0.952509 
1636 0.949415 
1637 0.946446 
1638 0.943609 
1639 0.940909 
1640 0.938352 
1641 0.935942 
1642 0.933686 
1643 0.931586 
1644 0.929648 
1645 0.927875 
1646 0.926270 
1647 0.924836 
1648 0.923576 
1649 0.922492 
1650 0.921585 
1651 0.920858 
1652 0.920310 
1653 0.919943 
1654 0.919757 
1655 0.919751 
1656 0.919924 
1657 0.920277 
1658 0.920806 
1659 0.921511 
1660 0.922389 
1661 0.923437 
1662 0.924653 
1663 0.926033 
1664 0.927574 
1665 0.929271 
1666 0.931120 
1667 0.933116 
1668 0.935255 
1669 0.937532 
1670 0.939939 
1671 0.942473 
1672 0.945125 
1673 0.947892 
1674 0.950764 
1675 0.953737 
1676 0.956802 
1677 0.959953 
1678 0.963182 
1679 0.966483 
1680 0.969846 
1681 0.973264 
1682 0.976730 
1683 0.980236 
1684 0.983774 
1685 0.987335 
1686 0.990911 
1687 0.994495 
1688 0.998079 
1689 1.001654 
1690 1.005212 
1691 1.008746 
1692 1.012247 
1693 1.015709 
1694 1.019123 
1695 1.022481 
1696 1.025778 
1697 1.029004 
1698 1.032154 
1699 1.035221 
1700 1.038197 
1701 1.041077 
1702 1.043855 
1703 1.046524 
1704 1.049080 
1705 1.051516 
1706 1.053827 
1707 1.056010 
1708 1.058059 
1709 1.059971 
1710 1.061741 
1711 1.063367 
1712 1.064844 
1713 1.066171 
1714 1.067344 
1715 1.068363 
1716 1.069224 
1717 1.069927 
1718 1.070471 
1719 1.070854 
1720 1.071078 
1721 1.071142 
1722 1.071045 
1723 1.070790 
1724 1.070378 
1725 1.069809 
1726 1.069086 
1727 1.068211 
1728 1.067187 
1729 1.066016 
1730 1.064701 
1731 1.063246 
1732 1.061656 
1733 1.059933 
1734 1.058083 
1735 1.056109 
1736 1.054018 
1737 1.051813 
1738 1.049501 
1739 1.047087 
1740 1.044577 
1741 1.041977 
1742 1.039293 
1743 1.036531 
1744 1.033698 
1745 1.030800 
1746 1.027845 
1747 1.024838 
1748 1.021788 
1749 1.018701 
1750 1.015583 
1751 1.012443 
1752 1.009287 
1753 1.006122 
1754 1.002956 
1755 0.999796 
1756 0.996648 
1757 0.993519 
1758 0.990417 
1759 0.987349 
1760 0.984320 
1761 0.981338 
1762 0.978409 
1763 0.975540 
1764 0.972736 
1765 0.970005 
1766 0.967350 
1767 0.964779 
1768 0.962296 
1769 0.959907 
1770 0.957617 
1771 0.955431 
1772 0.953353 
1773 0.951387 
1774 0.949537 
1775 0.947807 
1776 0.946200 
1777 0.944720 
1778 0.943369 
1779 0.942150 
1780 0.941066 
1781 0.940117 
1782 0.939305 
1783 0.938633 
1784 0.938100 
1785 0.937708 
1786 0.937457 
1787 0.937346 
1788 0.937376 
1789 0.937546 
1790 0.937855 
1791 0.938302 
1792 0.938885 
1793 0.939603 
1794 0.940453 
1795 0.941433 
1796 0.942540 
1797 0.943772 
1798 0.945125 
1799 0.946596 
1800 0.948180 
1801 0.949875 
1802 0.951676 
1803 0.953578 
1804 0.955577 
1805 0.957668 
1806 0.959846 
1807 0.962107 
1808 0.964443 
1809 0.966851 
1810 0.969325 
1811 0.971858 
1812 0.974446 
1813 0.977081 
1814 0.979758 
1815 0.982471 
1816 0.985214 
1817 0.987981 
1818 0.990764 
1819 0.993559 
1820 0.996358 
1821 0.999156 
1822 1.001946 
1823 1.004721 
1824 1.007477 
1825 1.010206 
1826 1.012904 
1827 1.015562 
1828 1.018177 
1829 1.020742 
1830 1.023252 
1831 1.025701 
1832 1.028084 
1833 1.030396 
1834 1.032631 
1835 1.034786 
1836 1.036855 
1837 1.038835 
1838 1.040721 
1839 1.042508 
1840 1.044195 
1841 1.045776 
1842 1.047249 
1843 1.048612 
1844 1.049860 
1845 1.050993 
1846 1.052007 
1847 1.052901 
1848 1.053674 
1849 1.054323 
1850 1.054849 
1851 1.055250 
1852 1.055526 
1853 1.055676 
1854 1.055702 
1855 1.055602 
1856 1.055379 
1857 1.055032 
1858 1.054564 
1859 1.053975 
1860 1.053268 
1861 1.052445 
1862 1.051507 
1863 1.050457 
1864 1.049299 
1865 1.048035 
1866 1.046668 
1867 1.045203 
1868 1.043641 
1869 1.041989 
1870 1.040249 
1871 1.038425 
1872 1.036523 
1873 1.034546 
1874 1.032501 
1875 1.030390 
1876 1.028220 
1877 1.025995 
1878 1.023721 
1879 1.021403 
1880 1.019046 
1881 1.016655 
1882 1.014237 
1883 1.011797 
1884 1.009340 
1885 1.006871 
1886 1.004397 
1887 1.001923 
1888 0.999454 
1889 0.996995 
1890 0.994553 
1891 0.992132 
1892 0.989738 
1893 0.987376 
1894 0.985052 
1895 0.982769 
1896 0.980533 
1897 0.978348 
1898 0.976220 
1899 0.974152 
1900 0.972150 
1901 0.970217 
1902 0.968356 
1903 0.966573 
1904 0.964871 
1905 0.963252 
1906 0.961721 
1907 0.960280 
1908 0.958933 
1909 0.957682 
1910 0.956529 
1911 0.955477 
1912 0.954528 
1913 0.953684 
1914 0.952946 
1915 0.952315 
1916 0.951793 
1917 0.951380 
1918 0.951078 
1919 0.950885 
1920 0.950804 
1921 0.950832 
1922 0.950971 
1923 0.951218 
1924 0.951574 
1925 0.952037 
1926 0.952606 
1927 0.953278 
1928 0.954053 
1929 0.954928 
1930 0.955901 
1931 0.956970 
1932 0.958130 
1933 0.959381 
1934 0.960718 
1935 0.962138 
1936 0.963638 
1937 0.965215 
1938 0.966863 
1939 0.968580 
1940 0.970361 
1941 0.972203 
1942 0.974100 
1943 0.976049 
1944 0.978044 
1945 0.980082 
1946 0.982157 
1947 0.984265 
1948 0.986402 
1949 0.988561 
1950 0.990739 
1951 0.992929 
1952 0.995129 
1953 0.997332 
1954 0.999533 
1955 1.001729 
1956 1.003913 
1957 1.006081 
1958 1.008229 
1959 1.010351 
1960 1.012443 
1961 1.014501 
1962 1.016519 
1963 1.018494 
1964 1.020422 
1965 1.022297 
1966 1.024116 
1967 1.025876 
1968 1.027571 
1969 1.029200 
1970 1.030758 
1971 1.032241 
1972 1.033648 
1973 1.034974 
1974 1.036218 
1975 1.037376 
1976 1.038446 
1977 1.039427 
1978 1.040316 
1979 1.041111 
1980 1.041811 
1981 1.042416 
1982 1.042923 
1983 1.043332 
1984 1.043642 
1985 1.043854 
1986 1.043966 
1987 1.043980 
1988 1.043896 
1989 1.043713 
1990 1.043433 
1991 1.043057 
1992 1.042586 
1993 1.042022 
1994 1.041366 
1995 1.040620 
1996 1.039786 
1997 1.038867 
1998 1.037864 
1999 1.036781 
