0.092587 0.092587 0.092587 
0.084049 0.084049 0.084049 
0.076298 0.076299 0.076299 
0.069263 0.069263 0.069263 
0.062876 0.062876 0.062876 
0.057078 0.057078 0.057078 
0.051814 0.051814 0.051814 
0.047036 0.047036 0.047036 
0.042699 0.042699 0.042699 
0.038761 0.038761 0.038762 
0.035187 0.035187 0.035187 
0.031942 0.031942 0.031942 
0.028997 0.028997 0.028997 
0.026323 0.026323 0.026323 
0.023896 0.023896 0.023896 
0.021692 0.021692 0.021692 
0.019692 0.019692 0.019692 
0.017876 0.017876 0.017876 
0.016228 0.016227 0.016227 
0.014731 0.014731 0.014731 
0.013373 0.013373 0.013373 
0.012140 0.012140 0.012139 
0.011020 0.011020 0.011020 
0.010004 0.010004 0.010004 
0.009081 0.009081 0.009081 
0.008244 0.008244 0.008244 
0.007484 0.007484 0.007484 
0.006794 0.006794 0.006794 
0.006167 0.006167 0.006167 
0.005599 0.005598 0.005598 
0.005082 0.005082 0.005082 
0.004614 0.004614 0.004614 
0.004188 0.004188 0.004188 
0.003802 0.003802 0.003802 
0.003451 0.003451 0.003451 
0.003133 0.003133 0.003133 
0.002844 0.002844 0.002844 
0.002582 0.002582 0.002582 
0.002344 0.002344 0.002344 
0.002128 0.002128 0.002128 
0.001932 0.001931 0.001931 
0.001753 0.001753 0.001753 
0.001592 0.001592 0.001592 
0.001445 0.001445 0.001445 
0.001312 0.001312 0.001312 
0.001191 0.001191 0.001191 
0.001081 0.001081 0.001081 
0.000981 0.000981 0.000981 
0.000891 0.000891 0.000891 
0.000809 0.000809 0.000809 
0.000734 0.000734 0.000734 
0.000666 0.000666 0.000666 
0.000605 0.000605 0.000605 
0.000549 0.000549 0.000549 
0.000499 0.000498 0.000498 
0.000453 0.000453 0.000453 
0.000411 0.000411 0.000411 
