0 0.000000 
1 0.000000 
2 0.000000 
3 0.000000 
4 0.000000 
5 0.000000 
6 0.000000 
7 0.000000 
8 0.000000 
9 0.000000 
10 0.000000 
11 0.000000 
12 0.000000 
13 0.000000 
14 0.000000 
15 0.000000 
16 0.000000 
17 0.000000 
18 0.000000 
19 0.000000 
20 0.000000 
21 0.000000 
22 0.000000 
23 0.000000 
24 0.000000 
25 0.000000 
26 0.000000 
27 0.000000 
28 0.000000 
29 0.000000 
30 0.000000 
31 0.000000 
32 0.000000 
33 0.000000 
34 0.000000 
35 0.000000 
36 0.000000 
37 0.000000 
38 0.000000 
39 0.000000 
40 0.000000 
41 0.000000 
42 0.000000 
43 0.000000 
44 0.000000 
45 0.000000 
46 0.000000 
47 0.000000 
48 0.000000 
49 0.000000 
50 0.000000 
51 0.000000 
52 0.000000 
53 0.000000 
54 0.000000 
55 0.000000 
56 0.000000 
57 0.000000 
58 0.000000 
59 0.000000 
60 0.000000 
61 0.000000 
62 0.000000 
63 0.000000 
64 0.000000 
65 0.000000 
66 0.000000 
67 0.000000 
68 0.000000 
69 0.000000 
70 0.000000 
71 0.000000 
72 0.000000 
73 0.000000 
74 0.000000 
75 0.000000 
76 0.000000 
77 0.000000 
78 0.000000 
79 0.000000 
80 0.000000 
81 0.000000 
82 0.000000 
83 0.000000 
84 0.000000 
85 0.000000 
86 0.000000 
87 0.000000 
88 0.000000 
89 0.000000 
90 0.000000 
91 2.312800 
92 3.855692 
93 4.833640 
94 5.400466 
95 5.671324 
96 5.732160 
97 5.646876 
98 5.462765 
99 5.214617 
100 4.927837 
101 4.620791 
102 4.306592 
103 3.994435 
104 3.690614 
105 3.399281 
106 3.123023 
107 2.863286 
108 2.620703 
109 2.395328 
110 2.186816 
111 1.994555 
112 1.817764 
113 1.655559 
114 1.507009 
115 1.371167 
116 1.247101 
117 1.133905 
118 1.030713 
119 0.936709 
120 0.851123 
121 0.773239 
122 0.702393 
123 0.637971 
124 0.579406 
125 0.526178 
126 0.477810 
127 0.433867 
128 0.393947 
129 0.357688 
130 0.324756 
131 0.294849 
132 0.267690 
133 0.243029 
134 0.220636 
135 0.200304 
136 0.181844 
137 0.165084 
138 0.149867 
139 0.136052 
140 0.123510 
141 0.112124 
142 0.101787 
143 0.092402 
144 0.083883 
145 0.076149 
146 0.069128 
147 0.062754 
148 0.047651 
149 0.036183 
150 0.027475 
151 0.020863 
152 0.015842 
153 0.012029 
154 0.009134 
155 0.006936 
156 0.005267 
157 0.003999 
158 0.003037 
159 0.002306 
160 0.001751 
161 0.001329 
162 0.001010 
163 0.000767 
164 0.000582 
165 0.000442 
166 0.000336 
167 0.000255 
168 0.000194 
169 0.000147 
170 0.000112 
171 0.000085 
172 0.000064 
173 0.000049 
174 0.000037 
175 0.000028 
176 0.000021 
177 0.000016 
178 0.000012 
179 0.000009 
180 0.000007 
181 0.000005 
182 0.051543 
183 0.171844 
184 0.358667 
185 0.599828 
186 0.879127 
187 1.179871 
188 1.486821 
189 1.787133 
190 2.070675 
191 2.329973 
192 2.559962 
193 2.757642 
194 2.921709 
195 3.052194 
196 3.150143 
197 3.217336 
198 3.256048 
199 3.268865 
200 3.258525 
201 3.227807 
202 3.179440 
203 3.116041 
204 3.040074 
205 2.953819 
206 2.859361 
207 2.758580 
208 2.653156 
209 2.544571 
210 2.434122 
211 2.322934 
212 2.211968 
213 2.102039 
214 1.993830 
215 1.887903 
216 1.784713 
217 1.684623 
218 1.587911 
219 1.494786 
220 1.405391 
221 1.319818 
222 1.238111 
223 1.160279 
224 1.086294 
225 1.016105 
226 0.949637 
227 0.886797 
228 0.827480 
229 0.771568 
230 0.718936 
231 0.669454 
232 0.622987 
233 0.579400 
234 0.538556 
235 0.500319 
236 0.464556 
237 0.431135 
238 0.399928 
239 0.370396 
240 0.342279 
241 0.315481 
242 0.289987 
243 0.265823 
244 0.243020 
245 0.221606 
246 0.201591 
247 0.182970 
248 0.165720 
249 0.149805 
250 0.135175 
251 0.121771 
252 0.109527 
253 0.098374 
254 0.088240 
255 0.079051 
256 0.070738 
257 0.063230 
258 0.056461 
259 0.050367 
260 0.044889 
261 0.039970 
262 0.035560 
263 0.031608 
264 0.028072 
265 0.024911 
266 0.022087 
267 0.019566 
268 0.017319 
269 0.015316 
270 0.013533 
271 0.011946 
272 0.010535 
273 0.010430 
274 0.013913 
275 0.023959 
276 0.043683 
277 0.075869 
278 0.122634 
279 0.185254 
280 0.264108 
281 0.358723 
282 0.467881 
283 0.589769 
284 0.722133 
285 0.862437 
286 1.008009 
287 1.156165 
288 1.304313 
289 1.450030 
290 1.591123 
291 1.725668 
292 1.852030 
293 1.968868 
294 2.075137 
295 2.170069 
296 2.253158 
297 2.324137 
298 2.382947 
299 2.429716 
300 2.464727 
301 2.488396 
302 2.501243 
303 2.503875 
304 2.496956 
305 2.481198 
306 2.457335 
307 2.426116 
308 2.388290 
309 2.344594 
310 2.295747 
311 2.242442 
312 2.185339 
313 2.125066 
314 2.062212 
315 1.997324 
316 1.930911 
317 1.863440 
318 1.795337 
319 1.726987 
320 1.658740 
321 1.590904 
322 1.523755 
323 1.457535 
324 1.392453 
325 1.328690 
326 1.266400 
327 1.205710 
328 1.146725 
329 1.089530 
330 1.034174 
331 0.980678 
332 0.929038 
333 0.879232 
334 0.831233 
335 0.785009 
336 0.740531 
337 0.697769 
338 0.656700 
339 0.617300 
340 0.579551 
341 0.543434 
342 0.508929 
343 0.476017 
344 0.444676 
345 0.414881 
346 0.386606 
347 0.359819 
348 0.334485 
349 0.310568 
350 0.288027 
351 0.266817 
352 0.246893 
353 0.228208 
354 0.210711 
355 0.194352 
356 0.179079 
357 0.164841 
358 0.151586 
359 0.139262 
360 0.127819 
361 0.117208 
362 0.107379 
363 0.098286 
364 0.089909 
365 0.082299 
366 0.075617 
367 0.070173 
368 0.066427 
369 0.064985 
370 0.066566 
371 0.071960 
372 0.081977 
373 0.097398 
374 0.118924 
375 0.147135 
376 0.182461 
377 0.225155 
378 0.275288 
379 0.332740 
380 0.397215 
381 0.468248 
382 0.545225 
383 0.627412 
384 0.713972 
385 0.803996 
386 0.896527 
387 0.990588 
388 1.085200 
389 1.179403 
390 1.272279 
391 1.362960 
392 1.450646 
393 1.534608 
394 1.614200 
395 1.688861 
396 1.758116 
397 1.821577 
398 1.878941 
399 1.929988 
400 1.974574 
401 2.012630 
402 2.044154 
403 2.069202 
404 2.087890 
405 2.100378 
406 2.106871 
407 2.107607 
408 2.102857 
409 2.092912 
410 2.078086 
411 2.058704 
412 2.035100 
413 2.007614 
414 1.976587 
415 1.942358 
416 1.905261 
417 1.865623 
418 1.823761 
419 1.779981 
420 1.734576 
421 1.687826 
422 1.639994 
423 1.591326 
424 1.542051 
425 1.492378 
426 1.442500 
427 1.392590 
428 1.342806 
429 1.293291 
430 1.244172 
431 1.195564 
432 1.147570 
433 1.100284 
434 1.053788 
435 1.008158 
436 0.963459 
437 0.919751 
438 0.877087 
439 0.835513 
440 0.795068 
441 0.755787 
442 0.717697 
443 0.680821 
444 0.645176 
445 0.610775 
446 0.577625 
447 0.545728 
448 0.515082 
449 0.485682 
450 0.457516 
451 0.430572 
452 0.404831 
453 0.380273 
454 0.356876 
455 0.334614 
456 0.313462 
457 0.293400 
458 0.274418 
459 0.256521 
460 0.239745 
461 0.224152 
462 0.209848 
463 0.196978 
464 0.185732 
465 0.176341 
466 0.169072 
467 0.164220 
468 0.162099 
469 0.163031 
470 0.167334 
471 0.175307 
472 0.187222 
473 0.203311 
474 0.223756 
475 0.248686 
476 0.278165 
477 0.312193 
478 0.350702 
479 0.393558 
480 0.440563 
481 0.491460 
482 0.545934 
483 0.603624 
484 0.664124 
485 0.726996 
486 0.791775 
487 0.857978 
488 0.925110 
489 0.992673 
490 1.060175 
491 1.127134 
492 1.193081 
493 1.257573 
494 1.320191 
495 1.380546 
496 1.438282 
497 1.493077 
498 1.544649 
499 1.592748 
500 1.637167 
501 1.677735 
502 1.714317 
503 1.746814 
504 1.775165 
505 1.799336 
506 1.819330 
507 1.835175 
508 1.846925 
509 1.854661 
510 1.858483 
511 1.858512 
512 1.854885 
513 1.847752 
514 1.837279 
515 1.823637 
516 1.807008 
517 1.787578 
518 1.765536 
519 1.741073 
520 1.714381 
521 1.685648 
522 1.655062 
523 1.622805 
524 1.589055 
525 1.553987 
526 1.517766 
527 1.480554 
528 1.442504 
529 1.403766 
530 1.364478 
531 1.324776 
532 1.284786 
533 1.244629 
534 1.204417 
535 1.164258 
536 1.124251 
537 1.084490 
538 1.045062 
539 1.006048 
540 0.967521 
541 0.929550 
542 0.892198 
543 0.855521 
544 0.819570 
545 0.784389 
546 0.750020 
547 0.716497 
548 0.683849 
549 0.652103 
550 0.621282 
551 0.591406 
552 0.562496 
553 0.534572 
554 0.507661 
555 0.481795 
556 0.457014 
557 0.433370 
558 0.410927 
559 0.389765 
560 0.369978 
561 0.351677 
562 0.334986 
563 0.320044 
564 0.307001 
565 0.296017 
566 0.287253 
567 0.280876 
568 0.277048 
569 0.275925 
570 0.277649 
571 0.282351 
572 0.290139 
573 0.301101 
574 0.315296 
575 0.332758 
576 0.353490 
577 0.377464 
578 0.404621 
579 0.434868 
580 0.468085 
581 0.504120 
582 0.542794 
583 0.583903 
584 0.627218 
585 0.672493 
586 0.719461 
587 0.767845 
588 0.817356 
589 0.867697 
590 0.918568 
591 0.969668 
592 1.020700 
593 1.071369 
594 1.121391 
595 1.170490 
596 1.218406 
597 1.264890 
598 1.309710 
599 1.352654 
600 1.393524 
601 1.432147 
602 1.468364 
603 1.502041 
604 1.533063 
605 1.561333 
606 1.586778 
607 1.609341 
608 1.628985 
609 1.645692 
610 1.659459 
611 1.670300 
612 1.678245 
613 1.683337 
614 1.685631 
615 1.685194 
616 1.682102 
617 1.676443 
618 1.668310 
619 1.657804 
620 1.645031 
621 1.630103 
622 1.613134 
623 1.594241 
624 1.573545 
625 1.551165 
626 1.527225 
627 1.501844 
628 1.475144 
629 1.447244 
630 1.418263 
631 1.388315 
632 1.357515 
633 1.325973 
634 1.293796 
635 1.261090 
636 1.227954 
637 1.194486 
638 1.160779 
639 1.126921 
640 1.092998 
641 1.059091 
642 1.025275 
643 0.991623 
644 0.958204 
645 0.925082 
646 0.892319 
647 0.859975 
648 0.828105 
649 0.796767 
650 0.766015 
651 0.735906 
652 0.706498 
653 0.677852 
654 0.650032 
655 0.623106 
656 0.597149 
657 0.572240 
658 0.548462 
659 0.525908 
660 0.504672 
661 0.484855 
662 0.466563 
663 0.449901 
664 0.434979 
665 0.421905 
666 0.410787 
667 0.401728 
668 0.394825 
669 0.390170 
670 0.387845 
671 0.387920 
672 0.390454 
673 0.395491 
674 0.403062 
675 0.413180 
676 0.425842 
677 0.441026 
678 0.458693 
679 0.478787 
680 0.501233 
681 0.525940 
682 0.552799 
683 0.581686 
684 0.612462 
685 0.644976 
686 0.679064 
687 0.714552 
688 0.751255 
689 0.788985 
690 0.827544 
691 0.866734 
692 0.906351 
693 0.946195 
694 0.986064 
695 1.025759 
696 1.065085 
697 1.103855 
698 1.141886 
699 1.179003 
700 1.215042 
701 1.249846 
702 1.283271 
703 1.315182 
704 1.345457 
705 1.373985 
706 1.400668 
707 1.425420 
708 1.448166 
709 1.468847 
710 1.487411 
711 1.503820 
712 1.518050 
713 1.530083 
714 1.539915 
715 1.547551 
716 1.553006 
717 1.556303 
718 1.557473 
719 1.556556 
720 1.553599 
721 1.548655 
722 1.541782 
723 1.533044 
724 1.522511 
725 1.510254 
726 1.496351 
727 1.480880 
728 1.463924 
729 1.445566 
730 1.425892 
731 1.404988 
732 1.382940 
733 1.359837 
734 1.335764 
735 1.310809 
736 1.285057 
737 1.258593 
738 1.231500 
739 1.203861 
740 1.175755 
741 1.147263 
742 1.118460 
743 1.089424 
744 1.060228 
745 1.030947 
746 1.001652 
747 0.972415 
748 0.943310 
749 0.914407 
750 0.885779 
751 0.857501 
752 0.829646 
753 0.802291 
754 0.775514 
755 0.749395 
756 0.724017 
757 0.699462 
758 0.675818 
759 0.653171 
760 0.631609 
761 0.611221 
762 0.592096 
763 0.574324 
764 0.557990 
765 0.543179 
766 0.529973 
767 0.518450 
768 0.508681 
769 0.500734 
770 0.494668 
771 0.490535 
772 0.488379 
773 0.488235 
774 0.490125 
775 0.494064 
776 0.500056 
777 0.508091 
778 0.518150 
779 0.530201 
780 0.544202 
781 0.560098 
782 0.577824 
783 0.597304 
784 0.618451 
785 0.641169 
786 0.665354 
787 0.690892 
788 0.717663 
789 0.745541 
790 0.774392 
791 0.804080 
792 0.834465 
793 0.865403 
794 0.896750 
795 0.928360 
796 0.960088 
797 0.991791 
798 1.023327 
799 1.054557 
800 1.085346 
801 1.115564 
802 1.145086 
803 1.173791 
804 1.201568 
805 1.228308 
806 1.253912 
807 1.278289 
808 1.301354 
809 1.323029 
810 1.343248 
811 1.361949 
812 1.379079 
813 1.394595 
814 1.408460 
815 1.420644 
816 1.431128 
817 1.439898 
818 1.446946 
819 1.452274 
820 1.455888 
821 1.457803 
822 1.458037 
823 1.456615 
824 1.453567 
825 1.448929 
826 1.442741 
827 1.435045 
828 1.425890 
829 1.415326 
830 1.403408 
831 1.390192 
832 1.375737 
833 1.360105 
834 1.343359 
835 1.325562 
836 1.306782 
837 1.287083 
838 1.266535 
839 1.245205 
840 1.223162 
841 1.200476 
842 1.177216 
843 1.153453 
844 1.129258 
845 1.104701 
846 1.079856 
847 1.054794 
848 1.029588 
849 1.004313 
850 0.979044 
851 0.953856 
852 0.928825 
853 0.904031 
854 0.879551 
855 0.855465 
856 0.831853 
857 0.808795 
858 0.786372 
859 0.764666 
860 0.743758 
861 0.723726 
862 0.704650 
863 0.686609 
864 0.669676 
865 0.653925 
866 0.639427 
867 0.626246 
868 0.614446 
869 0.604085 
870 0.595213 
871 0.587879 
872 0.582121 
873 0.577975 
874 0.575467 
875 0.574617 
876 0.575435 
877 0.577926 
878 0.582086 
879 0.587902 
880 0.595355 
881 0.604414 
882 0.615045 
883 0.627201 
884 0.640831 
885 0.655876 
886 0.672268 
887 0.689935 
888 0.708798 
889 0.728771 
890 0.749765 
891 0.771685 
892 0.794433 
893 0.817908 
894 0.842004 
895 0.866615 
896 0.891633 
897 0.916950 
898 0.942456 
899 0.968042 
900 0.993602 
901 1.019028 
902 1.044217 
903 1.069067 
904 1.093480 
905 1.117361 
906 1.140618 
907 1.163164 
908 1.184916 
909 1.205798 
910 1.225737 
911 1.244664 
912 1.262518 
913 1.279242 
914 1.294786 
915 1.309104 
916 1.322157 
917 1.333911 
918 1.344337 
919 1.353414 
920 1.361123 
921 1.367452 
922 1.372396 
923 1.375953 
924 1.378126 
925 1.378923 
926 1.378357 
927 1.376444 
928 1.373205 
929 1.368665 
930 1.362852 
931 1.355799 
932 1.347539 
933 1.338112 
934 1.327557 
935 1.315918 
936 1.303241 
937 1.289574 
938 1.274968 
939 1.259473 
940 1.243145 
941 1.226039 
942 1.208213 
943 1.189726 
944 1.170638 
945 1.151012 
946 1.130910 
947 1.110399 
948 1.089544 
949 1.068413 
950 1.047074 
951 1.025597 
952 1.004053 
953 0.982514 
954 0.961051 
955 0.939738 
956 0.918649 
957 0.897856 
958 0.877434 
959 0.857456 
960 0.837995 
961 0.819124 
962 0.800912 
963 0.783431 
964 0.766747 
965 0.750926 
966 0.736032 
967 0.722125 
968 0.709262 
969 0.697496 
970 0.686878 
971 0.677453 
972 0.669261 
973 0.662338 
974 0.656715 
975 0.652417 
976 0.649465 
977 0.647871 
978 0.647644 
979 0.648786 
980 0.651292 
981 0.655152 
982 0.660350 
983 0.666864 
984 0.674664 
985 0.683717 
986 0.693982 
987 0.705416 
988 0.717966 
989 0.731578 
990 0.746193 
991 0.761745 
992 0.778167 
993 0.795388 
994 0.813334 
995 0.831926 
996 0.851086 
997 0.870732 
998 0.890782 
999 0.911151 
1000 0.931757 
1001 0.952514 
1002 0.973339 
1003 0.994147 
1004 1.014857 
1005 1.035388 
1006 1.055660 
1007 1.075597 
1008 1.095123 
1009 1.114167 
1010 1.132659 
1011 1.150534 
1012 1.167729 
1013 1.184184 
1014 1.199845 
1015 1.214661 
1016 1.228583 
1017 1.241568 
1018 1.253577 
1019 1.264576 
1020 1.274533 
1021 1.283422 
1022 1.291220 
1023 1.297910 
1024 1.303476 
1025 1.307910 
1026 1.311205 
1027 1.313358 
1028 1.314372 
1029 1.314252 
1030 1.313007 
1031 1.310649 
1032 1.307195 
1033 1.302663 
1034 1.297076 
1035 1.290458 
1036 1.282839 
1037 1.274249 
1038 1.264722 
1039 1.254294 
1040 1.243004 
1041 1.230893 
1042 1.218004 
1043 1.204384 
1044 1.190079 
1045 1.175141 
1046 1.159620 
1047 1.143570 
1048 1.127046 
1049 1.110105 
1050 1.092806 
1051 1.075208 
1052 1.057371 
1053 1.039359 
1054 1.021234 
1055 1.003060 
1056 0.984900 
1057 0.966820 
1058 0.948885 
1059 0.931160 
1060 0.913708 
1061 0.896594 
1062 0.879882 
1063 0.863634 
1064 0.847911 
1065 0.832772 
1066 0.818274 
1067 0.804475 
1068 0.791427 
1069 0.779180 
1070 0.767782 
1071 0.757278 
1072 0.747709 
1073 0.739113 
1074 0.731523 
1075 0.724970 
1076 0.719477 
1077 0.715068 
1078 0.711758 
1079 0.709560 
1080 0.708481 
1081 0.708524 
1082 0.709686 
1083 0.711962 
1084 0.715340 
1085 0.719802 
1086 0.725330 
1087 0.731898 
1088 0.739475 
1089 0.748029 
1090 0.757521 
1091 0.767911 
1092 0.779152 
1093 0.791197 
1094 0.803994 
1095 0.817488 
1096 0.831623 
1097 0.846339 
1098 0.861575 
1099 0.877268 
1100 0.893355 
1101 0.909768 
1102 0.926443 
1103 0.943313 
1104 0.960311 
1105 0.977371 
1106 0.994427 
1107 1.011412 
1108 1.028263 
1109 1.044916 
1110 1.061309 
1111 1.077383 
1112 1.093079 
1113 1.108341 
1114 1.123115 
1115 1.137350 
1116 1.150997 
1117 1.164010 
1118 1.176346 
1119 1.187965 
1120 1.198829 
1121 1.208904 
1122 1.218160 
1123 1.226569 
1124 1.234107 
1125 1.240753 
1126 1.246489 
1127 1.251300 
1128 1.255176 
1129 1.258108 
1130 1.260092 
1131 1.261127 
1132 1.261213 
1133 1.260357 
1134 1.258565 
1135 1.255849 
1136 1.252222 
1137 1.247702 
1138 1.242307 
1139 1.236059 
1140 1.228985 
1141 1.221110 
1142 1.212465 
1143 1.203083 
1144 1.192998 
1145 1.182246 
1146 1.170868 
1147 1.158905 
1148 1.146399 
1149 1.133395 
1150 1.119941 
1151 1.106083 
1152 1.091874 
1153 1.077362 
1154 1.062601 
1155 1.047643 
1156 1.032543 
1157 1.017356 
1158 1.002136 
1159 0.986940 
1160 0.971823 
1161 0.956841 
1162 0.942048 
1163 0.927501 
1164 0.913252 
1165 0.899355 
1166 0.885862 
1167 0.872824 
1168 0.860289 
1169 0.848305 
1170 0.836917 
1171 0.826168 
1172 0.816098 
1173 0.806745 
1174 0.798145 
1175 0.790329 
1176 0.783326 
1177 0.777163 
1178 0.771862 
1179 0.767442 
1180 0.763917 
1181 0.761301 
1182 0.759600 
1183 0.758819 
1184 0.758959 
1185 0.760016 
1186 0.761984 
1187 0.764851 
1188 0.768604 
1189 0.773225 
1190 0.778692 
1191 0.784980 
1192 0.792062 
1193 0.799907 
1194 0.808481 
1195 0.817748 
1196 0.827667 
1197 0.838197 
1198 0.849295 
1199 0.860915 
1200 0.873009 
1201 0.885528 
1202 0.898422 
1203 0.911640 
1204 0.925128 
1205 0.938834 
1206 0.952704 
1207 0.966685 
1208 0.980724 
1209 0.994766 
1210 1.008760 
1211 1.022652 
1212 1.036391 
1213 1.049928 
1214 1.063213 
1215 1.076198 
1216 1.088837 
1217 1.101085 
1218 1.112901 
1219 1.124242 
1220 1.135072 
1221 1.145352 
1222 1.155049 
1223 1.164131 
1224 1.172569 
1225 1.180337 
1226 1.187408 
1227 1.193763 
1228 1.199382 
1229 1.204249 
1230 1.208350 
1231 1.211674 
1232 1.214214 
1233 1.215963 
1234 1.216919 
1235 1.217083 
1236 1.216456 
1237 1.215044 
1238 1.212856 
1239 1.209902 
1240 1.206194 
1241 1.201750 
1242 1.196586 
1243 1.190724 
1244 1.184186 
1245 1.176999 
1246 1.169188 
1247 1.160783 
1248 1.151817 
1249 1.142322 
1250 1.132334 
1251 1.121889 
1252 1.111027 
1253 1.099787 
1254 1.088211 
1255 1.076342 
1256 1.064223 
1257 1.051899 
1258 1.039416 
1259 1.026819 
1260 1.014156 
1261 1.001473 
1262 0.988817 
1263 0.976235 
1264 0.963774 
1265 0.951480 
1266 0.939399 
1267 0.927576 
1268 0.916055 
1269 0.904879 
1270 0.894089 
1271 0.883726 
1272 0.873828 
1273 0.864432 
1274 0.855573 
1275 0.847282 
1276 0.839591 
1277 0.832528 
1278 0.826118 
1279 0.820383 
1280 0.815345 
1281 0.811020 
1282 0.807423 
1283 0.804566 
1284 0.802457 
1285 0.801103 
1286 0.800505 
1287 0.800663 
1288 0.801575 
1289 0.803234 
1290 0.805630 
1291 0.808752 
1292 0.812585 
1293 0.817110 
1294 0.822308 
1295 0.828156 
1296 0.834629 
1297 0.841698 
1298 0.849335 
1299 0.857507 
1300 0.866180 
1301 0.875319 
1302 0.884888 
1303 0.894847 
1304 0.905157 
1305 0.915777 
1306 0.926666 
1307 0.937780 
1308 0.949078 
1309 0.960515 
1310 0.972048 
1311 0.983633 
1312 0.995228 
1313 1.006788 
1314 1.018270 
1315 1.029634 
1316 1.040837 
1317 1.051838 
1318 1.062599 
1319 1.073081 
1320 1.083247 
1321 1.093061 
1322 1.102490 
1323 1.111500 
1324 1.120061 
1325 1.128144 
1326 1.135723 
1327 1.142771 
1328 1.149266 
1329 1.155187 
1330 1.160515 
1331 1.165234 
1332 1.169328 
1333 1.172786 
1334 1.175599 
1335 1.177758 
1336 1.179258 
1337 1.180097 
1338 1.180273 
1339 1.179789 
1340 1.178649 
1341 1.176858 
1342 1.174427 
1343 1.171364 
1344 1.167684 
1345 1.163401 
1346 1.158533 
1347 1.153099 
1348 1.147120 
1349 1.140620 
1350 1.133623 
1351 1.126156 
1352 1.118248 
1353 1.109928 
1354 1.101228 
1355 1.092181 
1356 1.082820 
1357 1.073181 
1358 1.063300 
1359 1.053214 
1360 1.042960 
1361 1.032577 
1362 1.022104 
1363 1.011580 
1364 1.001043 
1365 0.990534 
1366 0.980092 
1367 0.969755 
1368 0.959562 
1369 0.949551 
1370 0.939759 
1371 0.930223 
1372 0.920977 
1373 0.912056 
1374 0.903493 
1375 0.895318 
1376 0.887563 
1377 0.880255 
1378 0.873421 
1379 0.867085 
1380 0.861269 
1381 0.855995 
1382 0.851281 
1383 0.847142 
1384 0.843593 
1385 0.840645 
1386 0.838307 
1387 0.836587 
1388 0.835487 
1389 0.835011 
1390 0.835157 
1391 0.835923 
1392 0.837303 
1393 0.839290 
1394 0.841873 
1395 0.845041 
1396 0.848778 
1397 0.853068 
1398 0.857893 
1399 0.863231 
1400 0.869060 
1401 0.875357 
1402 0.882095 
1403 0.889246 
1404 0.896782 
1405 0.904672 
1406 0.912886 
1407 0.921390 
1408 0.930152 
1409 0.939138 
1410 0.948313 
1411 0.957641 
1412 0.967088 
1413 0.976617 
1414 0.986193 
1415 0.995780 
1416 1.005342 
1417 1.014845 
1418 1.024252 
1419 1.033531 
1420 1.042647 
1421 1.051568 
1422 1.060262 
1423 1.068698 
1424 1.076846 
1425 1.084677 
1426 1.092165 
1427 1.099284 
1428 1.106009 
1429 1.112317 
1430 1.118187 
1431 1.123600 
1432 1.128537 
1433 1.132983 
1434 1.136923 
1435 1.140345 
1436 1.143239 
1437 1.145596 
1438 1.147409 
1439 1.148673 
1440 1.149387 
1441 1.149549 
1442 1.149161 
1443 1.148225 
1444 1.146748 
1445 1.144735 
1446 1.142197 
1447 1.139144 
1448 1.135588 
1449 1.131545 
1450 1.127030 
1451 1.122062 
1452 1.116659 
1453 1.110843 
1454 1.104637 
1455 1.098064 
1456 1.091150 
1457 1.083920 
1458 1.076403 
1459 1.068627 
1460 1.060622 
1461 1.052417 
1462 1.044044 
1463 1.035534 
1464 1.026920 
1465 1.018233 
1466 1.009506 
1467 1.000772 
1468 0.992064 
1469 0.983414 
1470 0.974854 
1471 0.966417 
1472 0.958132 
1473 0.950032 
1474 0.942146 
1475 0.934503 
1476 0.927130 
1477 0.920056 
1478 0.913306 
1479 0.906903 
1480 0.900872 
1481 0.895233 
1482 0.890007 
1483 0.885213 
1484 0.880866 
1485 0.876981 
1486 0.873572 
1487 0.870651 
1488 0.868225 
1489 0.866302 
1490 0.864888 
1491 0.863987 
1492 0.863599 
1493 0.863724 
1494 0.864360 
1495 0.865502 
1496 0.867143 
1497 0.869276 
1498 0.871890 
1499 0.874974 
1500 0.878513 
1501 0.882493 
1502 0.886897 
1503 0.891706 
1504 0.896901 
1505 0.902460 
1506 0.908360 
1507 0.914579 
1508 0.921092 
1509 0.927872 
1510 0.934893 
1511 0.942129 
1512 0.949551 
1513 0.957130 
1514 0.964838 
1515 0.972646 
1516 0.980524 
1517 0.988443 
1518 0.996372 
1519 1.004284 
1520 1.012148 
1521 1.019936 
1522 1.027619 
1523 1.035169 
1524 1.042560 
1525 1.049765 
1526 1.056758 
1527 1.063514 
1528 1.070009 
1529 1.076221 
1530 1.082129 
1531 1.087710 
1532 1.092948 
1533 1.097822 
1534 1.102318 
1535 1.106421 
1536 1.110116 
1537 1.113391 
1538 1.116237 
1539 1.118644 
1540 1.120605 
1541 1.122114 
1542 1.123168 
1543 1.123765 
1544 1.123903 
1545 1.123583 
1546 1.122809 
1547 1.121585 
1548 1.119916 
1549 1.117810 
1550 1.115277 
1551 1.112326 
1552 1.108971 
1553 1.105224 
1554 1.101101 
1555 1.096618 
1556 1.091793 
1557 1.086644 
1558 1.081191 
1559 1.075457 
1560 1.069462 
1561 1.063229 
1562 1.056783 
1563 1.050149 
1564 1.043350 
1565 1.036414 
1566 1.029366 
1567 1.022232 
1568 1.015041 
1569 1.007818 
1570 1.000591 
1571 0.993387 
1572 0.986233 
1573 0.979155 
1574 0.972179 
1575 0.965332 
1576 0.958639 
1577 0.952123 
1578 0.945810 
1579 0.939722 
1580 0.933882 
1581 0.928309 
1582 0.923025 
1583 0.918049 
1584 0.913397 
1585 0.909086 
1586 0.905132 
1587 0.901548 
1588 0.898345 
1589 0.895536 
1590 0.893128 
1591 0.891129 
1592 0.889546 
1593 0.888382 
1594 0.887640 
1595 0.887322 
1596 0.887427 
1597 0.887953 
1598 0.888896 
1599 0.890251 
1600 0.892012 
1601 0.894169 
1602 0.896713 
1603 0.899634 
1604 0.902918 
1605 0.906551 
1606 0.910520 
1607 0.914806 
1608 0.919394 
1609 0.924264 
1610 0.929397 
1611 0.934773 
1612 0.940370 
1613 0.946168 
1614 0.952143 
1615 0.958273 
1616 0.964534 
1617 0.970902 
1618 0.977353 
1619 0.983863 
1620 0.990408 
1621 0.996963 
1622 1.003503 
1623 1.010006 
1624 1.016446 
1625 1.022801 
1626 1.029047 
1627 1.035162 
1628 1.041123 
1629 1.046910 
1630 1.052502 
1631 1.057878 
1632 1.063020 
1633 1.067911 
1634 1.072532 
1635 1.076869 
1636 1.080906 
1637 1.084629 
1638 1.088026 
1639 1.091085 
1640 1.093798 
1641 1.096154 
1642 1.098147 
1643 1.099770 
1644 1.101019 
1645 1.101890 
1646 1.102382 
1647 1.102495 
1648 1.102228 
1649 1.101584 
1650 1.100567 
1651 1.099182 
1652 1.097436 
1653 1.095335 
1654 1.092888 
1655 1.090107 
1656 1.087002 
1657 1.083586 
1658 1.079872 
1659 1.075875 
1660 1.071611 
1661 1.067097 
1662 1.062349 
1663 1.057388 
1664 1.052230 
1665 1.046897 
1666 1.041409 
1667 1.035787 
1668 1.030051 
1669 1.024225 
1670 1.018329 
1671 1.012386 
1672 1.006419 
1673 1.000449 
1674 0.994499 
1675 0.988592 
1676 0.982748 
1677 0.976990 
1678 0.971340 
1679 0.965817 
1680 0.960442 
1681 0.955235 
1682 0.950214 
1683 0.945398 
1684 0.940804 
1685 0.936448 
1686 0.932347 
1687 0.928514 
1688 0.924962 
1689 0.921705 
1690 0.918753 
1691 0.916116 
1692 0.913803 
1693 0.911821 
1694 0.910177 
1695 0.908875 
1696 0.907919 
1697 0.907311 
1698 0.907052 
1699 0.907141 
1700 0.907578 
1701 0.908358 
1702 0.909477 
1703 0.910931 
1704 0.912711 
1705 0.914811 
1706 0.917221 
1707 0.919930 
1708 0.922928 
1709 0.926201 
1710 0.929737 
1711 0.933521 
1712 0.937538 
1713 0.941773 
1714 0.946207 
1715 0.950825 
1716 0.955608 
1717 0.960537 
1718 0.965594 
1719 0.970760 
1720 0.976015 
1721 0.981338 
1722 0.986710 
1723 0.992111 
1724 0.997521 
1725 1.002920 
1726 1.008287 
1727 1.013604 
1728 1.018850 
1729 1.024006 
1730 1.029054 
1731 1.033976 
1732 1.038754 
1733 1.043371 
1734 1.047811 
1735 1.052057 
1736 1.056095 
1737 1.059910 
1738 1.063491 
1739 1.066823 
1740 1.069897 
1741 1.072701 
1742 1.075225 
1743 1.077463 
1744 1.079406 
1745 1.081049 
1746 1.082386 
1747 1.083413 
1748 1.084129 
1749 1.084530 
1750 1.084618 
1751 1.084392 
1752 1.083855 
1753 1.083009 
1754 1.081859 
1755 1.080410 
1756 1.078669 
1757 1.076643 
1758 1.074340 
1759 1.071770 
1760 1.068943 
1761 1.065871 
1762 1.062566 
1763 1.059041 
1764 1.055310 
1765 1.051387 
1766 1.047288 
1767 1.043029 
1768 1.038625 
1769 1.034095 
1770 1.029454 
1771 1.024721 
1772 1.019915 
1773 1.015052 
1774 1.010151 
1775 1.005231 
1776 1.000310 
1777 0.995407 
1778 0.990540 
1779 0.985726 
1780 0.980984 
1781 0.976331 
1782 0.971785 
1783 0.967361 
1784 0.963076 
1785 0.958945 
1786 0.954984 
1787 0.951206 
1788 0.947625 
1789 0.944254 
1790 0.941104 
1791 0.938186 
1792 0.935511 
1793 0.933088 
1794 0.930924 
1795 0.929027 
1796 0.927402 
1797 0.926055 
1798 0.924990 
1799 0.924210 
1800 0.923716 
1801 0.923509 
1802 0.923588 
1803 0.923953 
1804 0.924601 
1805 0.925527 
1806 0.926728 
1807 0.928198 
1808 0.929930 
1809 0.931917 
1810 0.934150 
1811 0.936620 
1812 0.939316 
1813 0.942229 
1814 0.945345 
1815 0.948653 
1816 0.952139 
1817 0.955790 
1818 0.959591 
1819 0.963529 
1820 0.967586 
1821 0.971749 
1822 0.976001 
1823 0.980326 
1824 0.984708 
1825 0.989130 
1826 0.993577 
1827 0.998030 
1828 1.002474 
1829 1.006893 
1830 1.011269 
1831 1.015588 
1832 1.019834 
1833 1.023990 
1834 1.028042 
1835 1.031976 
1836 1.035777 
1837 1.039432 
1838 1.042928 
1839 1.046252 
1840 1.049393 
1841 1.052340 
1842 1.055082 
1843 1.057610 
1844 1.059916 
1845 1.061992 
1846 1.063831 
1847 1.065426 
1848 1.066774 
1849 1.067869 
1850 1.068709 
1851 1.069291 
1852 1.069614 
1853 1.069678 
1854 1.069484 
1855 1.069033 
1856 1.068327 
1857 1.067371 
1858 1.066168 
1859 1.064725 
1860 1.063047 
1861 1.061141 
1862 1.059015 
1863 1.056679 
1864 1.054141 
1865 1.051412 
1866 1.048502 
1867 1.045424 
1868 1.042189 
1869 1.038809 
1870 1.035299 
1871 1.031671 
1872 1.027939 
1873 1.024118 
1874 1.020223 
1875 1.016267 
1876 1.012267 
1877 1.008238 
1878 1.004193 
1879 1.000150 
1880 0.996122 
1881 0.992124 
1882 0.988172 
1883 0.984281 
1884 0.980463 
1885 0.976734 
1886 0.973107 
1887 0.969596 
1888 0.966211 
1889 0.962967 
1890 0.959875 
1891 0.956945 
1892 0.954187 
1893 0.951612 
1894 0.949229 
1895 0.947045 
1896 0.945067 
1897 0.943303 
1898 0.941757 
1899 0.940436 
1900 0.939342 
1901 0.938479 
1902 0.937850 
1903 0.937455 
1904 0.937295 
1905 0.937370 
1906 0.937678 
1907 0.938217 
1908 0.938985 
1909 0.939977 
1910 0.941188 
1911 0.942614 
1912 0.944248 
1913 0.946083 
1914 0.948112 
1915 0.950326 
1916 0.952716 
1917 0.955273 
1918 0.957986 
1919 0.960845 
1920 0.963839 
1921 0.966956 
1922 0.970184 
1923 0.973510 
1924 0.976923 
1925 0.980409 
1926 0.983956 
1927 0.987549 
1928 0.991175 
1929 0.994821 
1930 0.998474 
1931 1.002119 
1932 1.005744 
1933 1.009335 
1934 1.012878 
1935 1.016362 
1936 1.019773 
1937 1.023099 
1938 1.026327 
1939 1.029447 
1940 1.032446 
1941 1.035315 
1942 1.038042 
1943 1.040619 
1944 1.043035 
1945 1.045284 
1946 1.047355 
1947 1.049244 
1948 1.050942 
1949 1.052445 
1950 1.053748 
1951 1.054845 
1952 1.055735 
1953 1.056415 
1954 1.056882 
1955 1.057135 
1956 1.057176 
1957 1.057003 
1958 1.056619 
1959 1.056026 
1960 1.055227 
1961 1.054226 
1962 1.053027 
1963 1.051636 
1964 1.050058 
1965 1.048300 
1966 1.046369 
1967 1.044274 
1968 1.042023 
1969 1.039625 
1970 1.037089 
1971 1.034425 
1972 1.031645 
1973 1.028758 
1974 1.025777 
1975 1.022712 
1976 1.019576 
1977 1.016380 
1978 1.013137 
1979 1.009860 
1980 1.006559 
1981 1.003249 
1982 0.999942 
1983 0.996649 
1984 0.993383 
1985 0.990156 
1986 0.986981 
1987 0.983868 
1988 0.980829 
1989 0.977875 
1990 0.975018 
1991 0.972266 
1992 0.969630 
1993 0.967119 
1994 0.964742 
1995 0.962507 
1996 0.960422 
1997 0.958494 
1998 0.956729 
1999 0.955133 
