0 0.000000 
1 0.000000 
2 0.000000 
3 0.000000 
4 0.000000 
5 0.000000 
6 0.000000 
7 0.000000 
8 0.000000 
9 0.000000 
10 0.000000 
11 0.000000 
12 0.000000 
13 0.000000 
14 0.000000 
15 0.000000 
16 0.000000 
17 0.000000 
18 0.000000 
19 0.000000 
20 0.000000 
21 0.000000 
22 0.000000 
23 0.000000 
24 0.000000 
25 0.000000 
26 0.000000 
27 0.000000 
28 0.000000 
29 0.000000 
30 0.000000 
31 0.000000 
32 0.000000 
33 0.000000 
34 0.000000 
35 0.000000 
36 0.000000 
37 0.000000 
38 0.000000 
39 0.000000 
40 0.000000 
41 0.000000 
42 0.000000 
43 0.000000 
44 0.000000 
45 0.000000 
46 0.000000 
47 0.000000 
48 0.000000 
49 0.000000 
50 0.000000 
51 0.000000 
52 0.000000 
53 0.000000 
54 0.000000 
55 0.000000 
56 0.000000 
57 0.000000 
58 0.000000 
59 0.000000 
60 0.000000 
61 0.000000 
62 0.000000 
63 0.000000 
64 0.000000 
65 0.000000 
66 0.000000 
67 0.000000 
68 0.000000 
69 0.000000 
70 0.000000 
71 0.000000 
72 0.000000 
73 0.000000 
74 0.000000 
75 0.000000 
76 0.000000 
77 0.000000 
78 0.000000 
79 0.000000 
80 0.000000 
81 0.000000 
82 0.000000 
83 0.000000 
84 0.000000 
85 0.000000 
86 0.000000 
87 0.000000 
88 0.000000 
89 0.000000 
90 0.000000 
91 0.000000 
92 0.000000 
93 0.000000 
94 0.000000 
95 0.000000 
96 0.000000 
97 0.000000 
98 0.000000 
99 0.000000 
100 0.000000 
101 0.000000 
102 0.000000 
103 0.000000 
104 0.000000 
105 0.000000 
106 0.000000 
107 0.000000 
108 0.000000 
109 0.000000 
110 0.000000 
111 0.000000 
112 0.000000 
113 0.000000 
114 0.000000 
115 0.000000 
116 0.000000 
117 0.000000 
118 0.000000 
119 0.000000 
120 0.000000 
121 0.000000 
122 0.000000 
123 0.000000 
124 0.000000 
125 0.000000 
126 0.000000 
127 0.000000 
128 0.000000 
129 0.000000 
130 0.000000 
131 0.000000 
132 0.000000 
133 0.000000 
134 0.000000 
135 0.000000 
136 0.000000 
137 0.000000 
138 0.000000 
139 0.000000 
140 0.000000 
141 0.000000 
142 0.000000 
143 0.000000 
144 0.000000 
145 0.000000 
146 0.000000 
147 1.021386 
148 1.021340 
149 1.021294 
150 1.021248 
151 1.021202 
152 1.021156 
153 1.021110 
154 1.021064 
155 1.021018 
156 1.020972 
157 1.020926 
158 1.020880 
159 1.020834 
160 1.020788 
161 1.020742 
162 1.020696 
163 1.020650 
164 1.020604 
165 1.020559 
166 1.020513 
167 1.020467 
168 1.020421 
169 1.020375 
170 1.020329 
171 1.020283 
172 1.020237 
173 1.020191 
174 1.020145 
175 1.020099 
176 1.020053 
177 1.020007 
178 1.019962 
179 1.019916 
180 1.019870 
181 1.019824 
182 1.019778 
183 1.019732 
184 1.019686 
185 1.019640 
186 1.019594 
187 1.019548 
188 1.019503 
189 1.019457 
190 1.019411 
191 1.019365 
192 1.019319 
193 1.019273 
194 1.019227 
195 1.019181 
196 1.019135 
197 1.019090 
198 1.019044 
199 1.018998 
200 1.018952 
201 1.018906 
202 1.018860 
203 1.018814 
204 1.018769 
205 1.018723 
206 1.018677 
207 1.018631 
208 1.018585 
209 1.018539 
210 1.018493 
211 1.018448 
212 1.018402 
213 1.018356 
214 1.018310 
215 1.018264 
216 1.018218 
217 1.018173 
218 1.018127 
219 1.018081 
220 1.018035 
221 1.017989 
222 1.017943 
223 1.017898 
224 1.017852 
225 1.017806 
226 1.017760 
227 1.017714 
228 1.017669 
229 1.017623 
230 1.017577 
231 1.017531 
232 1.017485 
233 1.017440 
234 1.017394 
235 1.017348 
236 1.017302 
237 1.017256 
238 1.017211 
239 1.017165 
240 1.017119 
241 1.017073 
242 1.017028 
243 1.016982 
244 1.016936 
245 1.016890 
246 1.016844 
247 1.016799 
248 1.016753 
249 1.016707 
250 1.016661 
251 1.016616 
252 1.016570 
253 1.016524 
254 1.016478 
255 1.016433 
256 1.016387 
257 1.016341 
258 1.016295 
259 1.016250 
260 1.016204 
261 1.016158 
262 1.016112 
263 1.016067 
264 1.016021 
265 1.015975 
266 1.015929 
267 1.015884 
268 1.015838 
269 1.015792 
270 1.015747 
271 1.015701 
272 1.015655 
273 1.015609 
274 1.015564 
275 1.015518 
276 1.015472 
277 1.015427 
278 1.015381 
279 1.015335 
280 1.015289 
281 1.015244 
282 1.015198 
283 1.015152 
284 1.015107 
285 1.015061 
286 1.015015 
287 1.014970 
288 1.014924 
289 1.014878 
290 1.014833 
291 1.014787 
292 1.014741 
293 1.014696 
294 1.014696 
295 1.014696 
296 1.014696 
297 1.014697 
298 1.014697 
299 1.014697 
300 1.014698 
301 1.014698 
302 1.014698 
303 1.014698 
304 1.014699 
305 1.014699 
306 1.014699 
307 1.014700 
308 1.014700 
309 1.014700 
310 1.014700 
311 1.014701 
312 1.014701 
313 1.014701 
314 1.014701 
315 1.014702 
316 1.014702 
317 1.014702 
318 1.014702 
319 1.014703 
320 1.014703 
321 1.014703 
322 1.014703 
323 1.014704 
324 1.014704 
325 1.014704 
326 1.014704 
327 1.014705 
328 1.014705 
329 1.014705 
330 1.014705 
331 1.014706 
332 1.014706 
333 1.014706 
334 1.014706 
335 1.014706 
336 1.014707 
337 1.014707 
338 1.014707 
339 1.014707 
340 1.014707 
341 1.014708 
342 1.014708 
343 1.014708 
344 1.014708 
345 1.014708 
346 1.014709 
347 1.014709 
348 1.014709 
349 1.014709 
350 1.014709 
351 1.014710 
352 1.014710 
353 1.014710 
354 1.014710 
355 1.014710 
356 1.014710 
357 1.014711 
358 1.014711 
359 1.014711 
360 1.014711 
361 1.014711 
362 1.014711 
363 1.014712 
364 1.014712 
365 1.014712 
366 1.014712 
367 1.014712 
368 1.014712 
369 1.014712 
370 1.014713 
371 1.014713 
372 1.014713 
373 1.014713 
374 1.014713 
375 1.014713 
376 1.014713 
377 1.014714 
378 1.014714 
379 1.014714 
380 1.014714 
381 1.014714 
382 1.014714 
383 1.014714 
384 1.014714 
385 1.014715 
386 1.014715 
387 1.014715 
388 1.014715 
389 1.014715 
390 1.014715 
391 1.014715 
392 1.014715 
393 1.014715 
394 1.014715 
395 1.014716 
396 1.014716 
397 1.014716 
398 1.014716 
399 1.014716 
400 1.014716 
401 1.014716 
402 1.014716 
403 1.014716 
404 1.014716 
405 1.014716 
406 1.014716 
407 1.014716 
408 1.014717 
409 1.014717 
410 1.014717 
411 1.014717 
412 1.014717 
413 1.014717 
414 1.014717 
415 1.014717 
416 1.014717 
417 1.014717 
418 1.014717 
419 1.014717 
420 1.014717 
421 1.014717 
422 1.014717 
423 1.014717 
424 1.014717 
425 1.014717 
426 1.014717 
427 1.014717 
428 1.014717 
429 1.014717 
430 1.014717 
431 1.014717 
432 1.014717 
433 1.014718 
434 1.014718 
435 1.014718 
436 1.014718 
437 1.014718 
438 1.014718 
439 1.014718 
440 1.014718 
441 1.014718 
442 1.014718 
443 1.014718 
444 1.014718 
445 1.014718 
446 1.014718 
447 1.014718 
448 1.014718 
449 1.014718 
450 1.014718 
451 1.014718 
452 1.014718 
453 1.014718 
454 1.014718 
455 1.014718 
456 1.014718 
457 1.014718 
458 1.014718 
459 1.014718 
460 1.014718 
461 1.014718 
462 1.014718 
463 1.014718 
464 1.014718 
465 1.014718 
466 1.014718 
467 1.014718 
468 1.014718 
469 1.014718 
470 1.014718 
471 1.014718 
472 1.014718 
473 1.014718 
474 1.014718 
475 1.014718 
476 1.014718 
477 1.014718 
478 1.014718 
479 1.014718 
480 1.014718 
481 1.014718 
482 1.014718 
483 1.014718 
484 1.014718 
485 1.014718 
486 1.014718 
487 1.014718 
488 1.014718 
489 1.014718 
490 1.014718 
491 1.014718 
492 1.014718 
493 1.014718 
494 1.014718 
495 1.014718 
496 1.014718 
497 1.014718 
498 1.014718 
499 1.014718 
500 1.014718 
501 1.014718 
502 1.014718 
503 1.014718 
504 1.014718 
505 1.014718 
506 1.014717 
507 1.014717 
508 1.014717 
509 1.014717 
510 1.014717 
511 1.014717 
512 1.014717 
513 1.014717 
514 1.014717 
515 1.014717 
516 1.014717 
517 1.014717 
518 1.014717 
519 1.014717 
520 1.014717 
521 1.014717 
522 1.014717 
523 1.014717 
524 1.014717 
525 1.014717 
526 1.014717 
527 1.014717 
528 1.014717 
529 1.014717 
530 1.014717 
531 1.014717 
532 1.014717 
533 1.014717 
534 1.014717 
535 1.014717 
536 1.014717 
537 1.014717 
538 1.014717 
539 1.014717 
540 1.014717 
541 1.014717 
542 1.014717 
543 1.014717 
544 1.014717 
545 1.014717 
546 1.014717 
547 1.014717 
548 1.014717 
549 1.014717 
550 1.014717 
551 1.014717 
552 1.014717 
553 1.014717 
554 1.014717 
555 1.014717 
556 1.014717 
557 1.014717 
558 1.014717 
559 1.014717 
560 1.014717 
561 1.014717 
562 1.014717 
563 1.014717 
564 1.014717 
565 1.014717 
566 1.014717 
567 1.014717 
568 1.014717 
569 1.014717 
570 1.014717 
571 1.014717 
572 1.014717 
573 1.014717 
574 1.014717 
575 1.014717 
576 1.014717 
577 1.014717 
578 1.014717 
579 1.014717 
580 1.014717 
581 1.014717 
582 1.014717 
583 1.014717 
584 1.014717 
585 1.014717 
586 1.014717 
587 1.014717 
588 1.014717 
589 1.014717 
590 1.014717 
591 1.014717 
592 1.014717 
593 1.014717 
594 1.014717 
595 1.014717 
596 1.014717 
597 1.014717 
598 1.014717 
599 1.014717 
600 1.014717 
601 1.014717 
602 1.014717 
603 1.014717 
604 1.014717 
605 1.014717 
606 1.014717 
607 1.014717 
608 1.014717 
609 1.014717 
610 1.014717 
611 1.014717 
612 1.014717 
613 1.014717 
614 1.014717 
615 1.014717 
616 1.014717 
617 1.014717 
618 1.014717 
619 1.014717 
620 1.014717 
621 1.014717 
622 1.014717 
623 1.014717 
624 1.014717 
625 1.014717 
626 1.014717 
627 1.014717 
628 1.014717 
629 1.014717 
630 1.014717 
631 1.014717 
632 1.014717 
633 1.014717 
634 1.014717 
635 1.014717 
636 1.014717 
637 1.014717 
638 1.014717 
639 1.014717 
640 1.014717 
641 1.014717 
642 1.014717 
643 1.014717 
644 1.014717 
645 1.014717 
646 1.014717 
647 1.014717 
648 1.014717 
649 1.014717 
650 1.014717 
651 1.014717 
652 1.014717 
653 1.014717 
654 1.014717 
655 1.014717 
656 1.014717 
657 1.014717 
658 1.014717 
659 1.014717 
660 1.014717 
661 1.014717 
662 1.014717 
663 1.014717 
664 1.014717 
665 1.014717 
666 1.014717 
667 1.014717 
668 1.014717 
669 1.014717 
670 1.014717 
671 1.014717 
672 1.014717 
673 1.014717 
674 1.014717 
675 1.014717 
676 1.014717 
677 1.014717 
678 1.014717 
679 1.014717 
680 1.014717 
681 1.014717 
682 1.014717 
683 1.014717 
684 1.014717 
685 1.014717 
686 1.014717 
687 1.014717 
688 1.014717 
689 1.014717 
690 1.014717 
691 1.014717 
692 1.014717 
693 1.014717 
694 1.014717 
695 1.014717 
696 1.014717 
697 1.014717 
698 1.014717 
699 1.014717 
700 1.014717 
701 1.014717 
702 1.014717 
703 1.014717 
704 1.014717 
705 1.014717 
706 1.014717 
707 1.014717 
708 1.014717 
709 1.014717 
710 1.014717 
711 1.014717 
712 1.014717 
713 1.014717 
714 1.014717 
715 1.014717 
716 1.014717 
717 1.014717 
718 1.014717 
719 1.014717 
720 1.014717 
721 1.014717 
722 1.014717 
723 1.014717 
724 1.014717 
725 1.014717 
726 1.014717 
727 1.014717 
728 1.014717 
729 1.014717 
730 1.014717 
731 1.014717 
732 1.014717 
733 1.014717 
734 1.014717 
735 1.014717 
736 1.014717 
737 1.014717 
738 1.014717 
739 1.014717 
740 1.014717 
741 1.014717 
742 1.014717 
743 1.014717 
744 1.014717 
745 1.014717 
746 1.014717 
747 1.014717 
748 1.014717 
749 1.014717 
750 1.014717 
751 1.014717 
752 1.014717 
753 1.014717 
754 1.014717 
755 1.014717 
756 1.014717 
757 1.014717 
758 1.014717 
759 1.014717 
760 1.014717 
761 1.014717 
762 1.014717 
763 1.014717 
764 1.014717 
765 1.014717 
766 1.014717 
767 1.014717 
768 1.014717 
769 1.014717 
770 1.014717 
771 1.014717 
772 1.014717 
773 1.014717 
774 1.014717 
775 1.014717 
776 1.014717 
777 1.014717 
778 1.014717 
779 1.014717 
780 1.014717 
781 1.014717 
782 1.014717 
783 1.014717 
784 1.014717 
785 1.014717 
786 1.014717 
787 1.014717 
788 1.014717 
789 1.014717 
790 1.014717 
791 1.014717 
792 1.014717 
793 1.014717 
794 1.014717 
795 1.014717 
796 1.014717 
797 1.014717 
798 1.014717 
799 1.014717 
800 1.014717 
801 1.014717 
802 1.014717 
803 1.014717 
804 1.014717 
805 1.014717 
806 1.014717 
807 1.014717 
808 1.014717 
809 1.014717 
810 1.014717 
811 1.014717 
812 1.014717 
813 1.014717 
814 1.014717 
815 1.014717 
816 1.014717 
817 1.014717 
818 1.014717 
819 1.014717 
820 1.014717 
821 1.014717 
822 1.014717 
823 1.014717 
824 1.014717 
825 1.014717 
826 1.014717 
827 1.014717 
828 1.014717 
829 1.014717 
830 1.014717 
831 1.014717 
832 1.014717 
833 1.014717 
834 1.014717 
835 1.014717 
836 1.014717 
837 1.014717 
838 1.014717 
839 1.014717 
840 1.014717 
841 1.014717 
842 1.014717 
843 1.014717 
844 1.014717 
845 1.014717 
846 1.014717 
847 1.014717 
848 1.014717 
849 1.014717 
850 1.014717 
851 1.014717 
852 1.014717 
853 1.014717 
854 1.014717 
855 1.014717 
856 1.014717 
857 1.014717 
858 1.014717 
859 1.014717 
860 1.014717 
861 1.014717 
862 1.014717 
863 1.014717 
864 1.014717 
865 1.014717 
866 1.014717 
867 1.014717 
868 1.014717 
869 1.014717 
870 1.014717 
871 1.014717 
872 1.014717 
873 1.014717 
874 1.014717 
875 1.014717 
876 1.014717 
877 1.014717 
878 1.014717 
879 1.014717 
880 1.014717 
881 1.014717 
882 1.014717 
883 1.014717 
884 1.014717 
885 1.014717 
886 1.014717 
887 1.014717 
888 1.014717 
889 1.014717 
890 1.014717 
891 1.014717 
892 1.014717 
893 1.014717 
894 1.014717 
895 1.014717 
896 1.014717 
897 1.014717 
898 1.014717 
899 1.014717 
900 1.014717 
901 1.014717 
902 1.014717 
903 1.014717 
904 1.014717 
905 1.014717 
906 1.014717 
907 1.014717 
908 1.014717 
909 1.014717 
910 1.014717 
911 1.014717 
912 1.014717 
913 1.014717 
914 1.014717 
915 1.014717 
916 1.014717 
917 1.014717 
918 1.014717 
919 1.014717 
920 1.014717 
921 1.014717 
922 1.014717 
923 1.014717 
924 1.014717 
925 1.014717 
926 1.014717 
927 1.014717 
928 1.014717 
929 1.014717 
930 1.014717 
931 1.014717 
932 1.014717 
933 1.014717 
934 1.014717 
935 1.014717 
936 1.014717 
937 1.014717 
938 1.014717 
939 1.014717 
940 1.014717 
941 1.014717 
942 1.014717 
943 1.014717 
944 1.014717 
945 1.014717 
946 1.014717 
947 1.014717 
948 1.014717 
949 1.014717 
950 1.014717 
951 1.014717 
952 1.014717 
953 1.014717 
954 1.014717 
955 1.014717 
956 1.014717 
957 1.014717 
958 1.014717 
959 1.014717 
960 1.014717 
961 1.014717 
962 1.014717 
963 1.014717 
964 1.014717 
965 1.014717 
966 1.014717 
967 1.014717 
968 1.014717 
969 1.014717 
970 1.014717 
971 1.014717 
972 1.014717 
973 1.014717 
974 1.014717 
975 1.014717 
976 1.014717 
977 1.014717 
978 1.014717 
979 1.014717 
980 1.014717 
981 1.014717 
982 1.014717 
983 1.014717 
984 1.014717 
985 1.014717 
986 1.014717 
987 1.014717 
988 1.014717 
989 1.014717 
990 1.014717 
991 1.014717 
992 1.014717 
993 1.014717 
994 1.014717 
995 1.014717 
996 1.014717 
997 1.014717 
998 1.014717 
999 1.014717 
1000 1.014717 
1001 1.014717 
1002 1.014717 
1003 1.014717 
1004 1.014717 
1005 1.014717 
1006 1.014717 
1007 1.014717 
1008 1.014717 
1009 1.014717 
1010 1.014717 
1011 1.014717 
1012 1.014717 
1013 1.014717 
1014 1.014717 
1015 1.014717 
1016 1.014717 
1017 1.014717 
1018 1.014717 
1019 1.014717 
1020 1.014717 
1021 1.014717 
1022 1.014717 
1023 1.014717 
1024 1.014717 
1025 1.014717 
1026 1.014717 
1027 1.014717 
1028 1.014717 
1029 1.014717 
1030 1.014717 
1031 1.014717 
1032 1.014717 
1033 1.014717 
1034 1.014717 
1035 1.014717 
1036 1.014717 
1037 1.014717 
1038 1.014717 
1039 1.014717 
1040 1.014717 
1041 1.014717 
1042 1.014717 
1043 1.014717 
1044 1.014717 
1045 1.014717 
1046 1.014717 
1047 1.014717 
1048 1.014717 
1049 1.014717 
1050 1.014717 
1051 1.014717 
1052 1.014717 
1053 1.014717 
1054 1.014717 
1055 1.014717 
1056 1.014717 
1057 1.014717 
1058 1.014717 
1059 1.014717 
1060 1.014717 
1061 1.014717 
1062 1.014717 
1063 1.014717 
1064 1.014717 
1065 1.014717 
1066 1.014717 
1067 1.014717 
1068 1.014717 
1069 1.014717 
1070 1.014717 
1071 1.014717 
1072 1.014717 
1073 1.014717 
1074 1.014717 
1075 1.014717 
1076 1.014717 
1077 1.014717 
1078 1.014717 
1079 1.014717 
1080 1.014717 
1081 1.014717 
1082 1.014717 
1083 1.014717 
1084 1.014717 
1085 1.014717 
1086 1.014717 
1087 1.014717 
1088 1.014717 
1089 1.014717 
1090 1.014717 
1091 1.014717 
1092 1.014717 
1093 1.014717 
1094 1.014717 
1095 1.014717 
1096 1.014717 
1097 1.014717 
1098 1.014717 
1099 1.014717 
1100 1.014717 
1101 1.014717 
1102 1.014717 
1103 1.014717 
1104 1.014717 
1105 1.014717 
1106 1.014717 
1107 1.014717 
1108 1.014717 
1109 1.014717 
1110 1.014717 
1111 1.014717 
1112 1.014717 
1113 1.014717 
1114 1.014717 
1115 1.014717 
1116 1.014717 
1117 1.014717 
1118 1.014717 
1119 1.014717 
1120 1.014717 
1121 1.014717 
1122 1.014717 
1123 1.014717 
1124 1.014717 
1125 1.014717 
1126 1.014717 
1127 1.014717 
1128 1.014717 
1129 1.014717 
1130 1.014717 
1131 1.014717 
1132 1.014717 
1133 1.014717 
1134 1.014717 
1135 1.014717 
1136 1.014717 
1137 1.014717 
1138 1.014717 
1139 1.014717 
1140 1.014717 
1141 1.014717 
1142 1.014717 
1143 1.014717 
1144 1.014717 
1145 1.014717 
1146 1.014717 
1147 1.014717 
1148 1.014717 
1149 1.014717 
1150 1.014717 
1151 1.014717 
1152 1.014717 
1153 1.014717 
1154 1.014717 
1155 1.014717 
1156 1.014717 
1157 1.014717 
1158 1.014717 
1159 1.014717 
1160 1.014717 
1161 1.014717 
1162 1.014717 
1163 1.014717 
1164 1.014717 
1165 1.014717 
1166 1.014717 
1167 1.014717 
1168 1.014717 
1169 1.014717 
1170 1.014717 
1171 1.014717 
1172 1.014717 
1173 1.014717 
1174 1.014717 
1175 1.014717 
1176 1.014717 
1177 1.014717 
1178 1.014717 
1179 1.014717 
1180 1.014717 
1181 1.014717 
1182 1.014717 
1183 1.014717 
1184 1.014717 
1185 1.014717 
1186 1.014717 
1187 1.014717 
1188 1.014717 
1189 1.014717 
1190 1.014717 
1191 1.014717 
1192 1.014717 
1193 1.014717 
1194 1.014717 
1195 1.014717 
1196 1.014717 
1197 1.014717 
1198 1.014717 
1199 1.014717 
1200 1.014717 
1201 1.014717 
1202 1.014717 
1203 1.014717 
1204 1.014717 
1205 1.014717 
1206 1.014717 
1207 1.014717 
1208 1.014717 
1209 1.014717 
1210 1.014717 
1211 1.014717 
1212 1.014717 
1213 1.014717 
1214 1.014717 
1215 1.014717 
1216 1.014717 
1217 1.014717 
1218 1.014717 
1219 1.014717 
1220 1.014717 
1221 1.014717 
1222 1.014717 
1223 1.014717 
1224 1.014717 
1225 1.014717 
1226 1.014717 
1227 1.014717 
1228 1.014717 
1229 1.014717 
1230 1.014717 
1231 1.014717 
1232 1.014717 
1233 1.014717 
1234 1.014717 
1235 1.014717 
1236 1.014717 
1237 1.014717 
1238 1.014717 
1239 1.014717 
1240 1.014717 
1241 1.014717 
1242 1.014717 
1243 1.014717 
1244 1.014717 
1245 1.014717 
1246 1.014717 
1247 1.014717 
1248 1.014717 
1249 1.014717 
1250 1.014717 
1251 1.014717 
1252 1.014717 
1253 1.014717 
1254 1.014717 
1255 1.014717 
1256 1.014717 
1257 1.014717 
1258 1.014717 
1259 1.014717 
1260 1.014717 
1261 1.014717 
1262 1.014717 
1263 1.014717 
1264 1.014717 
1265 1.014717 
1266 1.014717 
1267 1.014717 
1268 1.014717 
1269 1.014717 
1270 1.014717 
1271 1.014717 
1272 1.014717 
1273 1.014717 
1274 1.014717 
1275 1.014717 
1276 1.014717 
1277 1.014717 
1278 1.014717 
1279 1.014717 
1280 1.014717 
1281 1.014717 
1282 1.014717 
1283 1.014717 
1284 1.014717 
1285 1.014717 
1286 1.014717 
1287 1.014717 
1288 1.014717 
1289 1.014717 
1290 1.014717 
1291 1.014717 
1292 1.014717 
1293 1.014717 
1294 1.014717 
1295 1.014717 
1296 1.014717 
1297 1.014717 
1298 1.014717 
1299 1.014717 
1300 1.014717 
1301 1.014717 
1302 1.014717 
1303 1.014717 
1304 1.014717 
1305 1.014717 
1306 1.014717 
1307 1.014717 
1308 1.014717 
1309 1.014717 
1310 1.014717 
1311 1.014717 
1312 1.014717 
1313 1.014717 
1314 1.014717 
1315 1.014717 
1316 1.014717 
1317 1.014717 
1318 1.014717 
1319 1.014717 
1320 1.014717 
1321 1.014717 
1322 1.014717 
1323 1.014717 
1324 1.014717 
1325 1.014717 
1326 1.014717 
1327 1.014717 
1328 1.014717 
1329 1.014717 
1330 1.014717 
1331 1.014717 
1332 1.014717 
1333 1.014717 
1334 1.014717 
1335 1.014717 
1336 1.014717 
1337 1.014717 
1338 1.014717 
1339 1.014717 
1340 1.014717 
1341 1.014717 
1342 1.014717 
1343 1.014717 
1344 1.014717 
1345 1.014717 
1346 1.014717 
1347 1.014717 
1348 1.014717 
1349 1.014717 
1350 1.014717 
1351 1.014717 
1352 1.014717 
1353 1.014717 
1354 1.014717 
1355 1.014717 
1356 1.014717 
1357 1.014717 
1358 1.014717 
1359 1.014717 
1360 1.014717 
1361 1.014717 
1362 1.014717 
1363 1.014717 
1364 1.014717 
1365 1.014717 
1366 1.014717 
1367 1.014717 
1368 1.014717 
1369 1.014717 
1370 1.014717 
1371 1.014717 
1372 1.014717 
1373 1.014717 
1374 1.014717 
1375 1.014717 
1376 1.014717 
1377 1.014717 
1378 1.014717 
1379 1.014717 
1380 1.014717 
1381 1.014717 
1382 1.014717 
1383 1.014717 
1384 1.014717 
1385 1.014717 
1386 1.014717 
1387 1.014717 
1388 1.014717 
1389 1.014717 
1390 1.014717 
1391 1.014717 
1392 1.014717 
1393 1.014717 
1394 1.014717 
1395 1.014717 
1396 1.014717 
1397 1.014717 
1398 1.014717 
1399 1.014717 
1400 1.014717 
1401 1.014717 
1402 1.014717 
1403 1.014717 
1404 1.014717 
1405 1.014717 
1406 1.014717 
1407 1.014717 
1408 1.014717 
1409 1.014717 
1410 1.014717 
1411 1.014717 
1412 1.014717 
1413 1.014717 
1414 1.014717 
1415 1.014717 
1416 1.014717 
1417 1.014717 
1418 1.014717 
1419 1.014717 
1420 1.014717 
1421 1.014717 
1422 1.014717 
1423 1.014717 
1424 1.014717 
1425 1.014717 
1426 1.014717 
1427 1.014717 
1428 1.014717 
1429 1.014717 
1430 1.014717 
1431 1.014717 
1432 1.014717 
1433 1.014717 
1434 1.014717 
1435 1.014717 
1436 1.014717 
1437 1.014717 
1438 1.014717 
1439 1.014717 
1440 1.014717 
1441 1.014717 
1442 1.014717 
1443 1.014717 
1444 1.014717 
1445 1.014717 
1446 1.014717 
1447 1.014717 
1448 1.014717 
1449 1.014717 
1450 1.014717 
1451 1.014717 
1452 1.014717 
1453 1.014717 
1454 1.014717 
1455 1.014717 
1456 1.014717 
1457 1.014717 
1458 1.014717 
1459 1.014717 
1460 1.014717 
1461 1.014717 
1462 1.014717 
1463 1.014717 
1464 1.014717 
1465 1.014717 
1466 1.014717 
1467 1.014717 
1468 1.014717 
1469 1.014717 
1470 1.014717 
1471 1.014717 
1472 1.014717 
1473 1.014717 
1474 1.014717 
1475 1.014717 
1476 1.014717 
1477 1.014717 
1478 1.014717 
1479 1.014717 
1480 1.014717 
1481 1.014717 
1482 1.014717 
1483 1.014717 
1484 1.014717 
1485 1.014717 
1486 1.014717 
1487 1.014717 
1488 1.014717 
1489 1.014717 
1490 1.014717 
1491 1.014717 
1492 1.014717 
1493 1.014717 
1494 1.014717 
1495 1.014717 
1496 1.014717 
1497 1.014717 
1498 1.014717 
1499 1.014717 
1500 1.014717 
1501 1.014717 
1502 1.014717 
1503 1.014717 
1504 1.014717 
1505 1.014717 
1506 1.014717 
1507 1.014717 
1508 1.014717 
1509 1.014717 
1510 1.014717 
1511 1.014717 
1512 1.014717 
1513 1.014717 
1514 1.014717 
1515 1.014717 
1516 1.014717 
1517 1.014717 
1518 1.014717 
1519 1.014717 
1520 1.014717 
1521 1.014717 
1522 1.014717 
1523 1.014717 
1524 1.014717 
1525 1.014717 
1526 1.014717 
1527 1.014717 
1528 1.014717 
1529 1.014717 
1530 1.014717 
1531 1.014717 
1532 1.014717 
1533 1.014717 
1534 1.014717 
1535 1.014717 
1536 1.014717 
1537 1.014717 
1538 1.014717 
1539 1.014717 
1540 1.014717 
1541 1.014717 
1542 1.014717 
1543 1.014717 
1544 1.014717 
1545 1.014717 
1546 1.014717 
1547 1.014717 
1548 1.014717 
1549 1.014717 
1550 1.014717 
1551 1.014717 
1552 1.014717 
1553 1.014717 
1554 1.014717 
1555 1.014717 
1556 1.014717 
1557 1.014717 
1558 1.014717 
1559 1.014717 
1560 1.014717 
1561 1.014717 
1562 1.014717 
1563 1.014717 
1564 1.014717 
1565 1.014717 
1566 1.014717 
1567 1.014717 
1568 1.014717 
1569 1.014717 
1570 1.014717 
1571 1.014717 
1572 1.014717 
1573 1.014717 
1574 1.014717 
1575 1.014717 
1576 1.014717 
1577 1.014717 
1578 1.014717 
1579 1.014717 
1580 1.014717 
1581 1.014717 
1582 1.014717 
1583 1.014717 
1584 1.014717 
1585 1.014717 
1586 1.014717 
1587 1.014717 
1588 1.014717 
1589 1.014717 
1590 1.014717 
1591 1.014717 
1592 1.014717 
1593 1.014717 
1594 1.014717 
1595 1.014717 
1596 1.014717 
1597 1.014717 
1598 1.014717 
1599 1.014717 
1600 1.014717 
1601 1.014717 
1602 1.014717 
1603 1.014717 
1604 1.014717 
1605 1.014717 
1606 1.014717 
1607 1.014717 
1608 1.014717 
1609 1.014717 
1610 1.014717 
1611 1.014717 
1612 1.014717 
1613 1.014717 
1614 1.014717 
1615 1.014717 
1616 1.014717 
1617 1.014717 
1618 1.014717 
1619 1.014717 
1620 1.014717 
1621 1.014717 
1622 1.014717 
1623 1.014717 
1624 1.014717 
1625 1.014717 
1626 1.014717 
1627 1.014717 
1628 1.014717 
1629 1.014717 
1630 1.014717 
1631 1.014717 
1632 1.014717 
1633 1.014717 
1634 1.014717 
1635 1.014717 
1636 1.014717 
1637 1.014717 
1638 1.014717 
1639 1.014717 
1640 1.014717 
1641 1.014717 
1642 1.014717 
1643 1.014717 
1644 1.014717 
1645 1.014717 
1646 1.014717 
1647 1.014717 
1648 1.014717 
1649 1.014717 
1650 1.014717 
1651 1.014717 
1652 1.014717 
1653 1.014717 
1654 1.014717 
1655 1.014717 
1656 1.014717 
1657 1.014717 
1658 1.014717 
1659 1.014717 
1660 1.014717 
1661 1.014717 
1662 1.014717 
1663 1.014717 
1664 1.014717 
1665 1.014717 
1666 1.014717 
1667 1.014717 
1668 1.014717 
1669 1.014717 
1670 1.014717 
1671 1.014717 
1672 1.014717 
1673 1.014717 
1674 1.014717 
1675 1.014717 
1676 1.014717 
1677 1.014717 
1678 1.014717 
1679 1.014717 
1680 1.014717 
1681 1.014717 
1682 1.014717 
1683 1.014717 
1684 1.014717 
1685 1.014717 
1686 1.014717 
1687 1.014717 
1688 1.014717 
1689 1.014717 
1690 1.014717 
1691 1.014717 
1692 1.014717 
1693 1.014717 
1694 1.014717 
1695 1.014717 
1696 1.014717 
1697 1.014717 
1698 1.014717 
1699 1.014717 
1700 1.014717 
1701 1.014717 
1702 1.014717 
1703 1.014717 
1704 1.014717 
1705 1.014717 
1706 1.014717 
1707 1.014717 
1708 1.014717 
1709 1.014717 
1710 1.014717 
1711 1.014717 
1712 1.014717 
1713 1.014717 
1714 1.014717 
1715 1.014717 
1716 1.014717 
1717 1.014717 
1718 1.014717 
1719 1.014717 
1720 1.014717 
1721 1.014717 
1722 1.014717 
1723 1.014717 
1724 1.014717 
1725 1.014717 
1726 1.014717 
1727 1.014717 
1728 1.014717 
1729 1.014717 
1730 1.014717 
1731 1.014717 
1732 1.014717 
1733 1.014717 
1734 1.014717 
1735 1.014717 
1736 1.014717 
1737 1.014717 
1738 1.014717 
1739 1.014717 
1740 1.014717 
1741 1.014717 
1742 1.014717 
1743 1.014717 
1744 1.014717 
1745 1.014717 
1746 1.014717 
1747 1.014717 
1748 1.014717 
1749 1.014717 
1750 1.014717 
1751 1.014717 
1752 1.014717 
1753 1.014717 
1754 1.014717 
1755 1.014717 
1756 1.014717 
1757 1.014717 
1758 1.014717 
1759 1.014717 
1760 1.014717 
1761 1.014717 
1762 1.014717 
1763 1.014717 
1764 1.014717 
1765 1.014717 
1766 1.014717 
1767 1.014717 
1768 1.014717 
1769 1.014717 
1770 1.014717 
1771 1.014717 
1772 1.014717 
1773 1.014717 
1774 1.014717 
1775 1.014717 
1776 1.014717 
1777 1.014717 
1778 1.014717 
1779 1.014717 
1780 1.014717 
1781 1.014717 
1782 1.014717 
1783 1.014717 
1784 1.014717 
1785 1.014717 
1786 1.014717 
1787 1.014717 
1788 1.014717 
1789 1.014717 
1790 1.014717 
1791 1.014717 
1792 1.014717 
1793 1.014717 
1794 1.014717 
1795 1.014717 
1796 1.014717 
1797 1.014717 
1798 1.014717 
1799 1.014717 
1800 1.014717 
1801 1.014717 
1802 1.014717 
1803 1.014717 
1804 1.014717 
1805 1.014717 
1806 1.014717 
1807 1.014717 
1808 1.014717 
1809 1.014717 
1810 1.014717 
1811 1.014717 
1812 1.014717 
1813 1.014717 
1814 1.014717 
1815 1.014717 
1816 1.014717 
1817 1.014717 
1818 1.014717 
1819 1.014717 
1820 1.014717 
1821 1.014717 
1822 1.014717 
1823 1.014717 
1824 1.014717 
1825 1.014717 
1826 1.014717 
1827 1.014717 
1828 1.014717 
1829 1.014717 
1830 1.014717 
1831 1.014717 
1832 1.014717 
1833 1.014717 
1834 1.014717 
1835 1.014717 
1836 1.014717 
1837 1.014717 
1838 1.014717 
1839 1.014717 
1840 1.014717 
1841 1.014717 
1842 1.014717 
1843 1.014717 
1844 1.014717 
1845 1.014717 
1846 1.014717 
1847 1.014717 
1848 1.014717 
1849 1.014717 
1850 1.014717 
1851 1.014717 
1852 1.014717 
1853 1.014717 
1854 1.014717 
1855 1.014717 
1856 1.014717 
1857 1.014717 
1858 1.014717 
1859 1.014717 
1860 1.014717 
1861 1.014717 
1862 1.014717 
1863 1.014717 
1864 1.014717 
1865 1.014717 
1866 1.014717 
1867 1.014717 
1868 1.014717 
1869 1.014717 
1870 1.014717 
1871 1.014717 
1872 1.014717 
1873 1.014717 
1874 1.014717 
1875 1.014717 
1876 1.014717 
1877 1.014717 
1878 1.014717 
1879 1.014717 
1880 1.014717 
1881 1.014717 
1882 1.014717 
1883 1.014717 
1884 1.014717 
1885 1.014717 
1886 1.014717 
1887 1.014717 
1888 1.014717 
1889 1.014717 
1890 1.014717 
1891 1.014717 
1892 1.014717 
1893 1.014717 
1894 1.014717 
1895 1.014717 
1896 1.014717 
1897 1.014717 
1898 1.014717 
1899 1.014717 
1900 1.014717 
1901 1.014717 
1902 1.014717 
1903 1.014717 
1904 1.014717 
1905 1.014717 
1906 1.014717 
1907 1.014717 
1908 1.014717 
1909 1.014717 
1910 1.014717 
1911 1.014717 
1912 1.014717 
1913 1.014717 
1914 1.014717 
1915 1.014717 
1916 1.014717 
1917 1.014717 
1918 1.014717 
1919 1.014717 
1920 1.014717 
1921 1.014717 
1922 1.014717 
1923 1.014717 
1924 1.014717 
1925 1.014717 
1926 1.014717 
1927 1.014717 
1928 1.014717 
1929 1.014717 
1930 1.014717 
1931 1.014717 
1932 1.014717 
1933 1.014717 
1934 1.014717 
1935 1.014717 
1936 1.014717 
1937 1.014717 
1938 1.014717 
1939 1.014717 
1940 1.014717 
1941 1.014717 
1942 1.014717 
1943 1.014717 
1944 1.014717 
1945 1.014717 
1946 1.014717 
1947 1.014717 
1948 1.014717 
1949 1.014717 
1950 1.014717 
1951 1.014717 
1952 1.014717 
1953 1.014717 
1954 1.014717 
1955 1.014717 
1956 1.014717 
1957 1.014717 
1958 1.014717 
1959 1.014717 
1960 1.014717 
1961 1.014717 
1962 1.014717 
1963 1.014717 
1964 1.014717 
1965 1.014717 
1966 1.014717 
1967 1.014717 
1968 1.014717 
1969 1.014717 
1970 1.014717 
1971 1.014717 
1972 1.014717 
1973 1.014717 
1974 1.014717 
1975 1.014717 
1976 1.014717 
1977 1.014717 
1978 1.014717 
1979 1.014717 
1980 1.014717 
1981 1.014717 
1982 1.014717 
1983 1.014717 
1984 1.014717 
1985 1.014717 
1986 1.014717 
1987 1.014717 
1988 1.014717 
1989 1.014717 
1990 1.014717 
1991 1.014717 
1992 1.014717 
1993 1.014717 
1994 1.014717 
1995 1.014717 
1996 1.014717 
1997 1.014717 
1998 1.014717 
1999 1.014717 
