-6.900000 0.000000 51.589421 155.500000 115.530302 
-4.400000 0.000000 67.906413 138.250000 111.693492 
-1.900000 0.000000 77.516267 126.500000 107.691928 
0.600000 0.000000 84.130030 118.250000 104.194975 
3.100000 0.000000 88.976406 112.250000 101.447859 
5.600000 0.000000 92.587856 108.000000 99.406134 
8.100000 0.000000 95.308942 105.000000 97.911313 
10.600000 0.000000 97.392985 102.750000 96.805194 
13.100000 0.000000 99.021463 101.000000 95.968169 
15.600000 0.000000 100.320814 99.500000 95.318370 
18.100000 0.000000 101.377355 98.750000 94.801871 
20.600000 0.000000 102.243610 97.750000 94.386233 
23.100000 0.000000 102.975748 97.000000 94.040352 
25.600000 0.000000 103.633538 96.500000 93.733734 
28.100000 0.000000 104.092938 96.000000 93.521881 
30.600000 0.000000 104.661658 95.500000 93.262175 
33.100000 0.000000 104.990522 95.250000 93.113281 
35.600000 0.000000 105.276334 95.000000 92.984625 
38.100000 0.000000 105.825568 94.500000 92.739340 
40.600000 0.000000 105.986803 94.500000 92.667816 
