0.017527 0.017527 0.017527 
0.017528 0.017528 0.017528 
0.017529 0.017529 0.017529 
0.017529 0.017529 0.017529 
0.017530 0.017530 0.017530 
0.017530 0.017530 0.017530 
0.017531 0.017531 0.017531 
0.017532 0.017532 0.017532 
0.017532 0.017532 0.017532 
0.017533 0.017533 0.017533 
0.017533 0.017533 0.017533 
0.017534 0.017534 0.017534 
0.017534 0.017534 0.017534 
0.017535 0.017535 0.017535 
0.017536 0.017536 0.017536 
0.017536 0.017536 0.017536 
0.017537 0.017537 0.017537 
0.017537 0.017537 0.017537 
0.017538 0.017538 0.017538 
0.017539 0.017539 0.017539 
0.017539 0.017539 0.017539 
0.017540 0.017540 0.017540 
0.017540 0.017540 0.017540 
0.017541 0.017541 0.017541 
0.017542 0.017542 0.017542 
0.017542 0.017542 0.017542 
0.017543 0.017543 0.017543 
0.017543 0.017543 0.017543 
0.017544 0.017544 0.017544 
0.017544 0.017544 0.017544 
0.017545 0.017545 0.017545 
0.017546 0.017546 0.017546 
0.017546 0.017546 0.017546 
0.017547 0.017547 0.017547 
0.017547 0.017547 0.017547 
0.017548 0.017548 0.017548 
0.017549 0.017549 0.017549 
0.017549 0.017549 0.017549 
0.017550 0.017550 0.017550 
0.017550 0.017550 0.017550 
0.017551 0.017551 0.017551 
0.017552 0.017552 0.017552 
0.017552 0.017552 0.017552 
0.017553 0.017553 0.017553 
0.017553 0.017553 0.017553 
0.017554 0.017554 0.017554 
0.017554 0.017554 0.017554 
0.017555 0.017555 0.017555 
0.017556 0.017556 0.017556 
0.017556 0.017556 0.017556 
0.017557 0.017557 0.017557 
0.017557 0.017557 0.017557 
0.017558 0.017558 0.017558 
0.017559 0.017559 0.017559 
0.017559 0.017559 0.017559 
0.017560 0.017560 0.017560 
0.017560 0.017560 0.017560 
