0 0.000000 
1 0.000000 
2 0.000000 
3 0.000000 
4 0.000000 
5 0.000000 
6 0.000000 
7 0.000000 
8 0.000000 
9 0.000000 
10 0.000000 
11 0.000000 
12 0.000000 
13 0.000000 
14 0.000000 
15 0.000000 
16 0.000000 
17 0.000000 
18 0.000000 
19 0.000000 
20 0.000000 
21 0.000000 
22 0.000000 
23 0.000000 
24 0.000000 
25 0.000000 
26 0.000000 
27 0.000000 
28 0.000000 
29 0.000000 
30 0.000000 
31 0.000000 
32 0.000000 
33 0.000000 
34 0.000000 
35 0.000000 
36 0.000000 
37 0.000000 
38 0.000000 
39 0.000000 
40 0.000000 
41 0.000000 
42 0.000000 
43 0.000000 
44 0.000000 
45 0.000000 
46 0.000000 
47 0.000000 
48 0.000000 
49 0.000000 
50 0.000000 
51 0.000000 
52 0.000000 
53 0.000000 
54 0.000000 
55 0.000000 
56 0.000000 
57 0.000000 
58 0.000000 
59 0.000000 
60 0.000000 
61 0.000000 
62 0.000000 
63 0.000000 
64 0.000000 
65 0.000000 
66 0.000000 
67 0.000000 
68 0.000000 
69 0.000000 
70 0.000000 
71 0.000000 
72 0.000000 
73 0.000000 
74 0.000000 
75 0.000000 
76 0.000000 
77 0.000000 
78 0.000000 
79 0.000000 
80 0.000000 
81 0.000000 
82 0.000000 
83 0.000000 
84 0.000000 
85 0.000000 
86 0.000000 
87 0.000000 
88 0.000000 
89 0.000000 
90 0.000000 
91 0.000000 
92 0.000000 
93 0.000000 
94 0.000000 
95 0.000000 
96 0.000000 
97 0.000000 
98 0.000000 
99 0.000000 
100 0.000000 
101 0.000000 
102 0.000000 
103 0.000000 
104 0.000000 
105 0.000000 
106 0.000000 
107 0.000000 
108 0.000000 
109 0.000000 
110 0.000000 
111 0.000000 
112 0.000000 
113 0.000000 
114 0.000000 
115 0.000000 
116 0.000000 
117 0.000000 
118 0.000000 
119 0.000000 
120 0.000000 
121 0.000000 
122 0.000000 
123 0.000000 
124 0.000000 
125 0.000000 
126 0.000000 
127 0.000000 
128 0.000000 
129 0.000000 
130 0.000000 
131 0.000000 
132 0.000000 
133 0.000000 
134 0.000000 
135 0.000000 
136 0.000000 
137 0.000000 
138 0.000000 
139 0.000000 
140 0.000000 
141 0.000000 
142 0.000000 
143 0.000000 
144 0.000000 
145 0.000000 
146 0.000000 
147 20.358436 
148 17.655819 
149 15.313978 
150 13.284288 
151 11.524768 
152 9.999153 
153 8.676110 
154 7.528550 
155 6.533049 
156 5.669342 
157 4.919894 
158 4.269522 
159 3.705079 
160 3.215177 
161 2.789949 
162 2.420840 
163 2.100437 
164 1.822308 
165 1.580877 
166 1.371303 
167 1.189389 
168 1.031490 
169 0.894443 
170 0.775503 
171 0.672284 
172 0.582717 
173 0.505004 
174 0.437583 
175 0.379098 
176 0.328372 
177 0.284380 
178 0.246235 
179 0.213165 
180 0.184499 
181 0.159654 
182 0.138126 
183 0.119475 
184 0.103319 
185 0.089328 
186 0.077213 
187 0.066726 
188 0.057650 
189 0.049796 
190 0.043002 
191 0.037126 
192 0.032045 
193 0.027652 
194 0.023855 
195 0.020575 
196 0.017741 
197 0.015293 
198 0.013180 
199 0.011356 
200 0.009782 
201 0.008423 
202 0.007252 
203 0.006242 
204 0.005371 
205 0.004620 
206 0.003974 
207 0.003416 
208 0.002937 
209 0.002524 
210 0.002168 
211 0.001862 
212 0.001599 
213 0.001373 
214 0.001178 
215 0.001011 
216 0.000867 
217 0.000744 
218 0.000638 
219 0.000547 
220 0.000469 
221 0.000402 
222 0.000344 
223 0.000295 
224 0.000252 
225 0.000216 
226 0.000185 
227 0.000158 
228 0.000135 
229 0.000116 
230 0.000099 
231 0.000085 
232 0.000072 
233 0.000062 
234 0.000053 
235 0.000045 
236 0.000039 
237 0.000033 
238 0.000028 
239 0.000024 
240 0.000021 
241 0.000018 
242 0.000015 
243 0.000013 
244 0.000011 
245 0.000009 
246 0.000008 
247 0.000007 
248 0.000006 
249 0.000005 
250 0.000004 
251 0.000004 
252 0.000003 
253 0.000003 
254 0.000002 
255 0.000002 
256 0.000002 
257 0.000001 
258 0.000001 
259 0.000001 
260 0.000001 
261 0.000001 
262 0.000001 
263 0.000001 
264 0.000000 
265 0.000000 
266 0.000000 
267 0.000000 
268 0.000000 
269 0.000000 
270 0.000000 
271 0.000000 
272 0.000000 
273 0.000000 
274 0.000000 
275 0.000000 
276 0.000000 
277 0.000000 
278 0.000000 
279 0.000000 
280 0.000000 
281 0.000000 
282 0.000000 
283 0.000000 
284 0.000000 
285 0.000000 
286 0.000000 
287 0.000000 
288 0.000000 
289 0.000000 
290 0.000000 
291 0.000000 
292 0.000000 
293 0.000000 
294 2.702617 
295 4.683682 
296 6.089068 
297 7.038082 
298 7.628072 
299 7.938261 
300 8.032920 
301 7.964008 
302 7.773358 
303 7.494486 
304 7.154095 
305 6.773313 
306 6.368721 
307 5.953198 
308 5.536625 
309 5.126454 
310 4.728189 
311 4.345771 
312 3.981897 
313 3.638283 
314 3.315875 
315 3.015026 
316 2.735631 
317 2.477245 
318 2.239173 
319 2.020544 
320 1.820366 
321 1.637576 
322 1.471072 
323 1.319745 
324 1.182496 
325 1.058254 
326 0.945988 
327 0.844710 
328 0.753489 
329 0.671446 
330 0.597761 
331 0.531668 
332 0.472459 
333 0.419480 
334 0.372129 
335 0.329854 
336 0.292151 
337 0.258558 
338 0.228656 
339 0.202065 
340 0.178439 
341 0.157465 
342 0.138863 
343 0.122376 
344 0.107776 
345 0.094858 
346 0.083435 
347 0.073343 
348 0.064433 
349 0.056571 
350 0.049640 
351 0.043533 
352 0.038156 
353 0.033425 
354 0.029264 
355 0.025607 
356 0.022396 
357 0.019577 
358 0.017104 
359 0.014936 
360 0.013036 
361 0.011372 
362 0.009916 
363 0.008643 
364 0.007529 
365 0.006556 
366 0.005706 
367 0.004964 
368 0.004316 
369 0.003752 
370 0.003260 
371 0.002831 
372 0.002458 
373 0.002133 
374 0.001850 
375 0.001604 
376 0.001390 
377 0.001205 
378 0.001044 
379 0.000904 
380 0.000782 
381 0.000677 
382 0.000585 
383 0.000506 
384 0.000438 
385 0.000378 
386 0.000327 
387 0.000282 
388 0.000244 
389 0.000211 
390 0.000182 
391 0.000157 
392 0.000135 
393 0.000117 
394 0.000101 
395 0.000087 
396 0.000075 
397 0.000065 
398 0.000056 
399 0.000048 
400 0.000041 
401 0.000036 
402 0.000031 
403 0.000027 
404 0.000023 
405 0.000020 
406 0.000017 
407 0.000015 
408 0.000013 
409 0.000011 
410 0.000009 
411 0.000008 
412 0.000007 
413 0.000006 
414 0.000005 
415 0.000004 
416 0.000004 
417 0.000003 
418 0.000003 
419 0.000003 
420 0.000002 
421 0.000002 
422 0.000002 
423 0.000001 
424 0.000001 
425 0.000001 
426 0.000001 
427 0.000001 
428 0.000001 
429 0.000001 
430 0.000001 
431 0.000000 
432 0.000000 
433 0.000000 
434 0.000000 
435 0.000000 
436 0.000000 
437 0.000000 
438 0.000000 
439 0.000000 
440 0.000000 
441 0.360776 
442 0.936455 
443 1.621014 
444 2.339061 
445 3.038565 
446 3.685154 
447 4.257651 
448 4.744605 
449 5.141601 
450 5.449197 
451 5.671348 
452 5.814211 
453 5.885258 
454 5.892614 
455 5.844591 
456 5.749345 
457 5.614650 
458 5.447753 
459 5.255283 
460 5.043216 
461 4.816856 
462 4.580858 
463 4.339252 
464 4.095482 
465 3.852455 
466 3.612587 
467 3.377854 
468 3.149838 
469 2.929777 
470 2.718605 
471 2.516995 
472 2.325398 
473 2.144071 
474 1.973114 
475 1.812493 
476 1.662065 
477 1.521602 
478 1.390804 
479 1.269319 
480 1.156755 
481 1.052694 
482 0.956698 
483 0.868322 
484 0.787115 
485 0.712632 
486 0.644434 
487 0.582095 
488 0.525201 
489 0.473356 
490 0.426179 
491 0.383312 
492 0.344412 
493 0.309159 
494 0.277251 
495 0.248405 
496 0.222359 
497 0.198868 
498 0.177704 
499 0.158658 
500 0.141535 
501 0.126157 
502 0.112361 
503 0.099994 
504 0.088921 
505 0.079014 
506 0.070159 
507 0.062251 
508 0.055194 
509 0.048904 
510 0.043300 
511 0.038312 
512 0.033877 
513 0.029935 
514 0.026435 
515 0.023329 
516 0.020575 
517 0.018136 
518 0.015976 
519 0.014064 
520 0.012375 
521 0.010882 
522 0.009564 
523 0.008400 
524 0.007375 
525 0.006471 
526 0.005675 
527 0.004974 
528 0.004358 
529 0.003816 
530 0.003340 
531 0.002922 
532 0.002555 
533 0.002233 
534 0.001951 
535 0.001704 
536 0.001487 
537 0.001298 
538 0.001132 
539 0.000987 
540 0.000860 
541 0.000750 
542 0.000653 
543 0.000569 
544 0.000495 
545 0.000431 
546 0.000375 
547 0.000326 
548 0.000284 
549 0.000247 
550 0.000214 
551 0.000186 
552 0.000162 
553 0.000141 
554 0.000122 
555 0.000106 
556 0.000092 
557 0.000080 
558 0.000070 
559 0.000061 
560 0.000053 
561 0.000046 
562 0.000040 
563 0.000034 
564 0.000030 
565 0.000026 
566 0.000023 
567 0.000020 
568 0.000017 
569 0.000015 
570 0.000013 
571 0.000011 
572 0.000010 
573 0.000009 
574 0.000007 
575 0.000006 
576 0.000006 
577 0.000005 
578 0.000004 
579 0.000004 
580 0.000003 
581 0.000003 
582 0.000002 
583 0.000002 
584 0.000002 
585 0.000002 
586 0.000001 
587 0.000001 
588 0.048626 
589 0.167932 
590 0.362630 
591 0.626702 
592 0.948062 
593 1.311775 
594 1.702209 
595 2.104414 
596 2.504944 
597 2.892296 
598 3.257068 
599 3.591957 
600 3.891625 
601 4.152517 
602 4.372626 
603 4.551270 
604 4.688853 
605 4.786651 
606 4.846618 
607 4.871207 
608 4.863222 
609 4.825687 
610 4.761738 
611 4.674537 
612 4.567201 
613 4.442746 
614 4.304044 
615 4.153798 
616 3.994514 
617 3.828498 
618 3.657839 
619 3.484419 
620 3.309909 
621 3.135781 
622 2.963312 
623 2.793602 
624 2.627578 
625 2.466014 
626 2.309539 
627 2.158652 
628 2.013738 
629 1.875074 
630 1.742846 
631 1.617160 
632 1.498050 
633 1.385490 
634 1.279402 
635 1.179663 
636 1.086118 
637 0.998578 
638 0.916835 
639 0.840662 
640 0.769818 
641 0.704053 
642 0.643115 
643 0.586746 
644 0.534692 
645 0.486698 
646 0.442518 
647 0.401909 
648 0.364637 
649 0.330476 
650 0.299209 
651 0.270629 
652 0.244539 
653 0.220751 
654 0.199089 
655 0.179386 
656 0.161486 
657 0.145243 
658 0.130519 
659 0.117187 
660 0.105127 
661 0.094231 
662 0.084394 
663 0.075524 
664 0.067533 
665 0.060340 
666 0.053872 
667 0.048062 
668 0.042846 
669 0.038169 
670 0.033977 
671 0.030225 
672 0.026869 
673 0.023869 
674 0.021190 
675 0.018799 
676 0.016667 
677 0.014767 
678 0.013076 
679 0.011572 
680 0.010234 
681 0.009046 
682 0.007991 
683 0.007055 
684 0.006225 
685 0.005490 
686 0.004839 
687 0.004263 
688 0.003754 
689 0.003304 
690 0.002907 
691 0.002556 
692 0.002246 
693 0.001974 
694 0.001733 
695 0.001521 
696 0.001335 
697 0.001171 
698 0.001027 
699 0.000900 
700 0.000789 
701 0.000691 
702 0.000605 
703 0.000530 
704 0.000464 
705 0.000406 
706 0.000355 
707 0.000311 
708 0.000272 
709 0.000238 
710 0.000208 
711 0.000182 
712 0.000159 
713 0.000139 
714 0.000122 
715 0.000107 
716 0.000093 
717 0.000082 
718 0.000071 
719 0.000062 
720 0.000055 
721 0.000048 
722 0.000042 
723 0.000037 
724 0.000032 
725 0.000028 
726 0.000025 
727 0.000022 
728 0.000019 
729 0.000017 
730 0.000015 
731 0.000013 
732 0.000011 
733 0.000010 
734 0.000009 
735 0.006649 
736 0.028605 
737 0.073924 
738 0.148672 
739 0.256410 
740 0.398184 
741 0.572801 
742 0.777252 
743 1.007170 
744 1.257292 
745 1.521859 
746 1.794963 
747 2.070824 
748 2.344005 
749 2.609556 
750 2.863123 
751 3.100997 
752 3.320138 
753 3.518165 
754 3.693331 
755 3.844478 
756 3.970984 
757 4.072706 
758 4.149918 
759 4.203248 
760 4.233620 
761 4.242198 
762 4.230332 
763 4.199509 
764 4.151314 
765 4.087386 
766 4.009392 
767 3.918990 
768 3.817815 
769 3.707450 
770 3.589415 
771 3.465154 
772 3.336026 
773 3.203297 
774 3.068134 
775 2.931610 
776 2.794693 
777 2.658257 
778 2.523078 
779 2.389840 
780 2.259136 
781 2.131478 
782 2.007296 
783 1.886946 
784 1.770718 
785 1.658838 
786 1.551473 
787 1.448739 
788 1.350707 
789 1.257405 
790 1.168824 
791 1.084924 
792 1.005636 
793 0.930870 
794 0.860512 
795 0.794435 
796 0.732496 
797 0.674545 
798 0.620421 
799 0.569957 
800 0.522986 
801 0.479335 
802 0.438834 
803 0.401312 
804 0.366601 
805 0.334537 
806 0.304959 
807 0.277712 
808 0.252645 
809 0.229613 
810 0.208479 
811 0.189109 
812 0.171377 
813 0.155165 
814 0.140359 
815 0.126852 
816 0.114544 
817 0.103341 
818 0.093154 
819 0.083901 
820 0.075505 
821 0.067893 
822 0.061000 
823 0.054764 
824 0.049127 
825 0.044036 
826 0.039444 
827 0.035304 
828 0.031576 
829 0.028221 
830 0.025205 
831 0.022495 
832 0.020063 
833 0.017883 
834 0.015928 
835 0.014178 
836 0.012613 
837 0.011213 
838 0.009963 
839 0.008847 
840 0.007851 
841 0.006963 
842 0.006173 
843 0.005469 
844 0.004843 
845 0.004287 
846 0.003792 
847 0.003353 
848 0.002964 
849 0.002618 
850 0.002312 
851 0.002041 
852 0.001801 
853 0.001589 
854 0.001401 
855 0.001235 
856 0.001088 
857 0.000959 
858 0.000845 
859 0.000744 
860 0.000655 
861 0.000576 
862 0.000507 
863 0.000446 
864 0.000393 
865 0.000346 
866 0.000304 
867 0.000268 
868 0.000235 
869 0.000207 
870 0.000182 
871 0.000160 
872 0.000141 
873 0.000124 
874 0.000109 
875 0.000096 
876 0.000085 
877 0.000075 
878 0.000066 
879 0.000058 
880 0.000051 
881 0.000045 
882 0.000962 
883 0.004786 
884 0.014316 
885 0.032769 
886 0.063373 
887 0.109023 
888 0.172026 
889 0.253945 
890 0.355528 
891 0.476711 
892 0.616668 
893 0.773911 
894 0.946398 
895 1.131666 
896 1.326949 
897 1.529306 
898 1.735724 
899 1.943216 
900 2.148905 
901 2.350081 
902 2.544259 
903 2.729212 
904 2.902994 
905 3.063953 
906 3.210739 
907 3.342292 
908 3.457838 
909 3.556874 
910 3.639142 
911 3.704617 
912 3.753476 
913 3.786081 
914 3.802951 
915 3.804737 
916 3.792205 
917 3.766208 
918 3.727671 
919 3.677567 
920 3.616903 
921 3.546706 
922 3.468003 
923 3.381816 
924 3.289144 
925 3.190961 
926 3.088204 
927 2.981767 
928 2.872497 
929 2.761190 
930 2.648589 
931 2.535381 
932 2.422195 
933 2.309605 
934 2.198130 
935 2.088230 
936 1.980315 
937 1.874742 
938 1.771818 
939 1.671805 
940 1.574919 
941 1.481336 
942 1.391193 
943 1.304593 
944 1.221604 
945 1.142267 
946 1.066595 
947 0.994579 
948 0.926187 
949 0.861368 
950 0.800059 
951 0.742178 
952 0.687634 
953 0.636327 
954 0.588148 
955 0.542982 
956 0.500709 
957 0.461206 
958 0.424349 
959 0.390012 
960 0.358069 
961 0.328396 
962 0.300869 
963 0.275368 
964 0.251776 
965 0.229977 
966 0.209861 
967 0.191320 
968 0.174253 
969 0.158561 
970 0.144149 
971 0.130929 
972 0.118815 
973 0.107727 
974 0.097590 
975 0.088331 
976 0.079884 
977 0.072184 
978 0.065173 
979 0.058796 
980 0.053001 
981 0.047740 
982 0.042968 
983 0.038643 
984 0.034728 
985 0.031187 
986 0.027986 
987 0.025097 
988 0.022490 
989 0.020140 
990 0.018023 
991 0.016118 
992 0.014405 
993 0.012867 
994 0.011485 
995 0.010246 
996 0.009135 
997 0.008140 
998 0.007249 
999 0.006452 
1000 0.005740 
1001 0.005104 
1002 0.004536 
1003 0.004030 
1004 0.003578 
1005 0.003176 
1006 0.002818 
1007 0.002499 
1008 0.002216 
1009 0.001964 
1010 0.001740 
1011 0.001541 
1012 0.001365 
1013 0.001208 
1014 0.001070 
1015 0.000947 
1016 0.000838 
1017 0.000741 
1018 0.000656 
1019 0.000580 
1020 0.000513 
1021 0.000454 
1022 0.000401 
1023 0.000355 
1024 0.000314 
1025 0.000278 
1026 0.000246 
1027 0.000217 
1028 0.000192 
1029 0.000301 
1030 0.000932 
1031 0.002810 
1032 0.006999 
1033 0.014852 
1034 0.027922 
1035 0.047847 
1036 0.076233 
1037 0.114550 
1038 0.164041 
1039 0.225651 
1040 0.299985 
1041 0.387282 
1042 0.487420 
1043 0.599923 
1044 0.723995 
1045 0.858559 
1046 1.002299 
1047 1.153711 
1048 1.311153 
1049 1.472893 
1050 1.637154 
1051 1.802159 
1052 1.966161 
1053 2.127485 
1054 2.284547 
1055 2.435879 
1056 2.580148 
1057 2.716163 
1058 2.842887 
1059 2.959440 
1060 3.065101 
1061 3.159303 
1062 3.241632 
1063 3.311820 
1064 3.369733 
1065 3.415369 
1066 3.448841 
1067 3.470370 
1068 3.480274 
1069 3.478953 
1070 3.466882 
1071 3.444597 
1072 3.412688 
1073 3.371784 
1074 3.322543 
1075 3.265650 
1076 3.201800 
1077 3.131694 
1078 3.056032 
1079 2.975507 
1080 2.890795 
1081 2.802557 
1082 2.711428 
1083 2.618018 
1084 2.522906 
1085 2.426640 
1086 2.329734 
1087 2.232664 
1088 2.135873 
1089 2.039766 
1090 1.944712 
1091 1.851042 
1092 1.759053 
1093 1.669007 
1094 1.581132 
1095 1.495625 
1096 1.412651 
1097 1.332347 
1098 1.254822 
1099 1.180161 
1100 1.108423 
1101 1.039648 
1102 0.973853 
1103 0.911041 
1104 0.851195 
1105 0.794284 
1106 0.740267 
1107 0.689088 
1108 0.640685 
1109 0.594983 
1110 0.551905 
1111 0.511366 
1112 0.473275 
1113 0.437539 
1114 0.404064 
1115 0.372751 
1116 0.343504 
1117 0.316224 
1118 0.290812 
1119 0.267174 
1120 0.245213 
1121 0.224837 
1122 0.205955 
1123 0.188480 
1124 0.172325 
1125 0.157408 
1126 0.143652 
1127 0.130979 
1128 0.119318 
1129 0.108600 
1130 0.098759 
1131 0.089733 
1132 0.081463 
1133 0.073893 
1134 0.066972 
1135 0.060650 
1136 0.054881 
1137 0.049622 
1138 0.044832 
1139 0.040473 
1140 0.036511 
1141 0.032912 
1142 0.029646 
1143 0.026686 
1144 0.024004 
1145 0.021577 
1146 0.019382 
1147 0.017399 
1148 0.015609 
1149 0.013994 
1150 0.012539 
1151 0.011228 
1152 0.010049 
1153 0.008988 
1154 0.008035 
1155 0.007179 
1156 0.006412 
1157 0.005723 
1158 0.005107 
1159 0.004554 
1160 0.004060 
1161 0.003618 
1162 0.003223 
1163 0.002870 
1164 0.002555 
1165 0.002274 
1166 0.002024 
1167 0.001800 
1168 0.001601 
1169 0.001424 
1170 0.001266 
1171 0.001125 
1172 0.001000 
1173 0.000889 
1174 0.000790 
1175 0.000702 
1176 0.000643 
1177 0.000683 
1178 0.000985 
1179 0.001840 
1180 0.003686 
1181 0.007113 
1182 0.012854 
1183 0.021753 
1184 0.034733 
1185 0.052751 
1186 0.076746 
1187 0.107601 
1188 0.146097 
1189 0.192881 
1190 0.248437 
1191 0.313071 
1192 0.386894 
1193 0.469829 
1194 0.561606 
1195 0.661778 
1196 0.769737 
1197 0.884729 
1198 1.005876 
1199 1.132201 
1200 1.262650 
1201 1.396114 
1202 1.531453 
1203 1.667515 
1204 1.803156 
1205 1.937261 
1206 2.068750 
1207 2.196602 
1208 2.319861 
1209 2.437641 
1210 2.549143 
1211 2.653652 
1212 2.750542 
1213 2.839282 
1214 2.919433 
1215 2.990646 
1216 3.052666 
1217 3.105321 
1218 3.148528 
1219 3.182281 
1220 3.206647 
1221 3.221766 
1222 3.227840 
1223 3.225128 
1224 3.213943 
1225 3.194642 
1226 3.167621 
1227 3.133310 
1228 3.092168 
1229 3.044674 
1230 2.991321 
1231 2.932618 
1232 2.869075 
1233 2.801206 
1234 2.729521 
1235 2.654523 
1236 2.576705 
1237 2.496546 
1238 2.414509 
1239 2.331038 
1240 2.246557 
1241 2.161466 
1242 2.076143 
1243 1.990939 
1244 1.906183 
1245 1.822176 
1246 1.739191 
1247 1.657481 
1248 1.577267 
1249 1.498750 
1250 1.422103 
1251 1.347479 
1252 1.275005 
1253 1.204789 
1254 1.136918 
1255 1.071458 
1256 1.008460 
1257 0.947957 
1258 0.889965 
1259 0.834489 
1260 0.781520 
1261 0.731035 
1262 0.683004 
1263 0.637387 
1264 0.594135 
1265 0.553191 
1266 0.514495 
1267 0.477980 
1268 0.443576 
1269 0.411208 
1270 0.380799 
1271 0.352273 
1272 0.325549 
1273 0.300547 
1274 0.277188 
1275 0.255391 
1276 0.235079 
1277 0.216175 
1278 0.198601 
1279 0.182285 
1280 0.167153 
1281 0.153138 
1282 0.140170 
1283 0.128186 
1284 0.117122 
1285 0.106920 
1286 0.097523 
1287 0.088875 
1288 0.080927 
1289 0.073627 
1290 0.066932 
1291 0.060796 
1292 0.055178 
1293 0.050040 
1294 0.045345 
1295 0.041060 
1296 0.037151 
1297 0.033590 
1298 0.030348 
1299 0.027400 
1300 0.024721 
1301 0.022288 
1302 0.020082 
1303 0.018082 
1304 0.016272 
1305 0.014633 
1306 0.013152 
1307 0.011814 
1308 0.010607 
1309 0.009517 
1310 0.008536 
1311 0.007651 
1312 0.006856 
1313 0.006140 
1314 0.005497 
1315 0.004919 
1316 0.004401 
1317 0.003936 
1318 0.003519 
1319 0.003145 
1320 0.002810 
1321 0.002510 
1322 0.002242 
1323 0.002005 
1324 0.001809 
1325 0.001686 
1326 0.001705 
1327 0.001987 
1328 0.002723 
1329 0.004174 
1330 0.006688 
1331 0.010687 
1332 0.016665 
1333 0.025173 
1334 0.036803 
1335 0.052163 
1336 0.071860 
1337 0.096474 
1338 0.126537 
1339 0.162518 
1340 0.204799 
1341 0.253670 
1342 0.309314 
1343 0.371806 
1344 0.441107 
1345 0.517067 
1346 0.599427 
1347 0.687831 
1348 0.781827 
1349 0.880882 
1350 0.984391 
1351 1.091691 
1352 1.202067 
1353 1.314773 
1354 1.429035 
1355 1.544068 
1356 1.659085 
1357 1.773304 
1358 1.885964 
1359 1.996324 
1360 2.103678 
1361 2.207357 
1362 2.306735 
1363 2.401236 
1364 2.490333 
1365 2.573556 
1366 2.650491 
1367 2.720782 
1368 2.784130 
1369 2.840298 
1370 2.889105 
1371 2.930428 
1372 2.964198 
1373 2.990401 
1374 3.009074 
1375 3.020304 
1376 3.024220 
1377 3.020996 
1378 3.010844 
1379 2.994011 
1380 2.970775 
1381 2.941443 
1382 2.906344 
1383 2.865829 
1384 2.820265 
1385 2.770029 
1386 2.715510 
1387 2.657102 
1388 2.595202 
1389 2.530204 
1390 2.462500 
1391 2.392478 
1392 2.320515 
1393 2.246976 
1394 2.172218 
1395 2.096580 
1396 2.020386 
1397 1.943945 
1398 1.867545 
1399 1.791459 
1400 1.715939 
1401 1.641217 
1402 1.567506 
1403 1.495000 
1404 1.423874 
1405 1.354282 
1406 1.286360 
1407 1.220228 
1408 1.155985 
1409 1.093717 
1410 1.033492 
1411 0.975364 
1412 0.919371 
1413 0.865540 
1414 0.813885 
1415 0.764409 
1416 0.717104 
1417 0.671952 
1418 0.628929 
1419 0.588001 
1420 0.549129 
1421 0.512268 
1422 0.477365 
1423 0.444368 
1424 0.413216 
1425 0.383850 
1426 0.356205 
1427 0.330216 
1428 0.305816 
1429 0.282940 
1430 0.261518 
1431 0.241484 
1432 0.222772 
1433 0.205315 
1434 0.189049 
1435 0.173911 
1436 0.159838 
1437 0.146771 
1438 0.134651 
1439 0.123423 
1440 0.113032 
1441 0.103425 
1442 0.094554 
1443 0.086371 
1444 0.078829 
1445 0.071887 
1446 0.065502 
1447 0.059636 
1448 0.054252 
1449 0.049316 
1450 0.044794 
1451 0.040656 
1452 0.036873 
1453 0.033418 
1454 0.030264 
1455 0.027390 
1456 0.024771 
1457 0.022388 
1458 0.020222 
1459 0.018253 
1460 0.016467 
1461 0.014847 
1462 0.013379 
1463 0.012049 
1464 0.010847 
1465 0.009760 
1466 0.008777 
1467 0.007891 
1468 0.007091 
1469 0.006369 
1470 0.005720 
1471 0.005138 
1472 0.004624 
1473 0.004189 
1474 0.003860 
1475 0.003687 
1476 0.003752 
1477 0.004173 
1478 0.005113 
1479 0.006780 
1480 0.009430 
1481 0.013365 
1482 0.018926 
1483 0.026489 
1484 0.036453 
1485 0.049231 
1486 0.065237 
1487 0.084874 
1488 0.108523 
1489 0.136531 
1490 0.169200 
1491 0.206780 
1492 0.249462 
1493 0.297372 
1494 0.350565 
1495 0.409031 
1496 0.472686 
1497 0.541381 
1498 0.614901 
1499 0.692968 
1500 0.775251 
1501 0.861366 
1502 0.950884 
1503 1.043340 
1504 1.138236 
1505 1.235049 
1506 1.333236 
1507 1.432244 
1508 1.531513 
1509 1.630480 
1510 1.728590 
1511 1.825295 
1512 1.920064 
1513 2.012382 
1514 2.101759 
1515 2.187728 
1516 2.269853 
1517 2.347730 
1518 2.420986 
1519 2.489286 
1520 2.552333 
1521 2.609866 
1522 2.661666 
1523 2.707551 
1524 2.747381 
1525 2.781055 
1526 2.808511 
1527 2.829726 
1528 2.844713 
1529 2.853523 
1530 2.856238 
1531 2.852976 
1532 2.843883 
1533 2.829135 
1534 2.808933 
1535 2.783501 
1536 2.753085 
1537 2.717949 
1538 2.678372 
1539 2.634646 
1540 2.587075 
1541 2.535968 
1542 2.481643 
1543 2.424418 
1544 2.364613 
1545 2.302545 
1546 2.238528 
1547 2.172871 
1548 2.105876 
1549 2.037835 
1550 1.969029 
1551 1.899730 
1552 1.830195 
1553 1.760668 
1554 1.691380 
1555 1.622547 
1556 1.554368 
1557 1.487028 
1558 1.420697 
1559 1.355527 
1560 1.291658 
1561 1.229212 
1562 1.168298 
1563 1.109008 
1564 1.051423 
1565 0.995610 
1566 0.941622 
1567 0.889500 
1568 0.839274 
1569 0.790965 
1570 0.744581 
1571 0.700123 
1572 0.657582 
1573 0.616944 
1574 0.578185 
1575 0.541276 
1576 0.506182 
1577 0.472865 
1578 0.441280 
1579 0.411380 
1580 0.383115 
1581 0.356433 
1582 0.331278 
1583 0.307595 
1584 0.285325 
1585 0.264412 
1586 0.244797 
1587 0.226422 
1588 0.209229 
1589 0.193162 
1590 0.178164 
1591 0.164181 
1592 0.151157 
1593 0.139042 
1594 0.127784 
1595 0.117334 
1596 0.107644 
1597 0.098669 
1598 0.090364 
1599 0.082689 
1600 0.075602 
1601 0.069065 
1602 0.063042 
1603 0.057498 
1604 0.052400 
1605 0.047717 
1606 0.043419 
1607 0.039479 
1608 0.035871 
1609 0.032569 
1610 0.029552 
1611 0.026796 
1612 0.024281 
1613 0.021989 
1614 0.019902 
1615 0.018003 
1616 0.016276 
1617 0.014707 
1618 0.013284 
1619 0.011995 
1620 0.010831 
1621 0.009792 
1622 0.008881 
1623 0.008114 
1624 0.007523 
1625 0.007158 
1626 0.007093 
1627 0.007425 
1628 0.008285 
1629 0.009829 
1630 0.012245 
1631 0.015751 
1632 0.020590 
1633 0.027024 
1634 0.035336 
1635 0.045816 
1636 0.058758 
1637 0.074453 
1638 0.093180 
1639 0.115201 
1640 0.140755 
1641 0.170048 
1642 0.203254 
1643 0.240506 
1644 0.281895 
1645 0.327469 
1646 0.377231 
1647 0.431136 
1648 0.489098 
1649 0.550985 
1650 0.616625 
1651 0.685807 
1652 0.758283 
1653 0.833775 
1654 0.911974 
1655 0.992545 
1656 1.075133 
1657 1.159364 
1658 1.244850 
1659 1.331191 
1660 1.417980 
1661 1.504805 
1662 1.591255 
1663 1.676918 
1664 1.761389 
1665 1.844270 
1666 1.925174 
1667 2.003725 
1668 2.079563 
1669 2.152344 
1670 2.221746 
1671 2.287466 
1672 2.349223 
1673 2.406761 
1674 2.459851 
1675 2.508288 
1676 2.551897 
1677 2.590530 
1678 2.624068 
1679 2.652421 
1680 2.675528 
1681 2.693358 
1682 2.705907 
1683 2.713200 
1684 2.715288 
1685 2.712250 
1686 2.704187 
1687 2.691227 
1688 2.673517 
1689 2.651227 
1690 2.624542 
1691 2.593667 
1692 2.558821 
1693 2.520234 
1694 2.478150 
1695 2.432819 
1696 2.384499 
1697 2.333453 
1698 2.279947 
1699 2.224247 
1700 2.166620 
1701 2.107328 
1702 2.046633 
1703 1.984789 
1704 1.922043 
1705 1.858635 
1706 1.794798 
1707 1.730751 
1708 1.666705 
1709 1.602860 
1710 1.539403 
1711 1.476508 
1712 1.414339 
1713 1.353044 
1714 1.292760 
1715 1.233611 
1716 1.175708 
1717 1.119150 
1718 1.064022 
1719 1.010400 
1720 0.958346 
1721 0.907912 
1722 0.859140 
1723 0.812060 
1724 0.766695 
1725 0.723058 
1726 0.681153 
1727 0.640979 
1728 0.602525 
1729 0.565775 
1730 0.530707 
1731 0.497294 
1732 0.465505 
1733 0.435304 
1734 0.406652 
1735 0.379505 
1736 0.353821 
1737 0.329551 
1738 0.306647 
1739 0.285060 
1740 0.264739 
1741 0.245634 
1742 0.227692 
1743 0.210864 
1744 0.195097 
1745 0.180343 
1746 0.166551 
1747 0.153674 
1748 0.141664 
1749 0.130474 
1750 0.120061 
1751 0.110380 
1752 0.101391 
1753 0.093053 
1754 0.085326 
1755 0.078174 
1756 0.071562 
1757 0.065455 
1758 0.059820 
1759 0.054628 
1760 0.049848 
1761 0.045452 
1762 0.041414 
1763 0.037708 
1764 0.034312 
1765 0.031201 
1766 0.028355 
1767 0.025755 
1768 0.023383 
1769 0.021225 
1770 0.019272 
1771 0.017520 
1772 0.015973 
1773 0.014645 
1774 0.013563 
1775 0.012769 
1776 0.012321 
1777 0.012296 
1778 0.012791 
1779 0.013924 
1780 0.015833 
1781 0.018676 
1782 0.022626 
1783 0.027876 
1784 0.034626 
1785 0.043088 
1786 0.053476 
1787 0.066004 
1788 0.080882 
1789 0.098309 
1790 0.118472 
1791 0.141539 
1792 0.167659 
1793 0.196955 
1794 0.229524 
1795 0.265435 
1796 0.304727 
1797 0.347410 
1798 0.393462 
1799 0.442832 
1800 0.495439 
1801 0.551174 
1802 0.609901 
1803 0.671459 
1804 0.735664 
1805 0.802311 
1806 0.871173 
1807 0.942010 
1808 1.014563 
1809 1.088562 
1810 1.163724 
1811 1.239758 
1812 1.316365 
1813 1.393240 
1814 1.470075 
1815 1.546560 
1816 1.622383 
1817 1.697235 
1818 1.770810 
1819 1.842807 
1820 1.912929 
1821 1.980891 
1822 2.046413 
1823 2.109231 
1824 2.169089 
1825 2.225749 
1826 2.278987 
1827 2.328595 
1828 2.374385 
1829 2.416186 
1830 2.453851 
1831 2.487249 
1832 2.516275 
1833 2.540845 
1834 2.560896 
1835 2.576389 
1836 2.587310 
1837 2.593664 
1838 2.595480 
1839 2.592808 
1840 2.585721 
1841 2.574310 
1842 2.558686 
1843 2.538977 
1844 2.515329 
1845 2.487903 
1846 2.456874 
1847 2.422429 
1848 2.384765 
1849 2.344091 
1850 2.300620 
1851 2.254574 
1852 2.206177 
1853 2.155657 
1854 2.103244 
1855 2.049166 
1856 1.993651 
1857 1.936922 
1858 1.879201 
1859 1.820703 
1860 1.761636 
1861 1.702201 
1862 1.642591 
1863 1.582993 
1864 1.523579 
1865 1.464517 
1866 1.405960 
1867 1.348054 
1868 1.290931 
1869 1.234714 
1870 1.179515 
1871 1.125434 
1872 1.072561 
1873 1.020975 
1874 0.970746 
1875 0.921932 
1876 0.874582 
1877 0.828736 
1878 0.784425 
1879 0.741672 
1880 0.700491 
1881 0.660889 
1882 0.622867 
1883 0.586419 
1884 0.551532 
1885 0.518189 
1886 0.486369 
1887 0.456044 
1888 0.427185 
1889 0.399757 
1890 0.373724 
1891 0.349048 
1892 0.325686 
1893 0.303597 
1894 0.282736 
1895 0.263058 
1896 0.244518 
1897 0.227071 
1898 0.210669 
1899 0.195269 
1900 0.180824 
1901 0.167290 
1902 0.154625 
1903 0.142784 
1904 0.131727 
1905 0.121413 
1906 0.111804 
1907 0.102861 
1908 0.094548 
1909 0.086831 
1910 0.079675 
1911 0.073048 
1912 0.066918 
1913 0.061256 
1914 0.056033 
1915 0.051220 
1916 0.046790 
1917 0.042718 
1918 0.038983 
1919 0.035567 
1920 0.032456 
1921 0.029643 
1922 0.027126 
1923 0.024915 
1924 0.023028 
1925 0.021493 
1926 0.020354 
1927 0.019667 
1928 0.019504 
1929 0.019949 
1930 0.021103 
1931 0.023080 
1932 0.026009 
1933 0.030026 
1934 0.035280 
1935 0.041926 
1936 0.050122 
1937 0.060029 
1938 0.071803 
1939 0.085600 
1940 0.101563 
1941 0.119830 
1942 0.140522 
1943 0.163746 
1944 0.189594 
1945 0.218135 
1946 0.249423 
1947 0.283488 
1948 0.320343 
1949 0.359976 
1950 0.402357 
1951 0.447435 
1952 0.495141 
1953 0.545384 
1954 0.598060 
1955 0.653044 
1956 0.710200 
1957 0.769376 
1958 0.830405 
1959 0.893112 
1960 0.957309 
1961 1.022798 
1962 1.089374 
1963 1.156823 
1964 1.224925 
1965 1.293454 
1966 1.362178 
1967 1.430863 
1968 1.499270 
1969 1.567160 
1970 1.634290 
1971 1.700420 
1972 1.765310 
1973 1.828720 
1974 1.890417 
1975 1.950169 
1976 2.007753 
1977 2.062952 
1978 2.115555 
1979 2.165365 
1980 2.212192 
1981 2.255860 
1982 2.296207 
1983 2.333085 
1984 2.366360 
1985 2.395916 
1986 2.421654 
1987 2.443492 
1988 2.461366 
1989 2.475233 
1990 2.485067 
1991 2.490860 
1992 2.492626 
1993 2.490396 
1994 2.484218 
1995 2.474158 
1996 2.460302 
1997 2.442749 
1998 2.421613 
1999 2.397025 
