0 0.000000 
1 0.000000 
2 0.000000 
3 0.000000 
4 0.000000 
5 0.000000 
6 0.000000 
7 0.000000 
8 0.000000 
9 0.000000 
10 0.000000 
11 0.000000 
12 0.000000 
13 0.000000 
14 0.000000 
15 0.000000 
16 0.000000 
17 0.000000 
18 0.000000 
19 0.000000 
20 0.000000 
21 0.000000 
22 0.000000 
23 0.000000 
24 0.000000 
25 0.000000 
26 0.000000 
27 0.000000 
28 0.000000 
29 0.000000 
30 0.000000 
31 0.000000 
32 0.000000 
33 0.000000 
34 0.000000 
35 0.000000 
36 0.000000 
37 0.000000 
38 0.000000 
39 0.000000 
40 0.000000 
41 0.000000 
42 0.000000 
43 0.000000 
44 0.000000 
45 0.000000 
46 0.000000 
47 0.000000 
48 0.000000 
49 0.000000 
50 0.000000 
51 0.000000 
52 0.000000 
53 0.000000 
54 0.000000 
55 0.000000 
56 0.000000 
57 0.000000 
58 0.000000 
59 0.000000 
60 0.000000 
61 0.000000 
62 0.000000 
63 0.000000 
64 0.000000 
65 0.000000 
66 0.000000 
67 0.000000 
68 0.000000 
69 0.000000 
70 0.000000 
71 0.000000 
72 0.000000 
73 0.000000 
74 0.000000 
75 0.000000 
76 0.000000 
77 0.000000 
78 0.000000 
79 0.000000 
80 0.000000 
81 0.000000 
82 0.000000 
83 0.000000 
84 0.000000 
85 0.000000 
86 0.000000 
87 0.000000 
88 0.000000 
89 0.000000 
90 0.000000 
91 18.469043 
92 14.886358 
93 11.998743 
94 9.671282 
95 7.795269 
96 6.283112 
97 5.064223 
98 4.081718 
99 3.289753 
100 2.651378 
101 2.136811 
102 1.722046 
103 1.387732 
104 1.118271 
105 0.901088 
106 0.726047 
107 0.584976 
108 0.471287 
109 0.379670 
110 0.305843 
111 0.246356 
112 0.198425 
113 0.159808 
114 0.128698 
115 0.103636 
116 0.083448 
117 0.067188 
118 0.054092 
119 0.043546 
120 0.035053 
121 0.028214 
122 0.022708 
123 0.018275 
124 0.014707 
125 0.011834 
126 0.009522 
127 0.007661 
128 0.006163 
129 0.004958 
130 0.003989 
131 0.003208 
132 0.002581 
133 0.002076 
134 0.001669 
135 0.001343 
136 0.001080 
137 0.000868 
138 0.000698 
139 0.000562 
140 0.000452 
141 0.000363 
142 0.000292 
143 0.000235 
144 0.000189 
145 0.000152 
146 0.000122 
147 0.000098 
148 0.000079 
149 0.000064 
150 0.000051 
151 0.000041 
152 0.000033 
153 0.000027 
154 0.000021 
155 0.000017 
156 0.000014 
157 0.000011 
158 0.000009 
159 0.000007 
160 0.000006 
161 0.000005 
162 0.000004 
163 0.000003 
164 0.000002 
165 0.000002 
166 0.000002 
167 0.000001 
168 0.000001 
169 0.000001 
170 0.000001 
171 0.000001 
172 0.000000 
173 0.000000 
174 0.000000 
175 0.000000 
176 0.000000 
177 0.000000 
178 0.000000 
179 0.000000 
180 0.000000 
181 0.000000 
182 3.582686 
183 5.775230 
184 6.982382 
185 7.504051 
186 7.560789 
187 7.313334 
188 6.877531 
189 6.335718 
190 5.745374 
191 5.145672 
192 4.562419 
193 4.011768 
194 3.502996 
195 3.040560 
196 2.625617 
197 2.257137 
198 1.932708 
199 1.649107 
200 1.402706 
201 1.189751 
202 1.006545 
203 0.849567 
204 0.715543 
205 0.601482 
206 0.504690 
207 0.422766 
208 0.353590 
209 0.295306 
210 0.246295 
211 0.205158 
212 0.170689 
213 0.141852 
214 0.117763 
215 0.097667 
216 0.080924 
217 0.066991 
218 0.055411 
219 0.045795 
220 0.037819 
221 0.031209 
222 0.025737 
223 0.021210 
224 0.017469 
225 0.014379 
226 0.011828 
227 0.009725 
228 0.007992 
229 0.006564 
230 0.005389 
231 0.004422 
232 0.003627 
233 0.002974 
234 0.002437 
235 0.001997 
236 0.001635 
237 0.001339 
238 0.001096 
239 0.000897 
240 0.000733 
241 0.000600 
242 0.000490 
243 0.000401 
244 0.000327 
245 0.000268 
246 0.000219 
247 0.000178 
248 0.000146 
249 0.000119 
250 0.000097 
251 0.000079 
252 0.000065 
253 0.000053 
254 0.000043 
255 0.000035 
256 0.000029 
257 0.000023 
258 0.000019 
259 0.000016 
260 0.000013 
261 0.000010 
262 0.000008 
263 0.000007 
264 0.000006 
265 0.000005 
266 0.000004 
267 0.000003 
268 0.000002 
269 0.000002 
270 0.000002 
271 0.000001 
272 0.000001 
273 0.695072 
274 1.680463 
275 2.708689 
276 3.638548 
277 4.399033 
278 4.964077 
279 5.335112 
280 5.529234 
281 5.571347 
282 5.489103 
283 5.309787 
284 5.058516 
285 4.757336 
286 4.424882 
287 4.076405 
288 3.724002 
289 3.376964 
290 3.042160 
291 2.724426 
292 2.426938 
293 2.151543 
294 1.899047 
295 1.669469 
296 1.462244 
297 1.276394 
298 1.110665 
299 0.963637 
300 0.833801 
301 0.719630 
302 0.619617 
303 0.532316 
304 0.456357 
305 0.390465 
306 0.333464 
307 0.284283 
308 0.241951 
309 0.205596 
310 0.174441 
311 0.147795 
312 0.125049 
313 0.105667 
314 0.089178 
315 0.075173 
316 0.063296 
317 0.053237 
318 0.044731 
319 0.037547 
320 0.031487 
321 0.026381 
322 0.022083 
323 0.018471 
324 0.015437 
325 0.012891 
326 0.010757 
327 0.008971 
328 0.007475 
329 0.006225 
330 0.005181 
331 0.004310 
332 0.003583 
333 0.002977 
334 0.002472 
335 0.002052 
336 0.001702 
337 0.001411 
338 0.001170 
339 0.000969 
340 0.000803 
341 0.000665 
342 0.000550 
343 0.000455 
344 0.000376 
345 0.000311 
346 0.000257 
347 0.000212 
348 0.000175 
349 0.000145 
350 0.000120 
351 0.000099 
352 0.000081 
353 0.000067 
354 0.000055 
355 0.000046 
356 0.000038 
357 0.000031 
358 0.000026 
359 0.000021 
360 0.000017 
361 0.000014 
362 0.000012 
363 0.000010 
364 0.134925 
365 0.434830 
366 0.875939 
367 1.411723 
368 1.990953 
369 2.567318 
370 3.103792 
371 3.573856 
372 3.960962 
373 4.257125 
374 4.461185 
375 4.577066 
376 4.612192 
377 4.576150 
378 4.479615 
379 4.333537 
380 4.148537 
381 3.934510 
382 3.700372 
383 3.453928 
384 3.201831 
385 2.949604 
386 2.701708 
387 2.461631 
388 2.231999 
389 2.014691 
390 1.810944 
391 1.621469 
392 1.446541 
393 1.286092 
394 1.139786 
395 1.007087 
396 0.887317 
397 0.779699 
398 0.683400 
399 0.597557 
400 0.521308 
401 0.453805 
402 0.394229 
403 0.341803 
404 0.295794 
405 0.255521 
406 0.220354 
407 0.189717 
408 0.163084 
409 0.139979 
410 0.119976 
411 0.102689 
412 0.087776 
413 0.074934 
414 0.063893 
415 0.054414 
416 0.046290 
417 0.039335 
418 0.033391 
419 0.028316 
420 0.023990 
421 0.020305 
422 0.017171 
423 0.014509 
424 0.012249 
425 0.010332 
426 0.008709 
427 0.007336 
428 0.006174 
429 0.005193 
430 0.004365 
431 0.003667 
432 0.003079 
433 0.002583 
434 0.002166 
435 0.001815 
436 0.001521 
437 0.001273 
438 0.001066 
439 0.000891 
440 0.000745 
441 0.000623 
442 0.000520 
443 0.000435 
444 0.000363 
445 0.000303 
446 0.000252 
447 0.000211 
448 0.000176 
449 0.000146 
450 0.000122 
451 0.000102 
452 0.000085 
453 0.000070 
454 0.000059 
455 0.026260 
456 0.105603 
457 0.255145 
458 0.479586 
459 0.772778 
460 1.120793 
461 1.505245 
462 1.906191 
463 2.304365 
464 2.682700 
465 3.027222 
466 3.327427 
467 3.576287 
468 3.769986 
469 3.907510 
470 3.990155 
471 4.021018 
472 4.004505 
473 3.945890 
474 3.850932 
475 3.725564 
476 3.575634 
477 3.406724 
478 3.224011 
479 3.032179 
480 2.835370 
481 2.637167 
482 2.440599 
483 2.248163 
484 2.061863 
485 1.883251 
486 1.713477 
487 1.553336 
488 1.403322 
489 1.263671 
490 1.134409 
491 1.015387 
492 0.906322 
493 0.806828 
494 0.716441 
495 0.634645 
496 0.560891 
497 0.494616 
498 0.435251 
499 0.382237 
500 0.335028 
501 0.293103 
502 0.255966 
503 0.223149 
504 0.194219 
505 0.168770 
506 0.146431 
507 0.126862 
508 0.109751 
509 0.094818 
510 0.081809 
511 0.070495 
512 0.060671 
513 0.052154 
514 0.044781 
515 0.038409 
516 0.032908 
517 0.028166 
518 0.024083 
519 0.020572 
520 0.017557 
521 0.014971 
522 0.012754 
523 0.010857 
524 0.009235 
525 0.007849 
526 0.006666 
527 0.005657 
528 0.004797 
529 0.004066 
530 0.003444 
531 0.002915 
532 0.002466 
533 0.002085 
534 0.001762 
535 0.001488 
536 0.001256 
537 0.001060 
538 0.000894 
539 0.000753 
540 0.000635 
541 0.000534 
542 0.000450 
543 0.000379 
544 0.000318 
545 0.000268 
546 0.005323 
547 0.024820 
548 0.069580 
549 0.149223 
550 0.270296 
551 0.435366 
552 0.642934 
553 0.887927 
554 1.162532 
555 1.457152 
556 1.761354 
557 2.064704 
558 2.357434 
559 2.630939 
560 2.878085 
561 3.093374 
562 3.272970 
563 3.414628 
564 3.517556 
565 3.582226 
566 3.610160 
567 3.603714 
568 3.565863 
569 3.500007 
570 3.409790 
571 3.298953 
572 3.171204 
573 3.030120 
574 2.879071 
575 2.721164 
576 2.559205 
577 2.395683 
578 2.232761 
579 2.072281 
580 1.915775 
581 1.764485 
582 1.619388 
583 1.481215 
584 1.350484 
585 1.227521 
586 1.112493 
587 1.005425 
588 0.906231 
589 0.814730 
590 0.730667 
591 0.653732 
592 0.583573 
593 0.519808 
594 0.462040 
595 0.409864 
596 0.362873 
597 0.320667 
598 0.282859 
599 0.249074 
600 0.218956 
601 0.192167 
602 0.168391 
603 0.147333 
604 0.128720 
605 0.112299 
606 0.097839 
607 0.085128 
608 0.073974 
609 0.064201 
610 0.055653 
611 0.048188 
612 0.041677 
613 0.036007 
614 0.031075 
615 0.026792 
616 0.023077 
617 0.019858 
618 0.017073 
619 0.014665 
620 0.012586 
621 0.010793 
622 0.009248 
623 0.007918 
624 0.006774 
625 0.005791 
626 0.004948 
627 0.004224 
628 0.003604 
629 0.003073 
630 0.002619 
631 0.002230 
632 0.001898 
633 0.001615 
634 0.001373 
635 0.001167 
636 0.000991 
637 0.001835 
638 0.006310 
639 0.018622 
640 0.044025 
641 0.088016 
642 0.155513 
643 0.250184 
644 0.373994 
645 0.527011 
646 0.707428 
647 0.911771 
648 1.135223 
649 1.372017 
650 1.615843 
651 1.860239 
652 2.098939 
653 2.326151 
654 2.536772 
655 2.726538 
656 2.892099 
657 3.031048 
658 3.141896 
659 3.224015 
660 3.277551 
661 3.303325 
662 3.302716 
663 3.277554 
664 3.230000 
665 3.162450 
666 3.077434 
667 2.977537 
668 2.865322 
669 2.743279 
670 2.613770 
671 2.479001 
672 2.340990 
673 2.201557 
674 2.062314 
675 1.924660 
676 1.789792 
677 1.658706 
678 1.532213 
679 1.410951 
680 1.295401 
681 1.185902 
682 1.082668 
683 0.985802 
684 0.895316 
685 0.811141 
686 0.733144 
687 0.661138 
688 0.594893 
689 0.534151 
690 0.478629 
691 0.428030 
692 0.382048 
693 0.340375 
694 0.302705 
695 0.268738 
696 0.238183 
697 0.210760 
698 0.186201 
699 0.164253 
700 0.144679 
701 0.127256 
702 0.111776 
703 0.098048 
704 0.085894 
705 0.075152 
706 0.065673 
707 0.057322 
708 0.049975 
709 0.043522 
710 0.037861 
711 0.032903 
712 0.028565 
713 0.024774 
714 0.021467 
715 0.018584 
716 0.016073 
717 0.013890 
718 0.011994 
719 0.010348 
720 0.008921 
721 0.007685 
722 0.006616 
723 0.005691 
724 0.004892 
725 0.004203 
726 0.003608 
727 0.003096 
728 0.002849 
729 0.003523 
730 0.006465 
731 0.013782 
732 0.028236 
733 0.053007 
734 0.091361 
735 0.146309 
736 0.220284 
737 0.314894 
738 0.430756 
739 0.567437 
740 0.723467 
741 0.896445 
742 1.083186 
743 1.279916 
744 1.482474 
745 1.686525 
746 1.887752 
747 2.082030 
748 2.265569 
749 2.435027 
750 2.587587 
751 2.721006 
752 2.833631 
753 2.924392 
754 2.992779 
755 3.038793 
756 3.062897 
757 3.065948 
758 3.049136 
759 3.013914 
760 2.961932 
761 2.894978 
762 2.814919 
763 2.723651 
764 2.623055 
765 2.514963 
766 2.401121 
767 2.283173 
768 2.162637 
769 2.040898 
770 1.919195 
771 1.798626 
772 1.680140 
773 1.564547 
774 1.452522 
775 1.344612 
776 1.241245 
777 1.142743 
778 1.049327 
779 0.961135 
780 0.878226 
781 0.800592 
782 0.728171 
783 0.660854 
784 0.598490 
785 0.540900 
786 0.487882 
787 0.439214 
788 0.394664 
789 0.353992 
790 0.316954 
791 0.283310 
792 0.252818 
793 0.225248 
794 0.200372 
795 0.177975 
796 0.157850 
797 0.139802 
798 0.123647 
799 0.109212 
800 0.096337 
801 0.084873 
802 0.074682 
803 0.065636 
804 0.057619 
805 0.050526 
806 0.044257 
807 0.038725 
808 0.033851 
809 0.029560 
810 0.025789 
811 0.022478 
812 0.019574 
813 0.017031 
814 0.014806 
815 0.012861 
816 0.011162 
817 0.009681 
818 0.008389 
819 0.007303 
820 0.006561 
821 0.006540 
822 0.007951 
823 0.011906 
824 0.019917 
825 0.033838 
826 0.055740 
827 0.087767 
828 0.131950 
829 0.190044 
830 0.263375 
831 0.352726 
832 0.458260 
833 0.579491 
834 0.715298 
835 0.863974 
836 1.023306 
837 1.190678 
838 1.363188 
839 1.537766 
840 1.711295 
841 1.880719 
842 2.043143 
843 2.195914 
844 2.336686 
845 2.463468 
846 2.574653 
847 2.669035 
848 2.745801 
849 2.804525 
850 2.845140 
851 2.867908 
852 2.873385 
853 2.862375 
854 2.835893 
855 2.795117 
856 2.741354 
857 2.675990 
858 2.600465 
859 2.516232 
860 2.424730 
861 2.327363 
862 2.225475 
863 2.120335 
864 2.013126 
865 1.904933 
866 1.796738 
867 1.689419 
868 1.583747 
869 1.480388 
870 1.379907 
871 1.282771 
872 1.189358 
873 1.099961 
874 1.014794 
875 0.934003 
876 0.857670 
877 0.785823 
878 0.718439 
879 0.655458 
880 0.596783 
881 0.542288 
882 0.491825 
883 0.445227 
884 0.402316 
885 0.362902 
886 0.326790 
887 0.293784 
888 0.263685 
889 0.236299 
890 0.211434 
891 0.188906 
892 0.168534 
893 0.150149 
894 0.133588 
895 0.118696 
896 0.105328 
897 0.093349 
898 0.082632 
899 0.073059 
900 0.064521 
901 0.056917 
902 0.050156 
903 0.044151 
904 0.038825 
905 0.034108 
906 0.029936 
907 0.026249 
908 0.022996 
909 0.020128 
910 0.017611 
911 0.015442 
912 0.013694 
913 0.012566 
914 0.012432 
915 0.013889 
916 0.017780 
917 0.025183 
918 0.037385 
919 0.055813 
920 0.081957 
921 0.117272 
922 0.163079 
923 0.220472 
924 0.290234 
925 0.372781 
926 0.468114 
927 0.575805 
928 0.695005 
929 0.824470 
930 0.962603 
931 1.107520 
932 1.257111 
933 1.409120 
934 1.561218 
935 1.711076 
936 1.856433 
937 1.995156 
938 2.125295 
939 2.245117 
940 2.353144 
941 2.448169 
942 2.529266 
943 2.595794 
944 2.647390 
945 2.683954 
946 2.705628 
947 2.712780 
948 2.705970 
949 2.685927 
950 2.653518 
951 2.609718 
952 2.555585 
953 2.492232 
954 2.420802 
955 2.342445 
956 2.258300 
957 2.169476 
958 2.077039 
959 1.981999 
960 1.885301 
961 1.787816 
962 1.690342 
963 1.593595 
964 1.498209 
965 1.404742 
966 1.313670 
967 1.225394 
968 1.140246 
969 1.058487 
970 0.980319 
971 0.905885 
972 0.835276 
973 0.768537 
974 0.705672 
975 0.646651 
976 0.591411 
977 0.539863 
978 0.491899 
979 0.447391 
980 0.406198 
981 0.368170 
982 0.333150 
983 0.300974 
984 0.271479 
985 0.244500 
986 0.219875 
987 0.197443 
988 0.177049 
989 0.158544 
990 0.141783 
991 0.126630 
992 0.112952 
993 0.100628 
994 0.089542 
995 0.079584 
996 0.070653 
997 0.062656 
998 0.055504 
999 0.049118 
1000 0.043423 
1001 0.038352 
1002 0.033851 
1003 0.029891 
1004 0.026488 
1005 0.023726 
1006 0.021791 
1007 0.020998 
1008 0.021808 
1009 0.024844 
1010 0.030886 
1011 0.040848 
1012 0.055751 
1013 0.076671 
1014 0.104684 
1015 0.140809 
1016 0.185944 
1017 0.240811 
1018 0.305908 
1019 0.381471 
1020 0.467446 
1021 0.563484 
1022 0.668938 
1023 0.782879 
1024 0.904126 
1025 1.031277 
1026 1.162754 
1027 1.296852 
1028 1.431786 
1029 1.565741 
1030 1.696922 
1031 1.823597 
1032 1.944137 
1033 2.057050 
1034 2.161008 
1035 2.254869 
1036 2.337692 
1037 2.408744 
1038 2.467500 
1039 2.513645 
1040 2.547062 
1041 2.567822 
1042 2.576169 
1043 2.572500 
1044 2.557350 
1045 2.531370 
1046 2.495303 
1047 2.449972 
1048 2.396252 
1049 2.335055 
1050 2.267312 
1051 2.193957 
1052 2.115914 
1053 2.034082 
1054 1.949325 
1055 1.862468 
1056 1.774280 
1057 1.685479 
1058 1.596721 
1059 1.508601 
1060 1.421651 
1061 1.336341 
1062 1.253077 
1063 1.172206 
1064 1.094017 
1065 1.018745 
1066 0.946574 
1067 0.877640 
1068 0.812036 
1069 0.749817 
1070 0.691000 
1071 0.635575 
1072 0.583501 
1073 0.534717 
1074 0.489141 
1075 0.446674 
1076 0.407206 
1077 0.370614 
1078 0.336768 
1079 0.305535 
1080 0.276775 
1081 0.250350 
1082 0.226120 
1083 0.203946 
1084 0.183693 
1085 0.165230 
1086 0.148428 
1087 0.133166 
1088 0.119324 
1089 0.106792 
1090 0.095465 
1091 0.085241 
1092 0.076028 
1093 0.067739 
1094 0.060301 
1095 0.053655 
1096 0.047772 
1097 0.042665 
1098 0.038405 
1099 0.035140 
1100 0.033111 
1101 0.032662 
1102 0.034251 
1103 0.038443 
1104 0.045901 
1105 0.057370 
1106 0.073643 
1107 0.095536 
1108 0.123841 
1109 0.159294 
1110 0.202529 
1111 0.254047 
1112 0.314183 
1113 0.383078 
1114 0.460669 
1115 0.546675 
1116 0.640598 
1117 0.741735 
1118 0.849189 
1119 0.961895 
1120 1.078646 
1121 1.198124 
1122 1.318933 
1123 1.439638 
1124 1.558791 
1125 1.674974 
1126 1.786820 
1127 1.893049 
1128 1.992484 
1129 2.084076 
1130 2.166916 
1131 2.240247 
1132 2.303472 
1133 2.356151 
1134 2.398006 
1135 2.428914 
1136 2.448898 
1137 2.458119 
1138 2.456862 
1139 2.445525 
1140 2.424603 
1141 2.394676 
1142 2.356389 
1143 2.310441 
1144 2.257569 
1145 2.198536 
1146 2.134116 
1147 2.065082 
1148 1.992200 
1149 1.916211 
1150 1.837835 
1151 1.757751 
1152 1.676603 
1153 1.594988 
1154 1.513457 
1155 1.432512 
1156 1.352603 
1157 1.274131 
1158 1.197446 
1159 1.122849 
1160 1.050595 
1161 0.980892 
1162 0.913908 
1163 0.849769 
1164 0.788568 
1165 0.730360 
1166 0.675173 
1167 0.623008 
1168 0.573840 
1169 0.527627 
1170 0.484305 
1171 0.443798 
1172 0.406016 
1173 0.370859 
1174 0.338220 
1175 0.307987 
1176 0.280041 
1177 0.254263 
1178 0.230533 
1179 0.208730 
1180 0.188737 
1181 0.170435 
1182 0.153712 
1183 0.138458 
1184 0.124567 
1185 0.111940 
1186 0.100486 
1187 0.090124 
1188 0.080793 
1189 0.072458 
1190 0.065119 
1191 0.058823 
1192 0.053675 
1193 0.049850 
1194 0.047597 
1195 0.047247 
1196 0.049210 
1197 0.053972 
1198 0.062081 
1199 0.074131 
1200 0.090744 
1201 0.112539 
1202 0.140116 
1203 0.174016 
1204 0.214705 
1205 0.262544 
1206 0.317767 
1207 0.380466 
1208 0.450580 
1209 0.527885 
1210 0.611996 
1211 0.702370 
1212 0.798315 
1213 0.899007 
1214 1.003505 
1215 1.110773 
1216 1.219704 
1217 1.329143 
1218 1.437914 
1219 1.544843 
1220 1.648781 
1221 1.748627 
1222 1.843349 
1223 1.931996 
1224 2.013717 
1225 2.087773 
1226 2.153538 
1227 2.210515 
1228 2.258328 
1229 2.296730 
1230 2.325593 
1231 2.344909 
1232 2.354782 
1233 2.355417 
1234 2.347113 
1235 2.330253 
1236 2.305291 
1237 2.272741 
1238 2.233168 
1239 2.187175 
1240 2.135391 
1241 2.078463 
1242 2.017044 
1243 1.951789 
1244 1.883338 
1245 1.812318 
1246 1.739333 
1247 1.664958 
1248 1.589734 
1249 1.514168 
1250 1.438728 
1251 1.363843 
1252 1.289899 
1253 1.217240 
1254 1.146172 
1255 1.076956 
1256 1.009818 
1257 0.944945 
1258 0.882486 
1259 0.822559 
1260 0.765252 
1261 0.710620 
1262 0.658697 
1263 0.609490 
1264 0.562985 
1265 0.519152 
1266 0.477943 
1267 0.439297 
1268 0.403140 
1269 0.369390 
1270 0.337957 
1271 0.308746 
1272 0.281655 
1273 0.256581 
1274 0.233420 
1275 0.212066 
1276 0.192416 
1277 0.174366 
1278 0.157820 
1279 0.142685 
1280 0.128882 
1281 0.116346 
1282 0.105034 
1283 0.094932 
1284 0.086062 
1285 0.078491 
1286 0.072339 
1287 0.067780 
1288 0.065049 
1289 0.064444 
1290 0.066317 
1291 0.071074 
1292 0.079162 
1293 0.091054 
1294 0.107238 
1295 0.128194 
1296 0.154379 
1297 0.186205 
1298 0.224019 
1299 0.268090 
1300 0.318588 
1301 0.375577 
1302 0.439002 
1303 0.508686 
1304 0.584325 
1305 0.665497 
1306 0.751659 
1307 0.842163 
1308 0.936265 
1309 1.033139 
1310 1.131896 
1311 1.231597 
1312 1.331275 
1313 1.429954 
1314 1.526662 
1315 1.620454 
1316 1.710425 
1317 1.795725 
1318 1.875570 
1319 1.949257 
1320 2.016168 
1321 2.075782 
1322 2.127671 
1323 2.171510 
1324 2.207076 
1325 2.234242 
1326 2.252978 
1327 2.263346 
1328 2.265494 
1329 2.259647 
1330 2.246102 
1331 2.225220 
1332 2.197414 
1333 2.163145 
1334 2.122910 
1335 2.077232 
1336 2.026657 
1337 1.971740 
1338 1.913042 
1339 1.851121 
1340 1.786526 
1341 1.719789 
1342 1.651428 
1343 1.581932 
1344 1.511766 
1345 1.441365 
1346 1.371130 
1347 1.301432 
1348 1.232605 
1349 1.164949 
1350 1.098730 
1351 1.034180 
1352 0.971496 
1353 0.910847 
1354 0.852368 
1355 0.796167 
1356 0.742324 
1357 0.690897 
1358 0.641917 
1359 0.595399 
1360 0.551335 
1361 0.509703 
1362 0.470467 
1363 0.433577 
1364 0.398972 
1365 0.366584 
1366 0.336335 
1367 0.308145 
1368 0.281925 
1369 0.257588 
1370 0.235044 
1371 0.214205 
1372 0.194987 
1373 0.177314 
1374 0.161121 
1375 0.146363 
1376 0.133014 
1377 0.121076 
1378 0.110586 
1379 0.101620 
1380 0.094296 
1381 0.088777 
1382 0.085275 
1383 0.084046 
1384 0.085388 
1385 0.089636 
1386 0.097152 
1387 0.108314 
1388 0.123508 
1389 0.143108 
1390 0.167470 
1391 0.196909 
1392 0.231693 
1393 0.272024 
1394 0.318031 
1395 0.369758 
1396 0.427158 
1397 0.490091 
1398 0.558316 
1399 0.631497 
1400 0.709205 
1401 0.790923 
1402 0.876055 
1403 0.963936 
1404 1.053841 
1405 1.145003 
1406 1.236620 
1407 1.327873 
1408 1.417938 
1409 1.506004 
1410 1.591277 
1411 1.673000 
1412 1.750464 
1413 1.823010 
1414 1.890047 
1415 1.951050 
1416 2.005574 
1417 2.053250 
1418 2.093790 
1419 2.126991 
1420 2.152727 
1421 2.170954 
1422 2.181704 
1423 2.185080 
1424 2.181253 
1425 2.170454 
1426 2.152971 
1427 2.129140 
1428 2.099339 
1429 2.063979 
1430 2.023501 
1431 1.978366 
1432 1.929050 
1433 1.876037 
1434 1.819812 
1435 1.760858 
1436 1.699650 
1437 1.636649 
1438 1.572300 
1439 1.507027 
1440 1.441233 
1441 1.375294 
1442 1.309560 
1443 1.244352 
1444 1.179964 
1445 1.116658 
1446 1.054669 
1447 0.994200 
1448 0.935429 
1449 0.878506 
1450 0.823552 
1451 0.770668 
1452 0.719926 
1453 0.671382 
1454 0.625068 
1455 0.581000 
1456 0.539176 
1457 0.499581 
1458 0.462184 
1459 0.426946 
1460 0.393815 
1461 0.362735 
1462 0.333641 
1463 0.306465 
1464 0.281136 
1465 0.257586 
1466 0.235749 
1467 0.215569 
1468 0.196999 
1469 0.180009 
1470 0.164590 
1471 0.150758 
1472 0.138556 
1473 0.128062 
1474 0.119387 
1475 0.112679 
1476 0.108121 
1477 0.105933 
1478 0.106361 
1479 0.109682 
1480 0.116189 
1481 0.126186 
1482 0.139977 
1483 0.157861 
1484 0.180114 
1485 0.206983 
1486 0.238675 
1487 0.275347 
1488 0.317097 
1489 0.363956 
1490 0.415886 
1491 0.472772 
1492 0.534422 
1493 0.600566 
1494 0.670861 
1495 0.744888 
1496 0.822167 
1497 0.902154 
1498 0.984255 
1499 1.067836 
1500 1.152227 
1501 1.236739 
1502 1.320671 
1503 1.403322 
1504 1.484000 
1505 1.562034 
1506 1.636782 
1507 1.707640 
1508 1.774048 
1509 1.835501 
1510 1.891548 
1511 1.941800 
1512 1.985936 
1513 2.023698 
1514 2.054898 
1515 2.079415 
1516 2.097192 
1517 2.108239 
1518 2.112626 
1519 2.110482 
1520 2.101987 
1521 2.087371 
1522 2.066908 
1523 2.040910 
1524 2.009721 
1525 1.973713 
1526 1.933278 
1527 1.888826 
1528 1.840776 
1529 1.789553 
1530 1.735583 
1531 1.679288 
1532 1.621083 
1533 1.561370 
1534 1.500538 
1535 1.438958 
1536 1.376982 
1537 1.314939 
1538 1.253136 
1539 1.191855 
1540 1.131355 
1541 1.071867 
1542 1.013599 
1543 0.956733 
1544 0.901426 
1545 0.847813 
1546 0.796004 
1547 0.746090 
1548 0.698140 
1549 0.652203 
1550 0.608313 
1551 0.566485 
1552 0.526721 
1553 0.489011 
1554 0.453331 
1555 0.419650 
1556 0.387928 
1557 0.358120 
1558 0.330180 
1559 0.304059 
1560 0.279715 
1561 0.257108 
1562 0.236214 
1563 0.217017 
1564 0.199522 
1565 0.183753 
1566 0.169761 
1567 0.157619 
1568 0.147430 
1569 0.139326 
1570 0.133465 
1571 0.130031 
1572 0.129231 
1573 0.131291 
1574 0.136450 
1575 0.144951 
1576 0.157041 
1577 0.172954 
1578 0.192909 
1579 0.217102 
1580 0.245695 
1581 0.278809 
1582 0.316520 
1583 0.358852 
1584 0.405771 
1585 0.457182 
1586 0.512931 
1587 0.572799 
1588 0.636506 
1589 0.703713 
1590 0.774024 
1591 0.846995 
1592 0.922132 
1593 0.998908 
1594 1.076761 
1595 1.155106 
1596 1.233346 
1597 1.310875 
1598 1.387088 
1599 1.461392 
1600 1.533210 
1601 1.601990 
1602 1.667214 
1603 1.728398 
1604 1.785103 
1605 1.836938 
1606 1.883561 
1607 1.924686 
1608 1.960080 
1609 1.989569 
1610 2.013033 
1611 2.030410 
1612 2.041691 
1613 2.046922 
1614 2.046196 
1615 2.039655 
1616 2.027483 
1617 2.009903 
1618 1.987174 
1619 1.959586 
1620 1.927452 
1621 1.891110 
1622 1.850913 
1623 1.807225 
1624 1.760420 
1625 1.710875 
1626 1.658966 
1627 1.605067 
1628 1.549543 
1629 1.492749 
1630 1.435027 
1631 1.376706 
1632 1.318094 
1633 1.259483 
1634 1.201145 
1635 1.143328 
1636 1.086262 
1637 1.030154 
1638 0.975187 
1639 0.921524 
1640 0.869306 
1641 0.818655 
1642 0.769670 
1643 0.722433 
1644 0.677008 
1645 0.633441 
1646 0.591764 
1647 0.551995 
1648 0.514138 
1649 0.478190 
1650 0.444136 
1651 0.411956 
1652 0.381628 
1653 0.353128 
1654 0.326433 
1655 0.301525 
1656 0.278397 
1657 0.257050 
1658 0.237500 
1659 0.219780 
1660 0.203943 
1661 0.190060 
1662 0.178227 
1663 0.168559 
1664 0.161193 
1665 0.156285 
1666 0.154008 
1667 0.154548 
1668 0.158099 
1669 0.164861 
1670 0.175031 
1671 0.188796 
1672 0.206331 
1673 0.227792 
1674 0.253306 
1675 0.282969 
1676 0.316840 
1677 0.354934 
1678 0.397223 
1679 0.443629 
1680 0.494024 
1681 0.548228 
1682 0.606012 
1683 0.667097 
1684 0.731155 
1685 0.797818 
1686 0.866675 
1687 0.937283 
1688 1.009169 
1689 1.081834 
1690 1.154767 
1691 1.227442 
1692 1.299332 
1693 1.369913 
1694 1.438668 
1695 1.505097 
1696 1.568721 
1697 1.629088 
1698 1.685777 
1699 1.738403 
1700 1.786620 
1701 1.830126 
1702 1.868661 
1703 1.902016 
1704 1.930025 
1705 1.952573 
1706 1.969592 
1707 1.981060 
1708 1.987001 
1709 1.987484 
1710 1.982617 
1711 1.972547 
1712 1.957458 
1713 1.937564 
1714 1.913109 
1715 1.884361 
1716 1.851607 
1717 1.815156 
1718 1.775325 
1719 1.732444 
1720 1.686847 
1721 1.638871 
1722 1.588852 
1723 1.537122 
1724 1.484006 
1725 1.429821 
1726 1.374871 
1727 1.319447 
1728 1.263824 
1729 1.208262 
1730 1.153001 
1731 1.098265 
1732 1.044256 
1733 0.991161 
1734 0.939144 
1735 0.888350 
1736 0.838907 
1737 0.790923 
1738 0.744490 
1739 0.699681 
1740 0.656558 
1741 0.615163 
1742 0.575530 
1743 0.537680 
1744 0.501625 
1745 0.467372 
1746 0.434920 
1747 0.404269 
1748 0.375419 
1749 0.348372 
1750 0.323136 
1751 0.299728 
1752 0.278176 
1753 0.258521 
1754 0.240817 
1755 0.225137 
1756 0.211567 
1757 0.200211 
1758 0.191189 
1759 0.184634 
1760 0.180692 
1761 0.179518 
1762 0.181272 
1763 0.186116 
1764 0.194210 
1765 0.205706 
1766 0.220746 
1767 0.239452 
1768 0.261925 
1769 0.288243 
1770 0.318449 
1771 0.352554 
1772 0.390534 
1773 0.432321 
1774 0.477809 
1775 0.526849 
1776 0.579250 
1777 0.634781 
1778 0.693169 
1779 0.754104 
1780 0.817244 
1781 0.882213 
1782 0.948610 
1783 1.016009 
1784 1.083970 
1785 1.152038 
1786 1.219751 
1787 1.286646 
1788 1.352263 
1789 1.416149 
1790 1.477867 
1791 1.536995 
1792 1.593138 
1793 1.645923 
1794 1.695010 
1795 1.740090 
1796 1.780891 
1797 1.817180 
1798 1.848761 
1799 1.875480 
1800 1.897225 
1801 1.913922 
1802 1.925540 
1803 1.932087 
1804 1.933609 
1805 1.930189 
1806 1.921945 
1807 1.909025 
1808 1.891608 
1809 1.869900 
1810 1.844128 
1811 1.814543 
1812 1.781410 
1813 1.745008 
1814 1.705629 
1815 1.663569 
1816 1.619132 
1817 1.572621 
1818 1.524338 
1819 1.474580 
1820 1.423641 
1821 1.371803 
1822 1.319339 
1823 1.266509 
1824 1.213560 
1825 1.160724 
1826 1.108217 
1827 1.056239 
1828 1.004973 
1829 0.954585 
1830 0.905223 
1831 0.857018 
1832 0.810085 
1833 0.764524 
1834 0.720419 
1835 0.677839 
1836 0.636843 
1837 0.597476 
1838 0.559777 
1839 0.523774 
1840 0.489491 
1841 0.456951 
1842 0.426172 
1843 0.397177 
1844 0.369991 
1845 0.344645 
1846 0.321177 
1847 0.299637 
1848 0.280083 
1849 0.262586 
1850 0.247229 
1851 0.234107 
1852 0.223327 
1853 0.215004 
1854 0.209263 
1855 0.206236 
1856 0.206055 
1857 0.208856 
1858 0.214770 
1859 0.223921 
1860 0.236422 
1861 0.252374 
1862 0.271856 
1863 0.294930 
1864 0.321630 
1865 0.351962 
1866 0.385901 
1867 0.423392 
1868 0.464344 
1869 0.508632 
1870 0.556096 
1871 0.606540 
1872 0.659737 
1873 0.715426 
1874 0.773316 
1875 0.833089 
1876 0.894402 
1877 0.956891 
1878 1.020175 
1879 1.083859 
1880 1.147539 
1881 1.210805 
1882 1.273248 
1883 1.334461 
1884 1.394044 
1885 1.451612 
1886 1.506790 
1887 1.559228 
1888 1.608594 
1889 1.654584 
1890 1.696920 
1891 1.735357 
1892 1.769679 
1893 1.799707 
1894 1.825293 
1895 1.846328 
1896 1.862735 
1897 1.874475 
1898 1.881543 
1899 1.883968 
1900 1.881810 
1901 1.875162 
1902 1.864146 
1903 1.848909 
1904 1.829625 
1905 1.806489 
1906 1.779716 
1907 1.749538 
1908 1.716200 
1909 1.679960 
1910 1.641084 
1911 1.599844 
1912 1.556513 
1913 1.511368 
1914 1.464682 
1915 1.416725 
1916 1.367761 
1917 1.318045 
1918 1.267823 
1919 1.217330 
1920 1.166789 
1921 1.116408 
1922 1.066383 
1923 1.016894 
1924 0.968107 
1925 0.920170 
1926 0.873219 
1927 0.827373 
1928 0.782740 
1929 0.739411 
1930 0.697466 
1931 0.656976 
1932 0.617999 
1933 0.580588 
1934 0.544789 
1935 0.510643 
1936 0.478189 
1937 0.447468 
1938 0.418519 
1939 0.391388 
1940 0.366124 
1941 0.342783 
1942 0.321429 
1943 0.302135 
1944 0.284982 
1945 0.270058 
1946 0.257461 
1947 0.247295 
1948 0.239670 
1949 0.234698 
1950 0.232493 
1951 0.233170 
1952 0.236838 
1953 0.243599 
1954 0.253548 
1955 0.266765 
1956 0.283315 
1957 0.303246 
1958 0.326582 
1959 0.353326 
1960 0.383457 
1961 0.416924 
1962 0.453651 
1963 0.493530 
1964 0.536426 
1965 0.582175 
1966 0.630581 
1967 0.681425 
1968 0.734459 
1969 0.789410 
1970 0.845986 
1971 0.903872 
1972 0.962739 
1973 1.022242 
1974 1.082027 
1975 1.141734 
1976 1.200996 
1977 1.259450 
1978 1.316732 
1979 1.372488 
1980 1.426373 
1981 1.478056 
1982 1.527220 
1983 1.573570 
1984 1.616830 
1985 1.656749 
1986 1.693103 
1987 1.725692 
1988 1.754349 
1989 1.778933 
1990 1.799338 
1991 1.815484 
1992 1.827326 
1993 1.834847 
1994 1.838062 
1995 1.837013 
1996 1.831773 
1997 1.822439 
1998 1.809133 
1999 1.792002 
