0 0.000000 
1 0.000000 
2 0.000000 
3 0.000000 
4 0.000000 
5 0.000000 
6 0.000000 
7 0.000000 
8 0.000000 
9 0.000000 
10 0.000000 
11 0.000000 
12 0.000000 
13 0.000000 
14 0.000000 
15 0.000000 
16 0.000000 
17 0.000000 
18 0.000000 
19 0.000000 
20 0.000000 
21 0.000000 
22 0.000000 
23 0.000000 
24 0.000000 
25 0.000000 
26 0.000000 
27 0.000000 
28 0.000000 
29 0.000000 
30 0.000000 
31 0.000000 
32 0.000000 
33 0.000000 
34 0.000000 
35 0.000000 
36 0.000000 
37 0.000000 
38 0.000000 
39 0.000000 
40 0.000000 
41 0.000000 
42 0.000000 
43 0.000000 
44 0.000000 
45 0.000000 
46 0.000000 
47 0.000000 
48 0.000000 
49 0.000000 
50 0.000000 
51 0.000000 
52 0.000000 
53 0.000000 
54 0.000000 
55 0.000000 
56 0.000000 
57 0.000000 
58 0.000000 
59 0.000000 
60 0.000000 
61 0.000000 
62 0.000000 
63 0.000000 
64 0.000000 
65 0.000000 
66 0.000000 
67 0.000000 
68 0.000000 
69 0.000000 
70 0.000000 
71 0.000000 
72 0.000000 
73 0.000000 
74 0.000000 
75 0.000000 
76 0.000000 
77 0.000000 
78 0.000000 
79 0.000000 
80 0.000000 
81 0.000000 
82 0.000000 
83 0.000000 
84 0.000000 
85 0.000000 
86 0.000000 
87 0.000000 
88 0.000000 
89 0.000000 
90 0.000000 
91 0.343487 
92 0.631544 
93 0.873181 
94 1.075946 
95 1.246157 
96 1.389106 
97 1.509225 
98 1.610226 
99 1.695217 
100 1.766801 
101 1.827158 
102 1.878112 
103 1.921194 
104 1.957683 
105 1.988651 
106 2.014996 
107 2.037471 
108 2.056704 
109 2.073223 
110 2.087471 
111 2.099816 
112 2.110568 
113 2.119987 
114 2.128290 
115 2.135658 
116 2.142245 
117 2.148178 
118 2.153563 
119 2.158491 
120 2.163035 
121 2.167259 
122 2.171216 
123 2.174948 
124 2.178494 
125 2.181884 
126 2.185144 
127 2.188295 
128 2.191356 
129 2.194342 
130 2.197265 
131 2.200136 
132 2.202965 
133 2.205758 
134 2.208522 
135 2.211262 
136 2.213982 
137 2.216687 
138 2.219379 
139 2.222061 
140 2.224734 
141 2.227401 
142 2.230064 
143 2.232723 
144 2.235380 
145 2.238035 
146 2.240690 
147 2.243344 
148 1.878686 
149 1.573304 
150 1.317562 
151 1.103391 
152 0.924033 
153 0.773831 
154 0.648044 
155 0.542703 
156 0.454486 
157 0.380609 
158 0.318741 
159 0.266929 
160 0.223539 
161 0.187203 
162 0.156773 
163 0.131289 
164 0.109948 
165 0.092076 
166 0.077109 
167 0.064575 
168 0.054078 
169 0.045288 
170 0.037926 
171 0.031761 
172 0.026598 
173 0.022275 
174 0.018654 
175 0.015622 
176 0.013082 
177 0.010956 
178 0.009175 
179 0.007684 
180 0.006435 
181 0.005389 
182 0.005460 
183 0.007264 
184 0.011186 
185 0.017446 
186 0.026135 
187 0.037258 
188 0.050754 
189 0.066522 
190 0.084432 
191 0.104339 
192 0.126090 
193 0.149533 
194 0.174517 
195 0.200899 
196 0.228543 
197 0.257324 
198 0.287125 
199 0.317840 
200 0.349373 
201 0.381638 
202 0.414555 
203 0.448057 
204 0.482080 
205 0.516570 
206 0.551478 
207 0.586762 
208 0.622384 
209 0.658311 
210 0.694515 
211 0.730970 
212 0.767653 
213 0.804547 
214 0.841635 
215 0.878901 
216 0.916334 
217 0.953923 
218 0.991659 
219 1.029533 
220 1.067539 
221 1.105671 
222 1.143923 
223 1.182292 
224 1.220773 
225 1.259363 
226 1.298060 
227 1.336862 
228 1.375766 
229 1.414770 
230 1.453874 
231 1.493076 
232 1.532375 
233 1.571770 
234 1.611261 
235 1.650847 
236 1.690528 
237 1.730303 
238 1.770172 
239 1.808107 
240 1.842738 
241 1.873184 
242 1.898940 
243 1.919771 
244 1.935641 
245 1.946652 
246 1.953003 
247 1.954955 
248 1.952804 
249 1.946862 
250 1.937449 
251 1.924876 
252 1.909444 
253 1.891436 
254 1.871117 
255 1.848731 
256 1.824502 
257 1.798633 
258 1.771308 
259 1.742691 
260 1.712929 
261 1.682153 
262 1.650481 
263 1.618014 
264 1.584844 
265 1.551050 
266 1.516702 
267 1.481862 
268 1.446584 
269 1.410913 
270 1.374891 
271 1.338554 
272 1.301931 
273 1.265052 
274 1.227947 
275 1.190647 
276 1.153184 
277 1.115593 
278 1.077910 
279 1.040170 
280 1.002410 
281 0.964669 
282 0.926982 
283 0.889386 
284 0.851915 
285 0.814603 
286 0.777481 
287 0.740581 
288 0.703931 
289 0.667558 
290 0.631487 
291 0.595741 
292 0.560343 
293 0.525312 
294 0.490667 
295 0.456425 
296 0.423686 
297 0.393196 
298 0.365440 
299 0.340700 
300 0.319113 
301 0.300707 
302 0.285438 
303 0.273207 
304 0.263883 
305 0.257315 
306 0.253342 
307 0.251800 
308 0.252527 
309 0.255369 
310 0.260178 
311 0.266818 
312 0.275162 
313 0.285095 
314 0.296512 
315 0.309319 
316 0.323430 
317 0.338771 
318 0.355275 
319 0.372881 
320 0.391540 
321 0.411204 
322 0.431833 
323 0.453394 
324 0.475856 
325 0.499192 
326 0.523381 
327 0.548403 
328 0.574243 
329 0.600885 
330 0.628309 
331 0.656486 
332 0.685370 
333 0.714906 
334 0.745027 
335 0.775653 
336 0.806701 
337 0.838078 
338 0.869691 
339 0.901442 
340 0.933235 
341 0.964973 
342 0.996564 
343 1.027917 
344 1.058945 
345 1.089566 
346 1.119701 
347 1.149277 
348 1.178226 
349 1.206485 
350 1.233993 
351 1.260697 
352 1.286547 
353 1.311496 
354 1.335501 
355 1.358525 
356 1.380533 
357 1.401491 
358 1.421370 
359 1.440144 
360 1.457788 
361 1.474280 
362 1.489600 
363 1.503728 
364 1.516649 
365 1.528345 
366 1.538804 
367 1.548011 
368 1.555956 
369 1.562626 
370 1.568013 
371 1.572107 
372 1.574901 
373 1.576386 
374 1.576557 
375 1.575409 
376 1.572937 
377 1.569136 
378 1.564003 
379 1.557536 
380 1.549733 
381 1.540592 
382 1.530113 
383 1.518296 
384 1.505140 
385 1.490646 
386 1.474817 
387 1.457661 
388 1.439205 
389 1.419488 
390 1.398566 
391 1.376508 
392 1.353397 
393 1.329323 
394 1.304384 
395 1.278686 
396 1.252332 
397 1.225431 
398 1.198090 
399 1.170413 
400 1.142503 
401 1.114459 
402 1.086375 
403 1.058341 
404 1.030442 
405 1.002760 
406 0.975370 
407 0.948343 
408 0.921745 
409 0.895638 
410 0.870080 
411 0.845124 
412 0.820821 
413 0.797217 
414 0.774355 
415 0.752277 
416 0.731018 
417 0.710616 
418 0.691103 
419 0.672510 
420 0.654866 
421 0.638199 
422 0.622536 
423 0.607901 
424 0.594317 
425 0.581805 
426 0.570386 
427 0.560078 
428 0.550897 
429 0.542859 
430 0.535975 
431 0.530257 
432 0.525713 
433 0.522349 
434 0.520172 
435 0.519182 
436 0.519381 
437 0.520766 
438 0.523335 
439 0.527083 
440 0.532001 
441 0.538080 
442 0.545311 
443 0.553681 
444 0.563173 
445 0.573763 
446 0.585422 
447 0.598113 
448 0.611793 
449 0.626414 
450 0.641923 
451 0.658265 
452 0.675382 
453 0.693213 
454 0.711697 
455 0.730771 
456 0.750376 
457 0.770448 
458 0.790928 
459 0.811756 
460 0.832873 
461 0.854223 
462 0.875749 
463 0.897397 
464 0.919114 
465 0.940849 
466 0.962549 
467 0.984168 
468 1.005656 
469 1.026966 
470 1.048053 
471 1.068871 
472 1.089377 
473 1.109527 
474 1.129278 
475 1.148589 
476 1.167418 
477 1.185724 
478 1.203468 
479 1.220608 
480 1.237108 
481 1.252927 
482 1.268031 
483 1.282382 
484 1.295947 
485 1.308695 
486 1.320596 
487 1.331622 
488 1.341750 
489 1.350956 
490 1.359223 
491 1.366533 
492 1.372875 
493 1.378237 
494 1.382614 
495 1.386000 
496 1.388395 
497 1.389800 
498 1.390220 
499 1.389662 
500 1.388135 
501 1.385652 
502 1.382227 
503 1.377877 
504 1.372619 
505 1.366476 
506 1.359468 
507 1.351622 
508 1.342961 
509 1.333514 
510 1.323309 
511 1.312376 
512 1.300747 
513 1.288455 
514 1.275532 
515 1.262014 
516 1.247936 
517 1.233335 
518 1.218249 
519 1.202714 
520 1.186771 
521 1.170459 
522 1.153818 
523 1.136889 
524 1.119713 
525 1.102333 
526 1.084789 
527 1.067126 
528 1.049385 
529 1.031609 
530 1.013843 
531 0.996130 
532 0.978513 
533 0.961037 
534 0.943744 
535 0.926679 
536 0.909886 
537 0.893407 
538 0.877285 
539 0.861563 
540 0.846281 
541 0.831480 
542 0.817196 
543 0.803468 
544 0.790329 
545 0.777812 
546 0.765948 
547 0.754765 
548 0.744287 
549 0.734539 
550 0.725541 
551 0.717311 
552 0.709865 
553 0.703215 
554 0.697372 
555 0.692345 
556 0.688139 
557 0.684757 
558 0.682201 
559 0.680469 
560 0.679559 
561 0.679466 
562 0.680181 
563 0.681698 
564 0.684004 
565 0.687088 
566 0.690934 
567 0.695528 
568 0.700852 
569 0.706888 
570 0.713614 
571 0.721010 
572 0.729052 
573 0.737716 
574 0.746976 
575 0.756806 
576 0.767178 
577 0.778063 
578 0.789430 
579 0.801249 
580 0.813488 
581 0.826114 
582 0.839094 
583 0.852393 
584 0.865976 
585 0.879809 
586 0.893854 
587 0.908077 
588 0.922441 
589 0.936908 
590 0.951442 
591 0.966006 
592 0.980563 
593 0.995077 
594 1.009510 
595 1.023827 
596 1.037992 
597 1.051969 
598 1.065725 
599 1.079225 
600 1.092437 
601 1.105329 
602 1.117871 
603 1.130033 
604 1.141787 
605 1.153107 
606 1.163967 
607 1.174343 
608 1.184213 
609 1.193556 
610 1.202352 
611 1.210584 
612 1.218235 
613 1.225291 
614 1.231738 
615 1.237566 
616 1.242762 
617 1.247320 
618 1.251233 
619 1.254495 
620 1.257102 
621 1.259052 
622 1.260345 
623 1.260981 
624 1.260963 
625 1.260295 
626 1.258982 
627 1.257032 
628 1.254452 
629 1.251253 
630 1.247446 
631 1.243045 
632 1.238064 
633 1.232517 
634 1.226424 
635 1.219801 
636 1.212670 
637 1.205050 
638 1.196964 
639 1.188436 
640 1.179489 
641 1.170149 
642 1.160441 
643 1.150394 
644 1.140034 
645 1.129390 
646 1.118490 
647 1.107364 
648 1.096041 
649 1.084552 
650 1.072925 
651 1.061193 
652 1.049383 
653 1.037528 
654 1.025657 
655 1.013799 
656 1.001985 
657 0.990243 
658 0.978602 
659 0.967091 
660 0.955738 
661 0.944569 
662 0.933612 
663 0.922891 
664 0.912433 
665 0.902261 
666 0.892399 
667 0.882869 
668 0.873694 
669 0.864892 
670 0.856485 
671 0.848490 
672 0.840925 
673 0.833805 
674 0.827147 
675 0.820964 
676 0.815268 
677 0.810070 
678 0.805382 
679 0.801211 
680 0.797565 
681 0.794451 
682 0.791872 
683 0.789833 
684 0.788336 
685 0.787380 
686 0.786966 
687 0.787091 
688 0.787752 
689 0.788944 
690 0.790661 
691 0.792895 
692 0.795638 
693 0.798879 
694 0.802607 
695 0.806809 
696 0.811473 
697 0.816582 
698 0.822121 
699 0.828074 
700 0.834421 
701 0.841146 
702 0.848227 
703 0.855644 
704 0.863377 
705 0.871404 
706 0.879703 
707 0.888250 
708 0.897022 
709 0.905996 
710 0.915148 
711 0.924453 
712 0.933887 
713 0.943426 
714 0.953044 
715 0.962718 
716 0.972422 
717 0.982133 
718 0.991825 
719 1.001474 
720 1.011058 
721 1.020552 
722 1.029932 
723 1.039178 
724 1.048265 
725 1.057173 
726 1.065880 
727 1.074367 
728 1.082612 
729 1.090598 
730 1.098305 
731 1.105717 
732 1.112816 
733 1.119588 
734 1.126016 
735 1.132088 
736 1.137789 
737 1.143110 
738 1.148037 
739 1.152562 
740 1.156676 
741 1.160372 
742 1.163641 
743 1.166480 
744 1.168884 
745 1.170850 
746 1.172374 
747 1.173458 
748 1.174100 
749 1.174302 
750 1.174066 
751 1.173396 
752 1.172297 
753 1.170773 
754 1.168832 
755 1.166481 
756 1.163729 
757 1.160585 
758 1.157059 
759 1.153164 
760 1.148911 
761 1.144313 
762 1.139384 
763 1.134138 
764 1.128591 
765 1.122758 
766 1.116656 
767 1.110301 
768 1.103712 
769 1.096907 
770 1.089902 
771 1.082719 
772 1.075374 
773 1.067889 
774 1.060282 
775 1.052573 
776 1.044783 
777 1.036930 
778 1.029036 
779 1.021121 
780 1.013203 
781 1.005304 
782 0.997442 
783 0.989638 
784 0.981911 
785 0.974278 
786 0.966760 
787 0.959374 
788 0.952138 
789 0.945069 
790 0.938184 
791 0.931499 
792 0.925029 
793 0.918790 
794 0.912795 
795 0.907058 
796 0.901592 
797 0.896409 
798 0.891521 
799 0.886936 
800 0.882665 
801 0.878717 
802 0.875100 
803 0.871819 
804 0.868882 
805 0.866294 
806 0.864059 
807 0.862179 
808 0.860658 
809 0.859497 
810 0.858696 
811 0.858256 
812 0.858174 
813 0.858450 
814 0.859079 
815 0.860058 
816 0.861383 
817 0.863047 
818 0.865044 
819 0.867368 
820 0.870010 
821 0.872962 
822 0.876214 
823 0.879756 
824 0.883578 
825 0.887668 
826 0.892014 
827 0.896604 
828 0.901424 
829 0.906461 
830 0.911702 
831 0.917131 
832 0.922734 
833 0.928495 
834 0.934400 
835 0.940432 
836 0.946576 
837 0.952815 
838 0.959133 
839 0.965514 
840 0.971941 
841 0.978397 
842 0.984868 
843 0.991335 
844 0.997783 
845 1.004196 
846 1.010557 
847 1.016852 
848 1.023065 
849 1.029180 
850 1.035183 
851 1.041060 
852 1.046797 
853 1.052380 
854 1.057796 
855 1.063032 
856 1.068077 
857 1.072920 
858 1.077549 
859 1.081954 
860 1.086125 
861 1.090054 
862 1.093733 
863 1.097153 
864 1.100308 
865 1.103192 
866 1.105799 
867 1.108125 
868 1.110165 
869 1.111916 
870 1.113376 
871 1.114543 
872 1.115415 
873 1.115993 
874 1.116278 
875 1.116269 
876 1.115970 
877 1.115382 
878 1.114510 
879 1.113357 
880 1.111927 
881 1.110227 
882 1.108262 
883 1.106039 
884 1.103564 
885 1.100847 
886 1.097895 
887 1.094717 
888 1.091323 
889 1.087723 
890 1.083926 
891 1.079944 
892 1.075788 
893 1.071469 
894 1.067000 
895 1.062392 
896 1.057658 
897 1.052810 
898 1.047862 
899 1.042827 
900 1.037717 
901 1.032547 
902 1.027329 
903 1.022076 
904 1.016803 
905 1.011523 
906 1.006248 
907 1.000992 
908 0.995768 
909 0.990590 
910 0.985469 
911 0.980418 
912 0.975449 
913 0.970575 
914 0.965806 
915 0.961155 
916 0.956631 
917 0.952247 
918 0.948010 
919 0.943933 
920 0.940022 
921 0.936288 
922 0.932738 
923 0.929381 
924 0.926223 
925 0.923271 
926 0.920531 
927 0.918008 
928 0.915709 
929 0.913635 
930 0.911793 
931 0.910184 
932 0.908812 
933 0.907678 
934 0.906783 
935 0.906129 
936 0.905715 
937 0.905541 
938 0.905605 
939 0.905907 
940 0.906443 
941 0.907211 
942 0.908208 
943 0.909429 
944 0.910871 
945 0.912527 
946 0.914393 
947 0.916462 
948 0.918728 
949 0.921183 
950 0.923822 
951 0.926635 
952 0.929615 
953 0.932753 
954 0.936040 
955 0.939466 
956 0.943024 
957 0.946701 
958 0.950490 
959 0.954379 
960 0.958358 
961 0.962417 
962 0.966544 
963 0.970729 
964 0.974962 
965 0.979230 
966 0.983524 
967 0.987833 
968 0.992144 
969 0.996449 
970 1.000735 
971 1.004992 
972 1.009211 
973 1.013379 
974 1.017488 
975 1.021528 
976 1.025488 
977 1.029359 
978 1.033132 
979 1.036799 
980 1.040351 
981 1.043779 
982 1.047076 
983 1.050234 
984 1.053247 
985 1.056108 
986 1.058810 
987 1.061348 
988 1.063716 
989 1.065910 
990 1.067925 
991 1.069758 
992 1.071404 
993 1.072862 
994 1.074128 
995 1.075200 
996 1.076078 
997 1.076760 
998 1.077246 
999 1.077536 
1000 1.077630 
1001 1.077529 
1002 1.077235 
1003 1.076750 
1004 1.076076 
1005 1.075217 
1006 1.074175 
1007 1.072954 
1008 1.071560 
1009 1.069995 
1010 1.068265 
1011 1.066376 
1012 1.064334 
1013 1.062144 
1014 1.059812 
1015 1.057347 
1016 1.054754 
1017 1.052041 
1018 1.049216 
1019 1.046287 
1020 1.043261 
1021 1.040146 
1022 1.036952 
1023 1.033686 
1024 1.030357 
1025 1.026975 
1026 1.023547 
1027 1.020083 
1028 1.016592 
1029 1.013082 
1030 1.009562 
1031 1.006042 
1032 1.002530 
1033 0.999036 
1034 0.995566 
1035 0.992131 
1036 0.988739 
1037 0.985397 
1038 0.982114 
1039 0.978898 
1040 0.975756 
1041 0.972696 
1042 0.969725 
1043 0.966849 
1044 0.964076 
1045 0.961412 
1046 0.958862 
1047 0.956432 
1048 0.954128 
1049 0.951955 
1050 0.949916 
1051 0.948018 
1052 0.946262 
1053 0.944653 
1054 0.943194 
1055 0.941888 
1056 0.940736 
1057 0.939741 
1058 0.938905 
1059 0.938227 
1060 0.937710 
1061 0.937353 
1062 0.937155 
1063 0.937118 
1064 0.937239 
1065 0.937517 
1066 0.937951 
1067 0.938538 
1068 0.939276 
1069 0.940163 
1070 0.941194 
1071 0.942367 
1072 0.943678 
1073 0.945122 
1074 0.946695 
1075 0.948392 
1076 0.950208 
1077 0.952139 
1078 0.954177 
1079 0.956318 
1080 0.958555 
1081 0.960883 
1082 0.963294 
1083 0.965783 
1084 0.968342 
1085 0.970964 
1086 0.973643 
1087 0.976372 
1088 0.979143 
1089 0.981949 
1090 0.984783 
1091 0.987638 
1092 0.990506 
1093 0.993380 
1094 0.996252 
1095 0.999117 
1096 1.001965 
1097 1.004792 
1098 1.007588 
1099 1.010349 
1100 1.013066 
1101 1.015734 
1102 1.018345 
1103 1.020895 
1104 1.023377 
1105 1.025784 
1106 1.028113 
1107 1.030356 
1108 1.032510 
1109 1.034568 
1110 1.036528 
1111 1.038384 
1112 1.040133 
1113 1.041770 
1114 1.043293 
1115 1.044698 
1116 1.045983 
1117 1.047145 
1118 1.048182 
1119 1.049092 
1120 1.049874 
1121 1.050526 
1122 1.051049 
1123 1.051440 
1124 1.051701 
1125 1.051831 
1126 1.051831 
1127 1.051702 
1128 1.051444 
1129 1.051060 
1130 1.050552 
1131 1.049920 
1132 1.049168 
1133 1.048298 
1134 1.047313 
1135 1.046217 
1136 1.045012 
1137 1.043703 
1138 1.042294 
1139 1.040788 
1140 1.039191 
1141 1.037506 
1142 1.035738 
1143 1.033893 
1144 1.031976 
1145 1.029991 
1146 1.027945 
1147 1.025842 
1148 1.023689 
1149 1.021491 
1150 1.019254 
1151 1.016984 
1152 1.014686 
1153 1.012367 
1154 1.010033 
1155 1.007689 
1156 1.005342 
1157 1.002997 
1158 1.000661 
1159 0.998338 
1160 0.996035 
1161 0.993758 
1162 0.991512 
1163 0.989302 
1164 0.987134 
1165 0.985013 
1166 0.982943 
1167 0.980931 
1168 0.978980 
1169 0.977095 
1170 0.975280 
1171 0.973539 
1172 0.971877 
1173 0.970297 
1174 0.968802 
1175 0.967395 
1176 0.966080 
1177 0.964859 
1178 0.963735 
1179 0.962710 
1180 0.961785 
1181 0.960963 
1182 0.960245 
1183 0.959632 
1184 0.959124 
1185 0.958723 
1186 0.958429 
1187 0.958242 
1188 0.958161 
1189 0.958186 
1190 0.958316 
1191 0.958551 
1192 0.958889 
1193 0.959328 
1194 0.959867 
1195 0.960504 
1196 0.961237 
1197 0.962063 
1198 0.962979 
1199 0.963983 
1200 0.965071 
1201 0.966240 
1202 0.967487 
1203 0.968809 
1204 0.970200 
1205 0.971658 
1206 0.973179 
1207 0.974757 
1208 0.976389 
1209 0.978071 
1210 0.979797 
1211 0.981564 
1212 0.983366 
1213 0.985199 
1214 0.987058 
1215 0.988938 
1216 0.990834 
1217 0.992742 
1218 0.994656 
1219 0.996572 
1220 0.998486 
1221 1.000391 
1222 1.002283 
1223 1.004159 
1224 1.006013 
1225 1.007840 
1226 1.009637 
1227 1.011398 
1228 1.013121 
1229 1.014800 
1230 1.016432 
1231 1.018013 
1232 1.019539 
1233 1.021007 
1234 1.022414 
1235 1.023757 
1236 1.025032 
1237 1.026236 
1238 1.027368 
1239 1.028425 
1240 1.029404 
1241 1.030304 
1242 1.031123 
1243 1.031860 
1244 1.032512 
1245 1.033080 
1246 1.033562 
1247 1.033957 
1248 1.034265 
1249 1.034486 
1250 1.034620 
1251 1.034667 
1252 1.034628 
1253 1.034502 
1254 1.034292 
1255 1.033998 
1256 1.033621 
1257 1.033163 
1258 1.032626 
1259 1.032011 
1260 1.031320 
1261 1.030556 
1262 1.029721 
1263 1.028817 
1264 1.027848 
1265 1.026816 
1266 1.025724 
1267 1.024575 
1268 1.023373 
1269 1.022121 
1270 1.020822 
1271 1.019479 
1272 1.018098 
1273 1.016680 
1274 1.015230 
1275 1.013753 
1276 1.012251 
1277 1.010728 
1278 1.009189 
1279 1.007638 
1280 1.006078 
1281 1.004514 
1282 1.002949 
1283 1.001388 
1284 0.999833 
1285 0.998290 
1286 0.996762 
1287 0.995252 
1288 0.993765 
1289 0.992304 
1290 0.990872 
1291 0.989472 
1292 0.988109 
1293 0.986785 
1294 0.985503 
1295 0.984267 
1296 0.983078 
1297 0.981941 
1298 0.980856 
1299 0.979828 
1300 0.978857 
1301 0.977946 
1302 0.977096 
1303 0.976311 
1304 0.975590 
1305 0.974936 
1306 0.974350 
1307 0.973832 
1308 0.973384 
1309 0.973006 
1310 0.972698 
1311 0.972462 
1312 0.972297 
1313 0.972203 
1314 0.972180 
1315 0.972228 
1316 0.972345 
1317 0.972532 
1318 0.972787 
1319 0.973109 
1320 0.973497 
1321 0.973950 
1322 0.974465 
1323 0.975042 
1324 0.975679 
1325 0.976372 
1326 0.977122 
1327 0.977924 
1328 0.978777 
1329 0.979679 
1330 0.980626 
1331 0.981616 
1332 0.982647 
1333 0.983715 
1334 0.984818 
1335 0.985952 
1336 0.987115 
1337 0.988304 
1338 0.989514 
1339 0.990744 
1340 0.991990 
1341 0.993249 
1342 0.994517 
1343 0.995791 
1344 0.997068 
1345 0.998345 
1346 0.999619 
1347 1.000886 
1348 1.002144 
1349 1.003389 
1350 1.004618 
1351 1.005828 
1352 1.007016 
1353 1.008180 
1354 1.009317 
1355 1.010424 
1356 1.011498 
1357 1.012538 
1358 1.013540 
1359 1.014502 
1360 1.015423 
1361 1.016299 
1362 1.017130 
1363 1.017914 
1364 1.018648 
1365 1.019332 
1366 1.019964 
1367 1.020542 
1368 1.021066 
1369 1.021534 
1370 1.021946 
1371 1.022302 
1372 1.022599 
1373 1.022840 
1374 1.023022 
1375 1.023146 
1376 1.023212 
1377 1.023220 
1378 1.023170 
1379 1.023064 
1380 1.022901 
1381 1.022683 
1382 1.022410 
1383 1.022083 
1384 1.021704 
1385 1.021274 
1386 1.020793 
1387 1.020265 
1388 1.019690 
1389 1.019070 
1390 1.018407 
1391 1.017703 
1392 1.016959 
1393 1.016179 
1394 1.015364 
1395 1.014516 
1396 1.013638 
1397 1.012732 
1398 1.011801 
1399 1.010847 
1400 1.009873 
1401 1.008881 
1402 1.007873 
1403 1.006853 
1404 1.005823 
1405 1.004786 
1406 1.003745 
1407 1.002701 
1408 1.001658 
1409 1.000618 
1410 0.999584 
1411 0.998558 
1412 0.997543 
1413 0.996541 
1414 0.995556 
1415 0.994588 
1416 0.993641 
1417 0.992716 
1418 0.991816 
1419 0.990944 
1420 0.990100 
1421 0.989287 
1422 0.988507 
1423 0.987761 
1424 0.987051 
1425 0.986379 
1426 0.985746 
1427 0.985153 
1428 0.984602 
1429 0.984094 
1430 0.983629 
1431 0.983209 
1432 0.982835 
1433 0.982506 
1434 0.982224 
1435 0.981989 
1436 0.981801 
1437 0.981660 
1438 0.981567 
1439 0.981522 
1440 0.981523 
1441 0.981571 
1442 0.981666 
1443 0.981807 
1444 0.981992 
1445 0.982223 
1446 0.982497 
1447 0.982813 
1448 0.983172 
1449 0.983570 
1450 0.984008 
1451 0.984484 
1452 0.984996 
1453 0.985543 
1454 0.986123 
1455 0.986735 
1456 0.987377 
1457 0.988047 
1458 0.988743 
1459 0.989463 
1460 0.990206 
1461 0.990969 
1462 0.991751 
1463 0.992549 
1464 0.993361 
1465 0.994185 
1466 0.995019 
1467 0.995860 
1468 0.996708 
1469 0.997559 
1470 0.998411 
1471 0.999262 
1472 1.000111 
1473 1.000954 
1474 1.001791 
1475 1.002618 
1476 1.003434 
1477 1.004237 
1478 1.005025 
1479 1.005796 
1480 1.006548 
1481 1.007280 
1482 1.007990 
1483 1.008676 
1484 1.009336 
1485 1.009970 
1486 1.010576 
1487 1.011152 
1488 1.011697 
1489 1.012210 
1490 1.012690 
1491 1.013136 
1492 1.013547 
1493 1.013922 
1494 1.014261 
1495 1.014563 
1496 1.014827 
1497 1.015053 
1498 1.015241 
1499 1.015390 
1500 1.015501 
1501 1.015572 
1502 1.015606 
1503 1.015600 
1504 1.015557 
1505 1.015476 
1506 1.015357 
1507 1.015201 
1508 1.015009 
1509 1.014782 
1510 1.014520 
1511 1.014223 
1512 1.013894 
1513 1.013533 
1514 1.013142 
1515 1.012720 
1516 1.012271 
1517 1.011794 
1518 1.011291 
1519 1.010764 
1520 1.010215 
1521 1.009644 
1522 1.009053 
1523 1.008444 
1524 1.007819 
1525 1.007178 
1526 1.006525 
1527 1.005860 
1528 1.005186 
1529 1.004503 
1530 1.003815 
1531 1.003121 
1532 1.002426 
1533 1.001729 
1534 1.001033 
1535 1.000340 
1536 0.999650 
1537 0.998967 
1538 0.998292 
1539 0.997625 
1540 0.996970 
1541 0.996327 
1542 0.995697 
1543 0.995084 
1544 0.994487 
1545 0.993908 
1546 0.993349 
1547 0.992811 
1548 0.992295 
1549 0.991802 
1550 0.991333 
1551 0.990889 
1552 0.990472 
1553 0.990082 
1554 0.989719 
1555 0.989386 
1556 0.989081 
1557 0.988806 
1558 0.988562 
1559 0.988348 
1560 0.988166 
1561 0.988014 
1562 0.987895 
1563 0.987806 
1564 0.987750 
1565 0.987725 
1566 0.987731 
1567 0.987768 
1568 0.987837 
1569 0.987936 
1570 0.988065 
1571 0.988223 
1572 0.988410 
1573 0.988626 
1574 0.988870 
1575 0.989140 
1576 0.989436 
1577 0.989757 
1578 0.990102 
1579 0.990471 
1580 0.990861 
1581 0.991272 
1582 0.991704 
1583 0.992153 
1584 0.992620 
1585 0.993103 
1586 0.993601 
1587 0.994112 
1588 0.994635 
1589 0.995169 
1590 0.995712 
1591 0.996264 
1592 0.996821 
1593 0.997384 
1594 0.997950 
1595 0.998518 
1596 0.999087 
1597 0.999656 
1598 1.000222 
1599 1.000785 
1600 1.001343 
1601 1.001895 
1602 1.002440 
1603 1.002975 
1604 1.003501 
1605 1.004015 
1606 1.004517 
1607 1.005005 
1608 1.005478 
1609 1.005935 
1610 1.006376 
1611 1.006798 
1612 1.007201 
1613 1.007585 
1614 1.007949 
1615 1.008290 
1616 1.008610 
1617 1.008907 
1618 1.009181 
1619 1.009431 
1620 1.009657 
1621 1.009858 
1622 1.010034 
1623 1.010185 
1624 1.010310 
1625 1.010410 
1626 1.010483 
1627 1.010531 
1628 1.010553 
1629 1.010550 
1630 1.010521 
1631 1.010467 
1632 1.010388 
1633 1.010284 
1634 1.010156 
1635 1.010005 
1636 1.009830 
1637 1.009633 
1638 1.009413 
1639 1.009173 
1640 1.008911 
1641 1.008631 
1642 1.008331 
1643 1.008013 
1644 1.007677 
1645 1.007326 
1646 1.006959 
1647 1.006578 
1648 1.006184 
1649 1.005778 
1650 1.005360 
1651 1.004933 
1652 1.004496 
1653 1.004052 
1654 1.003602 
1655 1.003145 
1656 1.002685 
1657 1.002222 
1658 1.001756 
1659 1.001290 
1660 1.000824 
1661 1.000360 
1662 0.999899 
1663 0.999441 
1664 0.998988 
1665 0.998542 
1666 0.998102 
1667 0.997671 
1668 0.997248 
1669 0.996836 
1670 0.996435 
1671 0.996046 
1672 0.995669 
1673 0.995307 
1674 0.994959 
1675 0.994626 
1676 0.994310 
1677 0.994010 
1678 0.993727 
1679 0.993463 
1680 0.993217 
1681 0.992989 
1682 0.992782 
1683 0.992594 
1684 0.992426 
1685 0.992278 
1686 0.992152 
1687 0.992046 
1688 0.991961 
1689 0.991897 
1690 0.991854 
1691 0.991832 
1692 0.991831 
1693 0.991851 
1694 0.991892 
1695 0.991953 
1696 0.992034 
1697 0.992135 
1698 0.992255 
1699 0.992394 
1700 0.992552 
1701 0.992728 
1702 0.992921 
1703 0.993131 
1704 0.993358 
1705 0.993600 
1706 0.993857 
1707 0.994128 
1708 0.994412 
1709 0.994710 
1710 0.995019 
1711 0.995339 
1712 0.995669 
1713 0.996008 
1714 0.996356 
1715 0.996712 
1716 0.997074 
1717 0.997441 
1718 0.997813 
1719 0.998189 
1720 0.998568 
1721 0.998949 
1722 0.999330 
1723 0.999712 
1724 1.000092 
1725 1.000471 
1726 1.000847 
1727 1.001219 
1728 1.001586 
1729 1.001948 
1730 1.002304 
1731 1.002653 
1732 1.002993 
1733 1.003325 
1734 1.003648 
1735 1.003960 
1736 1.004261 
1737 1.004550 
1738 1.004828 
1739 1.005092 
1740 1.005343 
1741 1.005581 
1742 1.005803 
1743 1.006011 
1744 1.006204 
1745 1.006380 
1746 1.006541 
1747 1.006686 
1748 1.006813 
1749 1.006925 
1750 1.007019 
1751 1.007096 
1752 1.007156 
1753 1.007198 
1754 1.007224 
1755 1.007232 
1756 1.007224 
1757 1.007198 
1758 1.007155 
1759 1.007096 
1760 1.007021 
1761 1.006930 
1762 1.006822 
1763 1.006700 
1764 1.006562 
1765 1.006410 
1766 1.006244 
1767 1.006065 
1768 1.005872 
1769 1.005667 
1770 1.005449 
1771 1.005221 
1772 1.004981 
1773 1.004732 
1774 1.004473 
1775 1.004206 
1776 1.003930 
1777 1.003648 
1778 1.003358 
1779 1.003063 
1780 1.002763 
1781 1.002459 
1782 1.002151 
1783 1.001840 
1784 1.001527 
1785 1.001214 
1786 1.000899 
1787 1.000585 
1788 1.000273 
1789 0.999962 
1790 0.999653 
1791 0.999348 
1792 0.999047 
1793 0.998751 
1794 0.998460 
1795 0.998176 
1796 0.997898 
1797 0.997628 
1798 0.997365 
1799 0.997112 
1800 0.996867 
1801 0.996632 
1802 0.996407 
1803 0.996194 
1804 0.995991 
1805 0.995800 
1806 0.995620 
1807 0.995453 
1808 0.995299 
1809 0.995158 
1810 0.995030 
1811 0.994915 
1812 0.994814 
1813 0.994727 
1814 0.994654 
1815 0.994595 
1816 0.994550 
1817 0.994519 
1818 0.994502 
1819 0.994499 
1820 0.994510 
1821 0.994535 
1822 0.994573 
1823 0.994626 
1824 0.994691 
1825 0.994770 
1826 0.994861 
1827 0.994965 
1828 0.995081 
1829 0.995209 
1830 0.995348 
1831 0.995499 
1832 0.995660 
1833 0.995831 
1834 0.996012 
1835 0.996202 
1836 0.996401 
1837 0.996608 
1838 0.996823 
1839 0.997045 
1840 0.997273 
1841 0.997507 
1842 0.997746 
1843 0.997991 
1844 0.998239 
1845 0.998491 
1846 0.998745 
1847 0.999002 
1848 0.999260 
1849 0.999520 
1850 0.999780 
1851 1.000039 
1852 1.000298 
1853 1.000555 
1854 1.000810 
1855 1.001063 
1856 1.001312 
1857 1.001557 
1858 1.001798 
1859 1.002034 
1860 1.002264 
1861 1.002488 
1862 1.002706 
1863 1.002917 
1864 1.003120 
1865 1.003316 
1866 1.003503 
1867 1.003681 
1868 1.003851 
1869 1.004011 
1870 1.004161 
1871 1.004301 
1872 1.004431 
1873 1.004550 
1874 1.004658 
1875 1.004755 
1876 1.004841 
1877 1.004916 
1878 1.004979 
1879 1.005031 
1880 1.005071 
1881 1.005099 
1882 1.005116 
1883 1.005121 
1884 1.005115 
1885 1.005097 
1886 1.005068 
1887 1.005027 
1888 1.004976 
1889 1.004913 
1890 1.004840 
1891 1.004756 
1892 1.004662 
1893 1.004559 
1894 1.004445 
1895 1.004323 
1896 1.004191 
1897 1.004051 
1898 1.003902 
1899 1.003746 
1900 1.003582 
1901 1.003411 
1902 1.003234 
1903 1.003050 
1904 1.002861 
1905 1.002667 
1906 1.002468 
1907 1.002264 
1908 1.002058 
1909 1.001848 
1910 1.001635 
1911 1.001420 
1912 1.001203 
1913 1.000986 
1914 1.000767 
1915 1.000549 
1916 1.000331 
1917 1.000114 
1918 0.999899 
1919 0.999685 
1920 0.999474 
1921 0.999266 
1922 0.999061 
1923 0.998860 
1924 0.998663 
1925 0.998471 
1926 0.998284 
1927 0.998103 
1928 0.997928 
1929 0.997759 
1930 0.997597 
1931 0.997441 
1932 0.997293 
1933 0.997153 
1934 0.997021 
1935 0.996897 
1936 0.996781 
1937 0.996674 
1938 0.996576 
1939 0.996487 
1940 0.996407 
1941 0.996337 
1942 0.996276 
1943 0.996225 
1944 0.996183 
1945 0.996151 
1946 0.996129 
1947 0.996116 
1948 0.996114 
1949 0.996120 
1950 0.996137 
1951 0.996163 
1952 0.996199 
1953 0.996243 
1954 0.996297 
1955 0.996360 
1956 0.996432 
1957 0.996513 
1958 0.996602 
1959 0.996699 
1960 0.996804 
1961 0.996916 
1962 0.997036 
1963 0.997163 
1964 0.997297 
1965 0.997437 
1966 0.997583 
1967 0.997735 
1968 0.997892 
1969 0.998054 
1970 0.998220 
1971 0.998390 
1972 0.998565 
1973 0.998742 
1974 0.998922 
1975 0.999105 
1976 0.999289 
1977 0.999475 
1978 0.999663 
1979 0.999851 
1980 1.000039 
1981 1.000227 
1982 1.000414 
1983 1.000600 
1984 1.000785 
1985 1.000968 
1986 1.001149 
1987 1.001327 
1988 1.001501 
1989 1.001673 
1990 1.001840 
1991 1.002004 
1992 1.002163 
1993 1.002317 
1994 1.002465 
1995 1.002609 
1996 1.002746 
1997 1.002877 
1998 1.003002 
1999 1.003120 
