0.135820 0.135822 0.135823 
0.117378 0.117379 0.117380 
0.101439 0.101440 0.101440 
0.087665 0.087666 0.087667 
0.075761 0.075762 0.075762 
0.065474 0.065475 0.065475 
0.056584 0.056583 0.056583 
0.048900 0.048900 0.048900 
0.042260 0.042260 0.042260 
0.036522 0.036522 0.036522 
0.031563 0.031562 0.031562 
0.027277 0.027277 0.027277 
0.023573 0.023573 0.023572 
0.020372 0.020372 0.020372 
0.017606 0.017605 0.017605 
0.015215 0.015215 0.015215 
0.013149 0.013149 0.013149 
0.011364 0.011363 0.011363 
0.009821 0.009820 0.009820 
0.008487 0.008487 0.008487 
0.007335 0.007334 0.007334 
0.006339 0.006338 0.006338 
0.005478 0.005478 0.005478 
0.004734 0.004734 0.004734 
0.004091 0.004091 0.004091 
0.003536 0.003536 0.003535 
0.003056 0.003055 0.003055 
0.002641 0.002641 0.002640 
0.002282 0.002282 0.002282 
0.001972 0.001972 0.001972 
0.001704 0.001704 0.001704 
0.001473 0.001473 0.001473 
0.001273 0.001273 0.001273 
0.001100 0.001100 0.001100 
0.000951 0.000951 0.000951 
0.000822 0.000822 0.000822 
0.000710 0.000710 0.000710 
0.000614 0.000614 0.000614 
0.000530 0.000530 0.000530 
0.000458 0.000458 0.000458 
0.000396 0.000396 0.000396 
0.000342 0.000342 0.000342 
0.000296 0.000296 0.000296 
0.000256 0.000256 0.000256 
0.000221 0.000221 0.000221 
0.000191 0.000191 0.000191 
0.000165 0.000165 0.000165 
0.000143 0.000143 0.000143 
0.000123 0.000123 0.000123 
0.000106 0.000106 0.000106 
0.000092 0.000092 0.000092 
0.000080 0.000080 0.000080 
0.000069 0.000069 0.000069 
0.000059 0.000059 0.000059 
0.000051 0.000051 0.000051 
0.000044 0.000044 0.000044 
0.000038 0.000038 0.000038 
