0 0.000000 
1 0.000000 
2 0.000000 
3 0.000000 
4 0.000000 
5 0.000000 
6 0.000000 
7 0.000000 
8 0.000000 
9 0.000000 
10 0.000000 
11 0.000000 
12 0.000000 
13 0.000000 
14 0.000000 
15 0.000000 
16 0.000000 
17 0.000000 
18 0.000000 
19 0.000000 
20 0.000000 
21 0.000000 
22 0.000000 
23 0.000000 
24 0.000000 
25 0.000000 
26 0.000000 
27 0.000000 
28 0.000000 
29 0.000000 
30 0.000000 
31 0.000000 
32 0.000000 
33 0.000000 
34 0.000000 
35 0.000000 
36 0.000000 
37 0.000000 
38 0.000000 
39 0.000000 
40 0.000000 
41 0.000000 
42 0.000000 
43 0.000000 
44 0.000000 
45 0.000000 
46 0.000000 
47 0.000000 
48 0.000000 
49 0.000000 
50 0.000000 
51 0.000000 
52 0.000000 
53 0.000000 
54 0.000000 
55 0.000000 
56 0.000000 
57 0.000000 
58 0.000000 
59 0.000000 
60 0.000000 
61 0.000000 
62 0.000000 
63 0.000000 
64 0.000000 
65 0.000000 
66 0.000000 
67 0.000000 
68 0.000000 
69 0.000000 
70 0.000000 
71 0.000000 
72 0.000000 
73 0.000000 
74 0.000000 
75 0.000000 
76 0.000000 
77 0.000000 
78 0.000000 
79 0.000000 
80 0.000000 
81 0.000000 
82 0.000000 
83 0.000000 
84 0.000000 
85 0.000000 
86 0.000000 
87 0.000000 
88 0.000000 
89 0.000000 
90 0.000000 
91 3.762110 
92 5.970934 
93 7.126260 
94 7.579958 
95 7.578252 
96 7.292099 
97 6.839005 
98 6.298661 
99 5.724134 
100 5.149866 
101 4.597362 
102 4.079241 
103 3.602090 
104 3.168485 
105 2.778398 
106 2.430172 
107 2.121198 
108 1.848371 
109 1.608389 
110 1.397954 
111 1.213896 
112 1.053240 
113 0.913249 
114 0.791433 
115 0.685556 
116 0.593618 
117 0.513849 
118 0.444681 
119 0.384740 
120 0.332818 
121 0.287858 
122 0.248940 
123 0.215261 
124 0.186121 
125 0.160914 
126 0.139111 
127 0.120257 
128 0.103953 
129 0.089856 
130 0.077668 
131 0.067131 
132 0.058023 
133 0.050149 
134 0.043343 
135 0.037461 
136 0.032376 
137 0.027981 
138 0.024182 
139 0.020899 
140 0.018062 
141 0.015609 
142 0.013490 
143 0.011658 
144 0.010075 
145 0.008707 
146 0.007525 
147 0.006503 
148 0.004701 
149 0.003398 
150 0.002456 
151 0.001776 
152 0.001283 
153 0.000928 
154 0.000671 
155 0.000485 
156 0.000350 
157 0.000253 
158 0.000183 
159 0.000132 
160 0.000096 
161 0.000069 
162 0.000050 
163 0.000036 
164 0.000026 
165 0.000019 
166 0.000014 
167 0.000010 
168 0.000007 
169 0.000005 
170 0.000004 
171 0.000003 
172 0.000002 
173 0.000001 
174 0.000001 
175 0.000001 
176 0.000001 
177 0.000000 
178 0.000000 
179 0.000000 
180 0.000000 
181 0.000000 
182 0.141582 
183 0.449406 
184 0.892977 
185 1.421732 
186 1.983741 
187 2.534610 
188 3.040743 
189 3.479551 
190 3.838173 
191 4.111598 
192 4.300724 
193 4.410575 
194 4.448814 
195 4.424562 
196 4.347506 
197 4.227258 
198 4.072925 
199 3.892838 
200 3.694409 
201 3.484067 
202 3.267270 
203 3.048551 
204 2.831592 
205 2.619311 
206 2.413954 
207 2.217188 
208 2.030190 
209 1.853726 
210 1.688225 
211 1.533846 
212 1.390530 
213 1.258053 
214 1.136062 
215 1.024116 
216 0.921708 
217 0.828289 
218 0.743293 
219 0.666141 
220 0.596261 
221 0.533096 
222 0.476104 
223 0.424771 
224 0.378608 
225 0.337154 
226 0.299982 
227 0.266691 
228 0.236912 
229 0.210304 
230 0.186555 
231 0.165378 
232 0.146513 
233 0.129723 
234 0.114791 
235 0.101522 
236 0.089740 
237 0.079286 
238 0.070016 
239 0.061733 
240 0.054308 
241 0.047652 
242 0.041698 
243 0.036388 
244 0.031669 
245 0.027492 
246 0.023808 
247 0.020571 
248 0.017737 
249 0.015263 
250 0.013111 
251 0.011244 
252 0.009627 
253 0.008232 
254 0.007029 
255 0.005995 
256 0.005106 
257 0.004345 
258 0.003694 
259 0.003137 
260 0.002661 
261 0.002256 
262 0.001910 
263 0.001617 
264 0.001367 
265 0.001155 
266 0.000975 
267 0.000822 
268 0.000693 
269 0.000583 
270 0.000490 
271 0.000412 
272 0.000346 
273 0.005619 
274 0.025616 
275 0.070754 
276 0.149799 
277 0.268202 
278 0.427469 
279 0.625317 
280 0.856334 
281 1.112874 
282 1.385994 
283 1.666310 
284 1.944707 
285 2.212868 
286 2.463632 
287 2.691193 
288 2.891171 
289 3.060587 
290 3.197760 
291 3.302164 
292 3.374255 
293 3.415290 
294 3.427150 
295 3.412177 
296 3.373016 
297 3.312492 
298 3.233495 
299 3.138896 
300 3.031467 
301 2.913840 
302 2.788457 
303 2.657553 
304 2.523141 
305 2.387003 
306 2.250696 
307 2.115558 
308 1.982718 
309 1.853114 
310 1.727502 
311 1.606481 
312 1.490502 
313 1.379893 
314 1.274867 
315 1.175542 
316 1.081955 
317 0.994075 
318 0.911813 
319 0.835034 
320 0.763568 
321 0.697215 
322 0.635756 
323 0.578956 
324 0.526572 
325 0.478354 
326 0.434055 
327 0.393426 
328 0.356226 
329 0.322218 
330 0.291170 
331 0.262858 
332 0.237066 
333 0.213588 
334 0.192236 
335 0.172831 
336 0.155212 
337 0.139228 
338 0.124743 
339 0.111629 
340 0.099770 
341 0.089060 
342 0.079400 
343 0.070699 
344 0.062872 
345 0.055842 
346 0.049537 
347 0.043890 
348 0.038840 
349 0.034331 
350 0.030310 
351 0.026729 
352 0.023545 
353 0.020717 
354 0.018210 
355 0.015989 
356 0.014025 
357 0.012290 
358 0.010758 
359 0.009409 
360 0.008221 
361 0.007176 
362 0.006259 
363 0.005453 
364 0.004948 
365 0.005403 
366 0.008141 
367 0.015178 
368 0.029093 
369 0.052777 
370 0.089121 
371 0.140700 
372 0.209512 
373 0.296779 
374 0.402840 
375 0.527129 
376 0.668219 
377 0.823931 
378 0.991482 
379 1.167649 
380 1.348943 
381 1.531780 
382 1.712628 
383 1.888143 
384 2.055264 
385 2.211300 
386 2.353977 
387 2.481466 
388 2.592394 
389 2.685830 
390 2.761264 
391 2.818573 
392 2.857977 
393 2.879997 
394 2.885403 
395 2.875171 
396 2.850433 
397 2.812435 
398 2.762500 
399 2.701988 
400 2.632269 
401 2.554695 
402 2.470579 
403 2.381178 
404 2.287676 
405 2.191178 
406 2.092702 
407 1.993173 
408 1.893423 
409 1.794193 
410 1.696130 
411 1.599798 
412 1.505672 
413 1.414153 
414 1.325568 
415 1.240177 
416 1.158179 
417 1.079717 
418 1.004888 
419 0.933742 
420 0.866294 
421 0.802525 
422 0.742387 
423 0.685808 
424 0.632698 
425 0.582947 
426 0.536435 
427 0.493030 
428 0.452597 
429 0.414992 
430 0.380074 
431 0.347699 
432 0.317725 
433 0.290012 
434 0.264425 
435 0.240831 
436 0.219105 
437 0.199123 
438 0.180770 
439 0.163933 
440 0.148506 
441 0.134390 
442 0.121488 
443 0.109711 
444 0.098973 
445 0.089195 
446 0.080302 
447 0.072223 
448 0.064893 
449 0.058249 
450 0.052235 
451 0.046797 
452 0.041885 
453 0.037454 
454 0.033460 
455 0.029873 
456 0.026693 
457 0.023991 
458 0.021956 
459 0.020938 
460 0.021488 
461 0.024365 
462 0.030531 
463 0.041110 
464 0.057335 
465 0.080468 
466 0.111726 
467 0.152195 
468 0.202756 
469 0.264026 
470 0.336310 
471 0.419578 
472 0.513455 
473 0.617234 
474 0.729897 
475 0.850159 
476 0.976515 
477 1.107292 
478 1.240706 
479 1.374921 
480 1.508101 
481 1.638462 
482 1.764313 
483 1.884094 
484 1.996403 
485 2.100024 
486 2.193932 
487 2.277310 
488 2.349543 
489 2.410218 
490 2.459113 
491 2.496187 
492 2.521564 
493 2.535515 
494 2.538440 
495 2.530850 
496 2.513347 
497 2.486606 
498 2.451355 
499 2.408361 
500 2.358416 
501 2.302318 
502 2.240862 
503 2.174829 
504 2.104979 
505 2.032039 
506 1.956700 
507 1.879610 
508 1.801375 
509 1.722552 
510 1.643650 
511 1.565128 
512 1.487398 
513 1.410823 
514 1.335722 
515 1.262367 
516 1.190990 
517 1.121784 
518 1.054902 
519 0.990467 
520 0.928567 
521 0.869266 
522 0.812598 
523 0.758579 
524 0.707201 
525 0.658442 
526 0.612263 
527 0.568614 
528 0.527434 
529 0.488653 
530 0.452194 
531 0.417975 
532 0.385910 
533 0.355910 
534 0.327883 
535 0.301739 
536 0.277385 
537 0.254730 
538 0.233685 
539 0.214160 
540 0.196069 
541 0.179328 
542 0.163856 
543 0.149574 
544 0.136406 
545 0.124279 
546 0.113126 
547 0.102880 
548 0.093486 
549 0.084902 
550 0.077109 
551 0.070126 
552 0.064020 
553 0.058925 
554 0.055053 
555 0.052702 
556 0.052262 
557 0.054210 
558 0.059101 
559 0.067551 
560 0.080214 
561 0.097753 
562 0.120815 
563 0.149993 
564 0.185800 
565 0.228643 
566 0.278796 
567 0.336383 
568 0.401371 
569 0.473557 
570 0.552574 
571 0.637898 
572 0.728856 
573 0.824647 
574 0.924360 
575 1.026996 
576 1.131495 
577 1.236760 
578 1.341678 
579 1.445150 
580 1.546107 
581 1.643535 
582 1.736487 
583 1.824099 
584 1.905606 
585 1.980341 
586 2.047749 
587 2.107385 
588 2.158917 
589 2.202122 
590 2.236883 
591 2.263182 
592 2.281096 
593 2.290787 
594 2.292493 
595 2.286519 
596 2.273229 
597 2.253034 
598 2.226387 
599 2.193769 
600 2.155682 
601 2.112644 
602 2.065179 
603 2.013809 
604 1.959052 
605 1.901413 
606 1.841382 
607 1.779430 
608 1.716005 
609 1.651528 
610 1.586396 
611 1.520974 
612 1.455602 
613 1.390586 
614 1.326206 
615 1.262711 
616 1.200321 
617 1.139231 
618 1.079607 
619 1.021591 
620 0.965302 
621 0.910835 
622 0.858267 
623 0.807654 
624 0.759036 
625 0.712437 
626 0.667867 
627 0.625324 
628 0.584792 
629 0.546249 
630 0.509662 
631 0.474991 
632 0.442190 
633 0.411209 
634 0.381990 
635 0.354476 
636 0.328605 
637 0.304313 
638 0.281535 
639 0.260207 
640 0.240263 
641 0.221641 
642 0.204282 
643 0.188136 
644 0.173164 
645 0.159342 
646 0.146672 
647 0.135182 
648 0.124935 
649 0.116035 
650 0.108630 
651 0.102915 
652 0.099133 
653 0.097569 
654 0.098548 
655 0.102429 
656 0.109590 
657 0.120420 
658 0.135302 
659 0.154603 
660 0.178656 
661 0.207748 
662 0.242105 
663 0.281882 
664 0.327154 
665 0.377909 
666 0.434042 
667 0.495355 
668 0.561558 
669 0.632274 
670 0.707041 
671 0.785324 
672 0.866525 
673 0.949990 
674 1.035024 
675 1.120907 
676 1.206899 
677 1.292261 
678 1.376259 
679 1.458185 
680 1.537358 
681 1.613141 
682 1.684944 
683 1.752234 
684 1.814536 
685 1.871444 
686 1.922617 
687 1.967782 
688 2.006735 
689 2.039341 
690 2.065529 
691 2.085289 
692 2.098674 
693 2.105786 
694 2.106782 
695 2.101859 
696 2.091257 
697 2.075249 
698 2.054135 
699 2.028242 
700 1.997911 
701 1.963499 
702 1.925372 
703 1.883900 
704 1.839452 
705 1.792395 
706 1.743090 
707 1.691888 
708 1.639128 
709 1.585137 
710 1.530224 
711 1.474683 
712 1.418789 
713 1.362798 
714 1.306947 
715 1.251456 
716 1.196521 
717 1.142323 
718 1.089022 
719 1.036759 
720 0.985660 
721 0.935832 
722 0.887366 
723 0.840338 
724 0.794811 
725 0.750833 
726 0.708441 
727 0.667658 
728 0.628501 
729 0.590973 
730 0.555071 
731 0.520783 
732 0.488093 
733 0.456976 
734 0.427404 
735 0.399345 
736 0.372767 
737 0.347636 
738 0.323922 
739 0.301599 
740 0.280650 
741 0.261069 
742 0.242864 
743 0.226061 
744 0.210708 
745 0.196876 
746 0.184660 
747 0.174184 
748 0.165597 
749 0.159075 
750 0.154815 
751 0.153034 
752 0.153966 
753 0.157850 
754 0.164932 
755 0.175449 
756 0.189628 
757 0.207674 
758 0.229766 
759 0.256047 
760 0.286617 
761 0.321532 
762 0.360793 
763 0.404349 
764 0.452090 
765 0.503849 
766 0.559403 
767 0.618474 
768 0.680730 
769 0.745795 
770 0.813248 
771 0.882634 
772 0.953468 
773 1.025243 
774 1.097436 
775 1.169518 
776 1.240960 
777 1.311237 
778 1.379843 
779 1.446289 
780 1.510111 
781 1.570879 
782 1.628196 
783 1.681705 
784 1.731089 
785 1.776076 
786 1.816439 
787 1.851998 
788 1.882615 
789 1.908200 
790 1.928706 
791 1.944127 
792 1.954498 
793 1.959891 
794 1.960413 
795 1.956199 
796 1.947418 
797 1.934260 
798 1.916936 
799 1.895679 
800 1.870733 
801 1.842357 
802 1.810816 
803 1.776382 
804 1.739331 
805 1.699937 
806 1.658474 
807 1.615211 
808 1.570413 
809 1.524334 
810 1.477223 
811 1.429315 
812 1.380837 
813 1.332002 
814 1.283011 
815 1.234050 
816 1.185296 
817 1.136907 
818 1.089032 
819 1.041804 
820 0.995343 
821 0.949757 
822 0.905140 
823 0.861577 
824 0.819137 
825 0.777883 
826 0.737863 
827 0.699118 
828 0.661681 
829 0.625576 
830 0.590819 
831 0.557424 
832 0.525397 
833 0.494744 
834 0.465469 
835 0.437579 
836 0.411081 
837 0.385990 
838 0.362327 
839 0.340124 
840 0.319421 
841 0.300275 
842 0.282755 
843 0.266945 
844 0.252944 
845 0.240868 
846 0.230845 
847 0.223015 
848 0.217530 
849 0.214549 
850 0.214234 
851 0.216747 
852 0.222249 
853 0.230887 
854 0.242802 
855 0.258112 
856 0.276915 
857 0.299286 
858 0.325266 
859 0.354868 
860 0.388067 
861 0.424803 
862 0.464979 
863 0.508456 
864 0.555062 
865 0.604585 
866 0.656779 
867 0.711366 
868 0.768039 
869 0.826462 
870 0.886282 
871 0.947123 
872 1.008599 
873 1.070316 
874 1.131873 
875 1.192872 
876 1.252919 
877 1.311631 
878 1.368638 
879 1.423586 
880 1.476143 
881 1.526001 
882 1.572877 
883 1.616517 
884 1.656697 
885 1.693224 
886 1.725938 
887 1.754708 
888 1.779438 
889 1.800064 
890 1.816551 
891 1.828895 
892 1.837120 
893 1.841276 
894 1.841441 
895 1.837714 
896 1.830214 
897 1.819081 
898 1.804470 
899 1.786553 
900 1.765511 
901 1.741538 
902 1.714833 
903 1.685603 
904 1.654059 
905 1.620413 
906 1.584877 
907 1.547664 
908 1.508982 
909 1.469036 
910 1.428026 
911 1.386146 
912 1.343581 
913 1.300511 
914 1.257105 
915 1.213524 
916 1.169921 
917 1.126436 
918 1.083203 
919 1.040343 
920 0.997968 
921 0.956182 
922 0.915078 
923 0.874738 
924 0.835240 
925 0.796651 
926 0.759029 
927 0.722430 
928 0.686900 
929 0.652483 
930 0.619221 
931 0.587150 
932 0.556309 
933 0.526737 
934 0.498473 
935 0.471564 
936 0.446057 
937 0.422009 
938 0.399482 
939 0.378546 
940 0.359279 
941 0.341768 
942 0.326108 
943 0.312401 
944 0.300754 
945 0.291282 
946 0.284101 
947 0.279331 
948 0.277088 
949 0.277488 
950 0.280637 
951 0.286636 
952 0.295574 
953 0.307523 
954 0.322540 
955 0.340665 
956 0.361913 
957 0.386277 
958 0.413726 
959 0.444202 
960 0.477622 
961 0.513875 
962 0.552822 
963 0.594301 
964 0.638123 
965 0.684075 
966 0.731925 
967 0.781419 
968 0.832287 
969 0.884242 
970 0.936990 
971 0.990226 
972 1.043637 
973 1.096913 
974 1.149741 
975 1.201813 
976 1.252827 
977 1.302491 
978 1.350527 
979 1.396667 
980 1.440664 
981 1.482286 
982 1.521325 
983 1.557590 
984 1.590915 
985 1.621156 
986 1.648194 
987 1.671933 
988 1.692299 
989 1.709243 
990 1.722740 
991 1.732785 
992 1.739395 
993 1.742608 
994 1.742478 
995 1.739080 
996 1.732504 
997 1.722854 
998 1.710249 
999 1.694816 
1000 1.676697 
1001 1.656039 
1002 1.632998 
1003 1.607733 
1004 1.580410 
1005 1.551197 
1006 1.520263 
1007 1.487777 
1008 1.453907 
1009 1.418820 
1010 1.382680 
1011 1.345647 
1012 1.307877 
1013 1.269519 
1014 1.230719 
1015 1.191615 
1016 1.152339 
1017 1.113017 
1018 1.073767 
1019 1.034700 
1020 0.995921 
1021 0.957528 
1022 0.919612 
1023 0.882258 
1024 0.845548 
1025 0.809554 
1026 0.774350 
1027 0.740001 
1028 0.706573 
1029 0.674129 
1030 0.642731 
1031 0.612442 
1032 0.583325 
1033 0.555446 
1034 0.528873 
1035 0.503676 
1036 0.479929 
1037 0.457713 
1038 0.437107 
1039 0.418199 
1040 0.401077 
1041 0.385835 
1042 0.372566 
1043 0.361365 
1044 0.352328 
1045 0.345549 
1046 0.341117 
1047 0.339120 
1048 0.339635 
1049 0.342735 
1050 0.348479 
1051 0.356919 
1052 0.368090 
1053 0.382012 
1054 0.398692 
1055 0.418116 
1056 0.440253 
1057 0.465053 
1058 0.492446 
1059 0.522343 
1060 0.554635 
1061 0.589192 
1062 0.625867 
1063 0.664496 
1064 0.704895 
1065 0.746868 
1066 0.790203 
1067 0.834679 
1068 0.880061 
1069 0.926109 
1070 0.972576 
1071 1.019211 
1072 1.065762 
1073 1.111977 
1074 1.157607 
1075 1.202409 
1076 1.246145 
1077 1.288587 
1078 1.329516 
1079 1.368727 
1080 1.406026 
1081 1.441237 
1082 1.474195 
1083 1.504757 
1084 1.532792 
1085 1.558190 
1086 1.580859 
1087 1.600723 
1088 1.617726 
1089 1.631829 
1090 1.643010 
1091 1.651265 
1092 1.656605 
1093 1.659059 
1094 1.658668 
1095 1.655488 
1096 1.649588 
1097 1.641048 
1098 1.629959 
1099 1.616422 
1100 1.600547 
1101 1.582449 
1102 1.562251 
1103 1.540081 
1104 1.516070 
1105 1.490354 
1106 1.463069 
1107 1.434353 
1108 1.404344 
1109 1.373179 
1110 1.340994 
1111 1.307924 
1112 1.274100 
1113 1.239650 
1114 1.204698 
1115 1.169367 
1116 1.133771 
1117 1.098024 
1118 1.062234 
1119 1.026503 
1120 0.990933 
1121 0.955618 
1122 0.920650 
1123 0.886117 
1124 0.852104 
1125 0.818695 
1126 0.785971 
1127 0.754010 
1128 0.722892 
1129 0.692694 
1130 0.663495 
1131 0.635372 
1132 0.608406 
1133 0.582677 
1134 0.558266 
1135 0.535256 
1136 0.513732 
1137 0.493779 
1138 0.475482 
1139 0.458928 
1140 0.444201 
1141 0.431388 
1142 0.420568 
1143 0.411823 
1144 0.405226 
1145 0.400849 
1146 0.398753 
1147 0.398996 
1148 0.401624 
1149 0.406675 
1150 0.414174 
1151 0.424138 
1152 0.436566 
1153 0.451448 
1154 0.468756 
1155 0.488449 
1156 0.510471 
1157 0.534750 
1158 0.561199 
1159 0.589716 
1160 0.620186 
1161 0.652476 
1162 0.686443 
1163 0.721932 
1164 0.758774 
1165 0.796792 
1166 0.835798 
1167 0.875601 
1168 0.915999 
1169 0.956788 
1170 0.997762 
1171 1.038712 
1172 1.079431 
1173 1.119712 
1174 1.159355 
1175 1.198161 
1176 1.235940 
1177 1.272508 
1178 1.307692 
1179 1.341326 
1180 1.373258 
1181 1.403346 
1182 1.431462 
1183 1.457488 
1184 1.481323 
1185 1.502879 
1186 1.522081 
1187 1.538870 
1188 1.553199 
1189 1.565036 
1190 1.574364 
1191 1.581178 
1192 1.585484 
1193 1.587305 
1194 1.586671 
1195 1.583627 
1196 1.578224 
1197 1.570528 
1198 1.560608 
1199 1.548545 
1200 1.534427 
1201 1.518345 
1202 1.500399 
1203 1.480692 
1204 1.459330 
1205 1.436425 
1206 1.412088 
1207 1.386433 
1208 1.359576 
1209 1.331631 
1210 1.302714 
1211 1.272938 
1212 1.242418 
1213 1.211263 
1214 1.179585 
1215 1.147491 
1216 1.115086 
1217 1.082474 
1218 1.049756 
1219 1.017030 
1220 0.984393 
1221 0.951939 
1222 0.919761 
1223 0.887950 
1224 0.856595 
1225 0.825785 
1226 0.795608 
1227 0.766149 
1228 0.737496 
1229 0.709734 
1230 0.682949 
1231 0.657228 
1232 0.632655 
1233 0.609317 
1234 0.587297 
1235 0.566682 
1236 0.547553 
1237 0.529995 
1238 0.514087 
1239 0.499906 
1240 0.487529 
1241 0.477027 
1242 0.468465 
1243 0.461907 
1244 0.457406 
1245 0.455013 
1246 0.454767 
1247 0.456701 
1248 0.460839 
1249 0.467193 
1250 0.475766 
1251 0.486550 
1252 0.499525 
1253 0.514658 
1254 0.531907 
1255 0.551214 
1256 0.572512 
1257 0.595719 
1258 0.620744 
1259 0.647483 
1260 0.675821 
1261 0.705632 
1262 0.736784 
1263 0.769132 
1264 0.802526 
1265 0.836807 
1266 0.871812 
1267 0.907374 
1268 0.943320 
1269 0.979477 
1270 1.015670 
1271 1.051724 
1272 1.087468 
1273 1.122728 
1274 1.157340 
1275 1.191141 
1276 1.223973 
1277 1.255688 
1278 1.286143 
1279 1.315204 
1280 1.342747 
1281 1.368656 
1282 1.392826 
1283 1.415164 
1284 1.435585 
1285 1.454019 
1286 1.470403 
1287 1.484689 
1288 1.496837 
1289 1.506823 
1290 1.514628 
1291 1.520248 
1292 1.523689 
1293 1.524965 
1294 1.524101 
1295 1.521130 
1296 1.516096 
1297 1.509047 
1298 1.500042 
1299 1.489144 
1300 1.476424 
1301 1.461958 
1302 1.445827 
1303 1.428114 
1304 1.408909 
1305 1.388304 
1306 1.366391 
1307 1.343268 
1308 1.319032 
1309 1.293782 
1310 1.267617 
1311 1.240636 
1312 1.212940 
1313 1.184627 
1314 1.155796 
1315 1.126547 
1316 1.096976 
1317 1.067180 
1318 1.037254 
1319 1.007295 
1320 0.977395 
1321 0.947649 
1322 0.918147 
1323 0.888984 
1324 0.860248 
1325 0.832031 
1326 0.804422 
1327 0.777511 
1328 0.751386 
1329 0.726136 
1330 0.701847 
1331 0.678605 
1332 0.656497 
1333 0.635604 
1334 0.616011 
1335 0.597795 
1336 0.581036 
1337 0.565807 
1338 0.552179 
1339 0.540220 
1340 0.529993 
1341 0.521555 
1342 0.514958 
1343 0.510248 
1344 0.507464 
1345 0.506637 
1346 0.507790 
1347 0.510939 
1348 0.516089 
1349 0.523239 
1350 0.532375 
1351 0.543474 
1352 0.556504 
1353 0.571423 
1354 0.588177 
1355 0.606704 
1356 0.626932 
1357 0.648778 
1358 0.672150 
1359 0.696950 
1360 0.723067 
1361 0.750387 
1362 0.778786 
1363 0.808135 
1364 0.838299 
1365 0.869139 
1366 0.900512 
1367 0.932273 
1368 0.964272 
1369 0.996363 
1370 1.028395 
1371 1.060222 
1372 1.091696 
1373 1.122675 
1374 1.153020 
1375 1.182594 
1376 1.211267 
1377 1.238915 
1378 1.265419 
1379 1.290669 
1380 1.314562 
1381 1.337001 
1382 1.357900 
1383 1.377181 
1384 1.394775 
1385 1.410620 
1386 1.424667 
1387 1.436874 
1388 1.447208 
1389 1.455646 
1390 1.462174 
1391 1.466785 
1392 1.469484 
1393 1.470281 
1394 1.469196 
1395 1.466255 
1396 1.461492 
1397 1.454947 
1398 1.446667 
1399 1.436705 
1400 1.425118 
1401 1.411970 
1402 1.397327 
1403 1.381260 
1404 1.363845 
1405 1.345158 
1406 1.325281 
1407 1.304296 
1408 1.282287 
1409 1.259342 
1410 1.235547 
1411 1.210993 
1412 1.185768 
1413 1.159962 
1414 1.133667 
1415 1.106973 
1416 1.079972 
1417 1.052755 
1418 1.025413 
1419 0.998038 
1420 0.970720 
1421 0.943551 
1422 0.916620 
1423 0.890019 
1424 0.863836 
1425 0.838161 
1426 0.813083 
1427 0.788688 
1428 0.765065 
1429 0.742297 
1430 0.720470 
1431 0.699665 
1432 0.679964 
1433 0.661444 
1434 0.644181 
1435 0.628246 
1436 0.613710 
1437 0.600638 
1438 0.589089 
1439 0.579121 
1440 0.570784 
1441 0.564124 
1442 0.559179 
1443 0.555982 
1444 0.554560 
1445 0.554929 
1446 0.557102 
1447 0.561081 
1448 0.566861 
1449 0.574427 
1450 0.583759 
1451 0.594826 
1452 0.607587 
1453 0.621996 
1454 0.637996 
1455 0.655523 
1456 0.674505 
1457 0.694862 
1458 0.716506 
1459 0.739344 
1460 0.763275 
1461 0.788193 
1462 0.813988 
1463 0.840543 
1464 0.867739 
1465 0.895453 
1466 0.923559 
1467 0.951932 
1468 0.980443 
1469 1.008963 
1470 1.037366 
1471 1.065525 
1472 1.093316 
1473 1.120617 
1474 1.147309 
1475 1.173279 
1476 1.198415 
1477 1.222614 
1478 1.245776 
1479 1.267807 
1480 1.288621 
1481 1.308137 
1482 1.326282 
1483 1.342990 
1484 1.358203 
1485 1.371869 
1486 1.383946 
1487 1.394397 
1488 1.403195 
1489 1.410319 
1490 1.415756 
1491 1.419501 
1492 1.421555 
1493 1.421926 
1494 1.420630 
1495 1.417687 
1496 1.413126 
1497 1.406980 
1498 1.399287 
1499 1.390091 
1500 1.379441 
1501 1.367390 
1502 1.353995 
1503 1.339317 
1504 1.323419 
1505 1.306370 
1506 1.288241 
1507 1.269102 
1508 1.249031 
1509 1.228103 
1510 1.206398 
1511 1.183996 
1512 1.160980 
1513 1.137432 
1514 1.113436 
1515 1.089077 
1516 1.064441 
1517 1.039614 
1518 1.014683 
1519 0.989735 
1520 0.964856 
1521 0.940134 
1522 0.915656 
1523 0.891508 
1524 0.867777 
1525 0.844547 
1526 0.821904 
1527 0.799930 
1528 0.778708 
1529 0.758319 
1530 0.738840 
1531 0.720348 
1532 0.702916 
1533 0.686616 
1534 0.671515 
1535 0.657677 
1536 0.645162 
1537 0.634025 
1538 0.624318 
1539 0.616086 
1540 0.609370 
1541 0.604205 
1542 0.600620 
1543 0.598636 
1544 0.598270 
1545 0.599530 
1546 0.602419 
1547 0.606930 
1548 0.613051 
1549 0.620763 
1550 0.630037 
1551 0.640838 
1552 0.653125 
1553 0.666848 
1554 0.681951 
1555 0.698371 
1556 0.716038 
1557 0.734877 
1558 0.754806 
1559 0.775739 
1560 0.797584 
1561 0.820244 
1562 0.843620 
1563 0.867609 
1564 0.892104 
1565 0.916997 
1566 0.942179 
1567 0.967539 
1568 0.992965 
1569 1.018346 
1570 1.043573 
1571 1.068536 
1572 1.093129 
1573 1.117247 
1574 1.140789 
1575 1.163657 
1576 1.185758 
1577 1.207002 
1578 1.227304 
1579 1.246586 
1580 1.264772 
1581 1.281795 
1582 1.297591 
1583 1.312106 
1584 1.325288 
1585 1.337095 
1586 1.347488 
1587 1.356436 
1588 1.363917 
1589 1.369910 
1590 1.374406 
1591 1.377397 
1592 1.378886 
1593 1.378877 
1594 1.377383 
1595 1.374423 
1596 1.370018 
1597 1.364197 
1598 1.356992 
1599 1.348441 
1600 1.338586 
1601 1.327472 
1602 1.315149 
1603 1.301671 
1604 1.287093 
1605 1.271476 
1606 1.254882 
1607 1.237376 
1608 1.219025 
1609 1.199901 
1610 1.180074 
1611 1.159618 
1612 1.138608 
1613 1.117122 
1614 1.095238 
1615 1.073034 
1616 1.050592 
1617 1.027991 
1618 1.005314 
1619 0.982643 
1620 0.960059 
1621 0.937645 
1622 0.915484 
1623 0.893656 
1624 0.872242 
1625 0.851324 
1626 0.830979 
1627 0.811285 
1628 0.792318 
1629 0.774153 
1630 0.756860 
1631 0.740510 
1632 0.725167 
1633 0.710895 
1634 0.697754 
1635 0.685799 
1636 0.675081 
1637 0.665647 
1638 0.657541 
1639 0.650798 
1640 0.645450 
1641 0.641524 
1642 0.639040 
1643 0.638013 
1644 0.638451 
1645 0.640356 
1646 0.643723 
1647 0.648542 
1648 0.654796 
1649 0.662460 
1650 0.671505 
1651 0.681893 
1652 0.693583 
1653 0.706525 
1654 0.720666 
1655 0.735943 
1656 0.752293 
1657 0.769645 
1658 0.787923 
1659 0.807049 
1660 0.826938 
1661 0.847505 
1662 0.868660 
1663 0.890310 
1664 0.912362 
1665 0.934720 
1666 0.957288 
1667 0.979968 
1668 1.002663 
1669 1.025276 
1670 1.047713 
1671 1.069877 
1672 1.091678 
1673 1.113024 
1674 1.133829 
1675 1.154008 
1676 1.173481 
1677 1.192171 
1678 1.210004 
1679 1.226913 
1680 1.242834 
1681 1.257708 
1682 1.271482 
1683 1.284106 
1684 1.295538 
1685 1.305740 
1686 1.314679 
1687 1.322330 
1688 1.328669 
1689 1.333683 
1690 1.337359 
1691 1.339693 
1692 1.340685 
1693 1.340340 
1694 1.338669 
1695 1.335685 
1696 1.331410 
1697 1.325866 
1698 1.319083 
1699 1.311093 
1700 1.301933 
1701 1.291642 
1702 1.280266 
1703 1.267851 
1704 1.254448 
1705 1.240111 
1706 1.224895 
1707 1.208860 
1708 1.192068 
1709 1.174581 
1710 1.156467 
1711 1.137792 
1712 1.118627 
1713 1.099043 
1714 1.079111 
1715 1.058906 
1716 1.038503 
1717 1.017976 
1718 0.997402 
1719 0.976858 
1720 0.956420 
1721 0.936165 
1722 0.916169 
1723 0.896508 
1724 0.877258 
1725 0.858491 
1726 0.840281 
1727 0.822699 
1728 0.805813 
1729 0.789692 
1730 0.774399 
1731 0.759996 
1732 0.746542 
1733 0.734093 
1734 0.722700 
1735 0.712410 
1736 0.703269 
1737 0.695314 
1738 0.688580 
1739 0.683098 
1740 0.678892 
1741 0.675982 
1742 0.674380 
1743 0.674097 
1744 0.675135 
1745 0.677491 
1746 0.681156 
1747 0.686117 
1748 0.692353 
1749 0.699839 
1750 0.708544 
1751 0.718431 
1752 0.729458 
1753 0.741578 
1754 0.754740 
1755 0.768886 
1756 0.783956 
1757 0.799884 
1758 0.816602 
1759 0.834039 
1760 0.852117 
1761 0.870760 
1762 0.889887 
1763 0.909417 
1764 0.929265 
1765 0.949347 
1766 0.969578 
1767 0.989872 
1768 1.010144 
1769 1.030309 
1770 1.050284 
1771 1.069987 
1772 1.089336 
1773 1.108255 
1774 1.126666 
1775 1.144497 
1776 1.161678 
1777 1.178142 
1778 1.193827 
1779 1.208672 
1780 1.222624 
1781 1.235630 
1782 1.247645 
1783 1.258627 
1784 1.268538 
1785 1.277345 
1786 1.285020 
1787 1.291540 
1788 1.296886 
1789 1.301045 
1790 1.304007 
1791 1.305768 
1792 1.306328 
1793 1.305691 
1794 1.303866 
1795 1.300866 
1796 1.296709 
1797 1.291416 
1798 1.285013 
1799 1.277528 
1800 1.268994 
1801 1.259448 
1802 1.248928 
1803 1.237478 
1804 1.225143 
1805 1.211972 
1806 1.198016 
1807 1.183328 
1808 1.167966 
1809 1.151986 
1810 1.135451 
1811 1.118421 
1812 1.100962 
1813 1.083139 
1814 1.065019 
1815 1.046669 
1816 1.028160 
1817 1.009561 
1818 0.990941 
1819 0.972373 
1820 0.953927 
1821 0.935674 
1822 0.917683 
1823 0.900025 
1824 0.882769 
1825 0.865981 
1826 0.849729 
1827 0.834076 
1828 0.819085 
1829 0.804817 
1830 0.791328 
1831 0.778674 
1832 0.766907 
1833 0.756075 
1834 0.746222 
1835 0.737390 
1836 0.729615 
1837 0.722931 
1838 0.717366 
1839 0.712944 
1840 0.709683 
1841 0.707597 
1842 0.706696 
1843 0.706984 
1844 0.708460 
1845 0.711117 
1846 0.714945 
1847 0.719928 
1848 0.726043 
1849 0.733265 
1850 0.741563 
1851 0.750901 
1852 0.761238 
1853 0.772530 
1854 0.784729 
1855 0.797781 
1856 0.811630 
1857 0.826217 
1858 0.841479 
1859 0.857350 
1860 0.873762 
1861 0.890646 
1862 0.907929 
1863 0.925538 
1864 0.943400 
1865 0.961438 
1866 0.979578 
1867 0.997743 
1868 1.015860 
1869 1.033853 
1870 1.051649 
1871 1.069176 
1872 1.086364 
1873 1.103144 
1874 1.119450 
1875 1.135218 
1876 1.150388 
1877 1.164901 
1878 1.178702 
1879 1.191740 
1880 1.203967 
1881 1.215339 
1882 1.225816 
1883 1.235360 
1884 1.243940 
1885 1.251527 
1886 1.258096 
1887 1.263629 
1888 1.268107 
1889 1.271521 
1890 1.273861 
1891 1.275125 
1892 1.275312 
1893 1.274427 
1894 1.272478 
1895 1.269478 
1896 1.265441 
1897 1.260388 
1898 1.254341 
1899 1.247326 
1900 1.239374 
1901 1.230517 
1902 1.220790 
1903 1.210233 
1904 1.198887 
1905 1.186795 
1906 1.174006 
1907 1.160568 
1908 1.146531 
1909 1.131951 
1910 1.116881 
1911 1.101379 
1912 1.085504 
1913 1.069317 
1914 1.052877 
1915 1.036249 
1916 1.019495 
1917 1.002679 
1918 0.985867 
1919 0.969123 
1920 0.952512 
1921 0.936099 
1922 0.919948 
1923 0.904123 
1924 0.888686 
1925 0.873698 
1926 0.859221 
1927 0.845311 
1928 0.832025 
1929 0.819417 
1930 0.807538 
1931 0.796437 
1932 0.786159 
1933 0.776748 
1934 0.768240 
1935 0.760673 
1936 0.754076 
1937 0.748478 
1938 0.743901 
1939 0.740364 
1940 0.737881 
1941 0.736463 
1942 0.736115 
1943 0.736837 
1944 0.738625 
1945 0.741472 
1946 0.745364 
1947 0.750283 
1948 0.756209 
1949 0.763114 
1950 0.770968 
1951 0.779737 
1952 0.789383 
1953 0.799863 
1954 0.811133 
1955 0.823143 
1956 0.835842 
1957 0.849176 
1958 0.863087 
1959 0.877516 
1960 0.892401 
1961 0.907681 
1962 0.923290 
1963 0.939163 
1964 0.955233 
1965 0.971435 
1966 0.987701 
1967 1.003964 
1968 1.020158 
1969 1.036217 
1970 1.052077 
1971 1.067674 
1972 1.082946 
1973 1.097834 
1974 1.112278 
1975 1.126224 
1976 1.139619 
1977 1.152410 
1978 1.164551 
1979 1.175997 
1980 1.186705 
1981 1.196638 
1982 1.205761 
1983 1.214041 
1984 1.221451 
1985 1.227966 
1986 1.233565 
1987 1.238231 
1988 1.241951 
1989 1.244715 
1990 1.246516 
1991 1.247352 
1992 1.247223 
1993 1.246135 
1994 1.244096 
1995 1.241116 
1996 1.237210 
1997 1.232396 
1998 1.226696 
1999 1.220133 
