-6.000000 0.034000 50.636422 186.000000 147.000000 
-3.900000 0.034000 55.850972 176.000000 147.000000 
-1.800000 0.034000 58.841599 169.000000 147.000000 
0.300000 0.034000 60.730266 164.250000 147.000000 
2.400000 0.034000 62.014247 161.000000 147.000000 
4.500000 0.034000 62.933798 158.500000 147.000000 
6.600000 0.034000 63.646837 157.000000 147.000000 
8.700000 0.034000 64.129285 155.750000 147.000000 
10.800000 0.034000 64.656279 154.250000 147.000000 
12.900000 0.034000 64.953315 153.750000 147.000000 
15.000000 0.034000 65.088940 153.500000 147.000000 
17.100000 0.034000 65.465290 152.250000 147.000000 
19.200000 0.034000 65.876930 151.750000 147.000000 
21.300000 0.034000 65.983119 151.500000 147.000000 
23.400000 0.034000 65.997988 151.500000 147.000000 
25.500000 0.034000 66.000457 151.500000 147.000000 
27.600000 0.034000 66.005776 151.500000 147.000000 
29.700000 0.034000 66.045529 151.500000 147.000000 
31.800000 0.034000 66.280352 150.250000 147.000000 
33.900000 0.034000 66.760839 149.250000 147.000000 
