0 0.000000 
1 0.000000 
2 0.000000 
3 0.000000 
4 0.000000 
5 0.000000 
6 0.000000 
7 0.000000 
8 0.000000 
9 0.000000 
10 0.000000 
11 0.000000 
12 0.000000 
13 0.000000 
14 0.000000 
15 0.000000 
16 0.000000 
17 0.000000 
18 0.000000 
19 0.000000 
20 0.000000 
21 0.000000 
22 0.000000 
23 0.000000 
24 0.000000 
25 0.000000 
26 0.000000 
27 0.000000 
28 0.000000 
29 0.000000 
30 0.000000 
31 0.000000 
32 0.000000 
33 0.000000 
34 0.000000 
35 0.000000 
36 0.000000 
37 0.000000 
38 0.000000 
39 0.000000 
40 0.000000 
41 0.000000 
42 0.000000 
43 0.000000 
44 0.000000 
45 0.000000 
46 0.000000 
47 0.000000 
48 0.000000 
49 0.000000 
50 0.000000 
51 0.000000 
52 0.000000 
53 0.000000 
54 0.000000 
55 0.000000 
56 0.000000 
57 0.000000 
58 0.000000 
59 0.000000 
60 0.000000 
61 0.000000 
62 0.000000 
63 0.000000 
64 0.000000 
65 0.000000 
66 0.000000 
67 0.000000 
68 0.000000 
69 0.000000 
70 0.000000 
71 0.000000 
72 0.000000 
73 0.000000 
74 0.000000 
75 0.000000 
76 0.000000 
77 0.000000 
78 0.000000 
79 0.000000 
80 0.000000 
81 0.000000 
82 0.000000 
83 0.000000 
84 0.000000 
85 0.000000 
86 0.000000 
87 0.000000 
88 0.000000 
89 0.000000 
90 0.000000 
91 0.356518 
92 0.654713 
93 0.904124 
94 1.112731 
95 1.287206 
96 1.433133 
97 1.555182 
98 1.657257 
99 1.742626 
100 1.814021 
101 1.873728 
102 1.923658 
103 1.965411 
104 2.000324 
105 2.029515 
106 2.053921 
107 2.074325 
108 2.091380 
109 2.105636 
110 2.117548 
111 2.127502 
112 2.135816 
113 2.142760 
114 2.148558 
115 2.153396 
116 2.157433 
117 2.160798 
118 2.163602 
119 2.165937 
120 2.167879 
121 2.169492 
122 2.170831 
123 2.171940 
124 2.172857 
125 2.173614 
126 2.174235 
127 2.174745 
128 2.175160 
129 2.175496 
130 2.175767 
131 2.175983 
132 2.176152 
133 2.176283 
134 2.176382 
135 2.176454 
136 2.176504 
137 2.176534 
138 2.176549 
139 2.176550 
140 2.176541 
141 2.176522 
142 2.176496 
143 2.176463 
144 2.176424 
145 2.176382 
146 2.176335 
147 2.176285 
148 1.820330 
149 1.522595 
150 1.273557 
151 1.065253 
152 0.891019 
153 0.745283 
154 0.623384 
155 0.521422 
156 0.436138 
157 0.364803 
158 0.305135 
159 0.255227 
160 0.213482 
161 0.178564 
162 0.149358 
163 0.124929 
164 0.104495 
165 0.087404 
166 0.073108 
167 0.061150 
168 0.051149 
169 0.042783 
170 0.035785 
171 0.029932 
172 0.025036 
173 0.020941 
174 0.017516 
175 0.014651 
176 0.012255 
177 0.010250 
178 0.008574 
179 0.007171 
180 0.005999 
181 0.005017 
182 0.005221 
183 0.007271 
184 0.011582 
185 0.018384 
186 0.027770 
187 0.039736 
188 0.054211 
189 0.071077 
190 0.090189 
191 0.111383 
192 0.134491 
193 0.159343 
194 0.185773 
195 0.213623 
196 0.242745 
197 0.273001 
198 0.304263 
199 0.336416 
200 0.369354 
201 0.402984 
202 0.437221 
203 0.471989 
204 0.507220 
205 0.542856 
206 0.578845 
207 0.615139 
208 0.651698 
209 0.688488 
210 0.725476 
211 0.762635 
212 0.799943 
213 0.837378 
214 0.874923 
215 0.912562 
216 0.950281 
217 0.988070 
218 1.025918 
219 1.063816 
220 1.101757 
221 1.139734 
222 1.177743 
223 1.215778 
224 1.253835 
225 1.291910 
226 1.330001 
227 1.368105 
228 1.406220 
229 1.444343 
230 1.482474 
231 1.520611 
232 1.558752 
233 1.596897 
234 1.635045 
235 1.673195 
236 1.711346 
237 1.749498 
238 1.787650 
239 1.823758 
240 1.856446 
241 1.884843 
242 1.908454 
243 1.927062 
244 1.940648 
245 1.949334 
246 1.953335 
247 1.952929 
248 1.948427 
249 1.940156 
250 1.928446 
251 1.913620 
252 1.895989 
253 1.875842 
254 1.853453 
255 1.829070 
256 1.802921 
257 1.775215 
258 1.746137 
259 1.715854 
260 1.684516 
261 1.652256 
262 1.619191 
263 1.585425 
264 1.551050 
265 1.516146 
266 1.480783 
267 1.445023 
268 1.408921 
269 1.372521 
270 1.335867 
271 1.298992 
272 1.261928 
273 1.224704 
274 1.187350 
275 1.149900 
276 1.112387 
277 1.074848 
278 1.037320 
279 0.999844 
280 0.962458 
281 0.925203 
282 0.888118 
283 0.851242 
284 0.814611 
285 0.778263 
286 0.742229 
287 0.706544 
288 0.671237 
289 0.636336 
290 0.601868 
291 0.567856 
292 0.534322 
293 0.501288 
294 0.468771 
295 0.436788 
296 0.406376 
297 0.378234 
298 0.352809 
299 0.330359 
300 0.311002 
301 0.294758 
302 0.281572 
303 0.271344 
304 0.263943 
305 0.259218 
306 0.257011 
307 0.257161 
308 0.259510 
309 0.263909 
310 0.270214 
311 0.278292 
312 0.288020 
313 0.299288 
314 0.311993 
315 0.326044 
316 0.341358 
317 0.357862 
318 0.375491 
319 0.394187 
320 0.413899 
321 0.434582 
322 0.456196 
323 0.478707 
324 0.502084 
325 0.526300 
326 0.551334 
327 0.577163 
328 0.603772 
329 0.631144 
330 0.659258 
331 0.688081 
332 0.717565 
333 0.747650 
334 0.778265 
335 0.809327 
336 0.840747 
337 0.872429 
338 0.904274 
339 0.936181 
340 0.968050 
341 0.999783 
342 1.031283 
343 1.062457 
344 1.093218 
345 1.123482 
346 1.153170 
347 1.182209 
348 1.210531 
349 1.238073 
350 1.264778 
351 1.290593 
352 1.315469 
353 1.339364 
354 1.362236 
355 1.384051 
356 1.404777 
357 1.424384 
358 1.442847 
359 1.460142 
360 1.476249 
361 1.491149 
362 1.504827 
363 1.517268 
364 1.528459 
365 1.538389 
366 1.547049 
367 1.554429 
368 1.560522 
369 1.565322 
370 1.568824 
371 1.571024 
372 1.571919 
373 1.571507 
374 1.569786 
375 1.566755 
376 1.562417 
377 1.556771 
378 1.549820 
379 1.541567 
380 1.532015 
381 1.521168 
382 1.509031 
383 1.495610 
384 1.480910 
385 1.464938 
386 1.447701 
387 1.429215 
388 1.409510 
389 1.388631 
390 1.366637 
391 1.343604 
392 1.319614 
393 1.294762 
394 1.269148 
395 1.242877 
396 1.216056 
397 1.188792 
398 1.161192 
399 1.133360 
400 1.105398 
401 1.077402 
402 1.049466 
403 1.021678 
404 0.994122 
405 0.966874 
406 0.940010 
407 0.913597 
408 0.887698 
409 0.862373 
410 0.837676 
411 0.813658 
412 0.790367 
413 0.767845 
414 0.746133 
415 0.725269 
416 0.705286 
417 0.686217 
418 0.668091 
419 0.650937 
420 0.634781 
421 0.619647 
422 0.605557 
423 0.592533 
424 0.580595 
425 0.569761 
426 0.560046 
427 0.551466 
428 0.544033 
429 0.537758 
430 0.532649 
431 0.528713 
432 0.525953 
433 0.524374 
434 0.523973 
435 0.524749 
436 0.526698 
437 0.529813 
438 0.534086 
439 0.539505 
440 0.546059 
441 0.553733 
442 0.562512 
443 0.572377 
444 0.583307 
445 0.595274 
446 0.608244 
447 0.622177 
448 0.637026 
449 0.652742 
450 0.669269 
451 0.686551 
452 0.704529 
453 0.723141 
454 0.742325 
455 0.762019 
456 0.782162 
457 0.802692 
458 0.823550 
459 0.844675 
460 0.866009 
461 0.887497 
462 0.909083 
463 0.930713 
464 0.952334 
465 0.973896 
466 0.995349 
467 1.016644 
468 1.037735 
469 1.058576 
470 1.079122 
471 1.099328 
472 1.119153 
473 1.138554 
474 1.157491 
475 1.175922 
476 1.193808 
477 1.211111 
478 1.227792 
479 1.243814 
480 1.259139 
481 1.273732 
482 1.287559 
483 1.300588 
484 1.312787 
485 1.324127 
486 1.334583 
487 1.344130 
488 1.352748 
489 1.360417 
490 1.367124 
491 1.372856 
492 1.377603 
493 1.381360 
494 1.384123 
495 1.385894 
496 1.386674 
497 1.386470 
498 1.385290 
499 1.383146 
500 1.380051 
501 1.376021 
502 1.371075 
503 1.365233 
504 1.358518 
505 1.350954 
506 1.342567 
507 1.333385 
508 1.323437 
509 1.312753 
510 1.301366 
511 1.289308 
512 1.276614 
513 1.263318 
514 1.249458 
515 1.235070 
516 1.220192 
517 1.204862 
518 1.189120 
519 1.173006 
520 1.156560 
521 1.139822 
522 1.122835 
523 1.105640 
524 1.088279 
525 1.070794 
526 1.053228 
527 1.035623 
528 1.018022 
529 1.000468 
530 0.983004 
531 0.965672 
532 0.948515 
533 0.931576 
534 0.914896 
535 0.898518 
536 0.882483 
537 0.866833 
538 0.851607 
539 0.836845 
540 0.822585 
541 0.808864 
542 0.795717 
543 0.783176 
544 0.771273 
545 0.760037 
546 0.749495 
547 0.739671 
548 0.730586 
549 0.722260 
550 0.714710 
551 0.707949 
552 0.701989 
553 0.696839 
554 0.692507 
555 0.688995 
556 0.686307 
557 0.684441 
558 0.683395 
559 0.683164 
560 0.683742 
561 0.685119 
562 0.687286 
563 0.690230 
564 0.693936 
565 0.698390 
566 0.703573 
567 0.709468 
568 0.716052 
569 0.723306 
570 0.731205 
571 0.739726 
572 0.748843 
573 0.758529 
574 0.768756 
575 0.779496 
576 0.790717 
577 0.802390 
578 0.814483 
579 0.826963 
580 0.839796 
581 0.852948 
582 0.866385 
583 0.880072 
584 0.893972 
585 0.908050 
586 0.922270 
587 0.936594 
588 0.950987 
589 0.965411 
590 0.979831 
591 0.994209 
592 1.008510 
593 1.022697 
594 1.036736 
595 1.050590 
596 1.064226 
597 1.077611 
598 1.090712 
599 1.103496 
600 1.115934 
601 1.127996 
602 1.139654 
603 1.150880 
604 1.161651 
605 1.171940 
606 1.181727 
607 1.190989 
608 1.199708 
609 1.207866 
610 1.215445 
611 1.222432 
612 1.228813 
613 1.234577 
614 1.239714 
615 1.244215 
616 1.248074 
617 1.251285 
618 1.253845 
619 1.255753 
620 1.257006 
621 1.257608 
622 1.257560 
623 1.256866 
624 1.255533 
625 1.253567 
626 1.250977 
627 1.247772 
628 1.243966 
629 1.239570 
630 1.234599 
631 1.229069 
632 1.222997 
633 1.216401 
634 1.209302 
635 1.201719 
636 1.193675 
637 1.185194 
638 1.176298 
639 1.167015 
640 1.157369 
641 1.147388 
642 1.137098 
643 1.126530 
644 1.115710 
645 1.104668 
646 1.093435 
647 1.082039 
648 1.070511 
649 1.058881 
650 1.047180 
651 1.035437 
652 1.023683 
653 1.011947 
654 1.000259 
655 0.988649 
656 0.977144 
657 0.965773 
658 0.954564 
659 0.943544 
660 0.932740 
661 0.922176 
662 0.911878 
663 0.901870 
664 0.892174 
665 0.882814 
666 0.873810 
667 0.865182 
668 0.856950 
669 0.849132 
670 0.841744 
671 0.834803 
672 0.828322 
673 0.822316 
674 0.816796 
675 0.811773 
676 0.807257 
677 0.803256 
678 0.799777 
679 0.796826 
680 0.794407 
681 0.792523 
682 0.791175 
683 0.790364 
684 0.790089 
685 0.790347 
686 0.791135 
687 0.792447 
688 0.794277 
689 0.796617 
690 0.799458 
691 0.802790 
692 0.806601 
693 0.810878 
694 0.815608 
695 0.820776 
696 0.826365 
697 0.832359 
698 0.838740 
699 0.845488 
700 0.852585 
701 0.860009 
702 0.867740 
703 0.875755 
704 0.884033 
705 0.892550 
706 0.901284 
707 0.910209 
708 0.919304 
709 0.928543 
710 0.937902 
711 0.947356 
712 0.956881 
713 0.966453 
714 0.976046 
715 0.985637 
716 0.995202 
717 1.004715 
718 1.014155 
719 1.023497 
720 1.032719 
721 1.041798 
722 1.050713 
723 1.059441 
724 1.067963 
725 1.076259 
726 1.084308 
727 1.092092 
728 1.099594 
729 1.106795 
730 1.113682 
731 1.120236 
732 1.126446 
733 1.132296 
734 1.137775 
735 1.142871 
736 1.147575 
737 1.151875 
738 1.155765 
739 1.159237 
740 1.162285 
741 1.164904 
742 1.167091 
743 1.168842 
744 1.170156 
745 1.171033 
746 1.171473 
747 1.171478 
748 1.171051 
749 1.170195 
750 1.168917 
751 1.167221 
752 1.165114 
753 1.162606 
754 1.159705 
755 1.156420 
756 1.152763 
757 1.148745 
758 1.144379 
759 1.139678 
760 1.134656 
761 1.129328 
762 1.123709 
763 1.117816 
764 1.111665 
765 1.105273 
766 1.098658 
767 1.091838 
768 1.084831 
769 1.077657 
770 1.070334 
771 1.062881 
772 1.055319 
773 1.047667 
774 1.039945 
775 1.032173 
776 1.024371 
777 1.016558 
778 1.008754 
779 1.000980 
780 0.993253 
781 0.985594 
782 0.978022 
783 0.970555 
784 0.963211 
785 0.956008 
786 0.948963 
787 0.942094 
788 0.935415 
789 0.928944 
790 0.922695 
791 0.916683 
792 0.910920 
793 0.905421 
794 0.900197 
795 0.895259 
796 0.890619 
797 0.886286 
798 0.882270 
799 0.878577 
800 0.875216 
801 0.872193 
802 0.869513 
803 0.867181 
804 0.865199 
805 0.863572 
806 0.862301 
807 0.861386 
808 0.860828 
809 0.860626 
810 0.860777 
811 0.861279 
812 0.862129 
813 0.863323 
814 0.864854 
815 0.866716 
816 0.868904 
817 0.871409 
818 0.874223 
819 0.877337 
820 0.880741 
821 0.884424 
822 0.888376 
823 0.892584 
824 0.897037 
825 0.901722 
826 0.906625 
827 0.911733 
828 0.917031 
829 0.922504 
830 0.928139 
831 0.933919 
832 0.939829 
833 0.945854 
834 0.951977 
835 0.958182 
836 0.964453 
837 0.970774 
838 0.977128 
839 0.983500 
840 0.989873 
841 0.996230 
842 1.002556 
843 1.008836 
844 1.015053 
845 1.021192 
846 1.027238 
847 1.033177 
848 1.038994 
849 1.044675 
850 1.050207 
851 1.055576 
852 1.060771 
853 1.065780 
854 1.070590 
855 1.075191 
856 1.079573 
857 1.083726 
858 1.087641 
859 1.091310 
860 1.094725 
861 1.097879 
862 1.100766 
863 1.103381 
864 1.105718 
865 1.107774 
866 1.109545 
867 1.111029 
868 1.112223 
869 1.113127 
870 1.113740 
871 1.114062 
872 1.114096 
873 1.113842 
874 1.113302 
875 1.112481 
876 1.111382 
877 1.110010 
878 1.108370 
879 1.106467 
880 1.104309 
881 1.101902 
882 1.099254 
883 1.096374 
884 1.093270 
885 1.089951 
886 1.086428 
887 1.082710 
888 1.078808 
889 1.074733 
890 1.070497 
891 1.066111 
892 1.061588 
893 1.056939 
894 1.052177 
895 1.047316 
896 1.042367 
897 1.037344 
898 1.032261 
899 1.027129 
900 1.021964 
901 1.016777 
902 1.011583 
903 1.006393 
904 1.001222 
905 0.996083 
906 0.990987 
907 0.985948 
908 0.980978 
909 0.976089 
910 0.971293 
911 0.966601 
912 0.962025 
913 0.957575 
914 0.953262 
915 0.949096 
916 0.945085 
917 0.941241 
918 0.937570 
919 0.934081 
920 0.930782 
921 0.927680 
922 0.924781 
923 0.922092 
924 0.919617 
925 0.917362 
926 0.915331 
927 0.913528 
928 0.911955 
929 0.910616 
930 0.909511 
931 0.908643 
932 0.908012 
933 0.907617 
934 0.907460 
935 0.907537 
936 0.907848 
937 0.908391 
938 0.909161 
939 0.910157 
940 0.911374 
941 0.912808 
942 0.914453 
943 0.916303 
944 0.918354 
945 0.920599 
946 0.923029 
947 0.925639 
948 0.928421 
949 0.931365 
950 0.934465 
951 0.937710 
952 0.941092 
953 0.944602 
954 0.948229 
955 0.951964 
956 0.955797 
957 0.959716 
958 0.963713 
959 0.967776 
960 0.971894 
961 0.976058 
962 0.980255 
963 0.984475 
964 0.988708 
965 0.992943 
966 0.997168 
967 1.001374 
968 1.005549 
969 1.009684 
970 1.013768 
971 1.017792 
972 1.021745 
973 1.025618 
974 1.029402 
975 1.033088 
976 1.036667 
977 1.040131 
978 1.043472 
979 1.046681 
980 1.049753 
981 1.052680 
982 1.055456 
983 1.058074 
984 1.060529 
985 1.062817 
986 1.064931 
987 1.066868 
988 1.068625 
989 1.070198 
990 1.071584 
991 1.072781 
992 1.073787 
993 1.074601 
994 1.075222 
995 1.075649 
996 1.075884 
997 1.075926 
998 1.075777 
999 1.075438 
1000 1.074912 
1001 1.074201 
1002 1.073308 
1003 1.072236 
1004 1.070989 
1005 1.069572 
1006 1.067990 
1007 1.066246 
1008 1.064348 
1009 1.062300 
1010 1.060109 
1011 1.057781 
1012 1.055323 
1013 1.052742 
1014 1.050046 
1015 1.047241 
1016 1.044336 
1017 1.041338 
1018 1.038257 
1019 1.035100 
1020 1.031875 
1021 1.028592 
1022 1.025258 
1023 1.021883 
1024 1.018475 
1025 1.015044 
1026 1.011598 
1027 1.008145 
1028 1.004695 
1029 1.001257 
1030 0.997838 
1031 0.994448 
1032 0.991094 
1033 0.987786 
1034 0.984530 
1035 0.981336 
1036 0.978210 
1037 0.975160 
1038 0.972193 
1039 0.969317 
1040 0.966537 
1041 0.963861 
1042 0.961294 
1043 0.958842 
1044 0.956511 
1045 0.954305 
1046 0.952230 
1047 0.950289 
1048 0.948488 
1049 0.946828 
1050 0.945315 
1051 0.943950 
1052 0.942736 
1053 0.941675 
1054 0.940769 
1055 0.940019 
1056 0.939426 
1057 0.938990 
1058 0.938712 
1059 0.938591 
1060 0.938627 
1061 0.938818 
1062 0.939163 
1063 0.939660 
1064 0.940306 
1065 0.941100 
1066 0.942037 
1067 0.943116 
1068 0.944332 
1069 0.945681 
1070 0.947159 
1071 0.948762 
1072 0.950484 
1073 0.952320 
1074 0.954266 
1075 0.956315 
1076 0.958461 
1077 0.960699 
1078 0.963022 
1079 0.965425 
1080 0.967899 
1081 0.970439 
1082 0.973038 
1083 0.975689 
1084 0.978384 
1085 0.981117 
1086 0.983880 
1087 0.986667 
1088 0.989470 
1089 0.992282 
1090 0.995096 
1091 0.997905 
1092 1.000701 
1093 1.003478 
1094 1.006229 
1095 1.008947 
1096 1.011625 
1097 1.014257 
1098 1.016837 
1099 1.019358 
1100 1.021814 
1101 1.024201 
1102 1.026511 
1103 1.028740 
1104 1.030882 
1105 1.032934 
1106 1.034889 
1107 1.036745 
1108 1.038496 
1109 1.040139 
1110 1.041671 
1111 1.043089 
1112 1.044390 
1113 1.045570 
1114 1.046629 
1115 1.047563 
1116 1.048373 
1117 1.049055 
1118 1.049610 
1119 1.050037 
1120 1.050336 
1121 1.050506 
1122 1.050548 
1123 1.050464 
1124 1.050253 
1125 1.049917 
1126 1.049458 
1127 1.048878 
1128 1.048179 
1129 1.047364 
1130 1.046435 
1131 1.045396 
1132 1.044250 
1133 1.043000 
1134 1.041650 
1135 1.040205 
1136 1.038668 
1137 1.037045 
1138 1.035339 
1139 1.033556 
1140 1.031700 
1141 1.029777 
1142 1.027792 
1143 1.025751 
1144 1.023659 
1145 1.021521 
1146 1.019343 
1147 1.017132 
1148 1.014892 
1149 1.012630 
1150 1.010352 
1151 1.008063 
1152 1.005769 
1153 1.003476 
1154 1.001190 
1155 0.998917 
1156 0.996662 
1157 0.994431 
1158 0.992228 
1159 0.990061 
1160 0.987933 
1161 0.985851 
1162 0.983818 
1163 0.981840 
1164 0.979922 
1165 0.978067 
1166 0.976281 
1167 0.974567 
1168 0.972928 
1169 0.971370 
1170 0.969894 
1171 0.968505 
1172 0.967205 
1173 0.965997 
1174 0.964883 
1175 0.963866 
1176 0.962947 
1177 0.962129 
1178 0.961412 
1179 0.960797 
1180 0.960287 
1181 0.959880 
1182 0.959578 
1183 0.959381 
1184 0.959288 
1185 0.959300 
1186 0.959414 
1187 0.959631 
1188 0.959949 
1189 0.960367 
1190 0.960882 
1191 0.961494 
1192 0.962199 
1193 0.962996 
1194 0.963882 
1195 0.964854 
1196 0.965908 
1197 0.967043 
1198 0.968254 
1199 0.969538 
1200 0.970891 
1201 0.972309 
1202 0.973789 
1203 0.975325 
1204 0.976915 
1205 0.978553 
1206 0.980235 
1207 0.981957 
1208 0.983714 
1209 0.985501 
1210 0.987313 
1211 0.989147 
1212 0.990996 
1213 0.992857 
1214 0.994725 
1215 0.996594 
1216 0.998460 
1217 1.000319 
1218 1.002166 
1219 1.003995 
1220 1.005804 
1221 1.007586 
1222 1.009339 
1223 1.011057 
1224 1.012737 
1225 1.014374 
1226 1.015965 
1227 1.017507 
1228 1.018994 
1229 1.020425 
1230 1.021796 
1231 1.023103 
1232 1.024344 
1233 1.025517 
1234 1.026618 
1235 1.027645 
1236 1.028597 
1237 1.029471 
1238 1.030266 
1239 1.030980 
1240 1.031612 
1241 1.032161 
1242 1.032625 
1243 1.033005 
1244 1.033300 
1245 1.033510 
1246 1.033635 
1247 1.033674 
1248 1.033629 
1249 1.033500 
1250 1.033289 
1251 1.032995 
1252 1.032621 
1253 1.032167 
1254 1.031636 
1255 1.031030 
1256 1.030349 
1257 1.029598 
1258 1.028777 
1259 1.027890 
1260 1.026938 
1261 1.025926 
1262 1.024856 
1263 1.023730 
1264 1.022553 
1265 1.021327 
1266 1.020056 
1267 1.018743 
1268 1.017393 
1269 1.016008 
1270 1.014592 
1271 1.013149 
1272 1.011683 
1273 1.010198 
1274 1.008698 
1275 1.007186 
1276 1.005667 
1277 1.004144 
1278 1.002621 
1279 1.001102 
1280 0.999590 
1281 0.998091 
1282 0.996606 
1283 0.995141 
1284 0.993698 
1285 0.992281 
1286 0.990893 
1287 0.989538 
1288 0.988219 
1289 0.986939 
1290 0.985701 
1291 0.984508 
1292 0.983362 
1293 0.982267 
1294 0.981224 
1295 0.980235 
1296 0.979304 
1297 0.978432 
1298 0.977620 
1299 0.976871 
1300 0.976186 
1301 0.975566 
1302 0.975012 
1303 0.974526 
1304 0.974108 
1305 0.973758 
1306 0.973478 
1307 0.973266 
1308 0.973125 
1309 0.973053 
1310 0.973049 
1311 0.973115 
1312 0.973248 
1313 0.973449 
1314 0.973716 
1315 0.974048 
1316 0.974445 
1317 0.974903 
1318 0.975423 
1319 0.976002 
1320 0.976638 
1321 0.977329 
1322 0.978074 
1323 0.978870 
1324 0.979715 
1325 0.980606 
1326 0.981541 
1327 0.982517 
1328 0.983531 
1329 0.984580 
1330 0.985663 
1331 0.986775 
1332 0.987914 
1333 0.989076 
1334 0.990260 
1335 0.991460 
1336 0.992675 
1337 0.993901 
1338 0.995136 
1339 0.996375 
1340 0.997615 
1341 0.998855 
1342 1.000090 
1343 1.001317 
1344 1.002533 
1345 1.003736 
1346 1.004923 
1347 1.006090 
1348 1.007234 
1349 1.008354 
1350 1.009446 
1351 1.010507 
1352 1.011536 
1353 1.012530 
1354 1.013486 
1355 1.014403 
1356 1.015278 
1357 1.016110 
1358 1.016897 
1359 1.017636 
1360 1.018327 
1361 1.018968 
1362 1.019557 
1363 1.020095 
1364 1.020578 
1365 1.021008 
1366 1.021382 
1367 1.021701 
1368 1.021963 
1369 1.022170 
1370 1.022319 
1371 1.022413 
1372 1.022449 
1373 1.022430 
1374 1.022355 
1375 1.022225 
1376 1.022041 
1377 1.021802 
1378 1.021512 
1379 1.021169 
1380 1.020776 
1381 1.020334 
1382 1.019844 
1383 1.019309 
1384 1.018728 
1385 1.018105 
1386 1.017442 
1387 1.016739 
1388 1.015999 
1389 1.015225 
1390 1.014417 
1391 1.013580 
1392 1.012714 
1393 1.011823 
1394 1.010909 
1395 1.009973 
1396 1.009019 
1397 1.008050 
1398 1.007067 
1399 1.006074 
1400 1.005072 
1401 1.004065 
1402 1.003054 
1403 1.002044 
1404 1.001035 
1405 1.000031 
1406 0.999035 
1407 0.998048 
1408 0.997073 
1409 0.996112 
1410 0.995168 
1411 0.994243 
1412 0.993340 
1413 0.992459 
1414 0.991604 
1415 0.990777 
1416 0.989979 
1417 0.989212 
1418 0.988478 
1419 0.987778 
1420 0.987114 
1421 0.986488 
1422 0.985901 
1423 0.985354 
1424 0.984847 
1425 0.984383 
1426 0.983962 
1427 0.983585 
1428 0.983252 
1429 0.982965 
1430 0.982722 
1431 0.982526 
1432 0.982375 
1433 0.982270 
1434 0.982212 
1435 0.982199 
1436 0.982232 
1437 0.982310 
1438 0.982432 
1439 0.982599 
1440 0.982809 
1441 0.983062 
1442 0.983356 
1443 0.983691 
1444 0.984065 
1445 0.984478 
1446 0.984927 
1447 0.985413 
1448 0.985932 
1449 0.986484 
1450 0.987068 
1451 0.987680 
1452 0.988320 
1453 0.988986 
1454 0.989676 
1455 0.990388 
1456 0.991121 
1457 0.991871 
1458 0.992638 
1459 0.993419 
1460 0.994212 
1461 0.995015 
1462 0.995826 
1463 0.996642 
1464 0.997463 
1465 0.998285 
1466 0.999107 
1467 0.999926 
1468 1.000741 
1469 1.001549 
1470 1.002349 
1471 1.003138 
1472 1.003915 
1473 1.004678 
1474 1.005424 
1475 1.006153 
1476 1.006862 
1477 1.007550 
1478 1.008215 
1479 1.008856 
1480 1.009471 
1481 1.010059 
1482 1.010618 
1483 1.011148 
1484 1.011647 
1485 1.012114 
1486 1.012549 
1487 1.012949 
1488 1.013315 
1489 1.013646 
1490 1.013942 
1491 1.014201 
1492 1.014423 
1493 1.014608 
1494 1.014756 
1495 1.014867 
1496 1.014940 
1497 1.014976 
1498 1.014975 
1499 1.014937 
1500 1.014862 
1501 1.014751 
1502 1.014604 
1503 1.014423 
1504 1.014207 
1505 1.013957 
1506 1.013675 
1507 1.013361 
1508 1.013016 
1509 1.012641 
1510 1.012238 
1511 1.011807 
1512 1.011350 
1513 1.010868 
1514 1.010363 
1515 1.009836 
1516 1.009288 
1517 1.008721 
1518 1.008136 
1519 1.007536 
1520 1.006921 
1521 1.006294 
1522 1.005655 
1523 1.005008 
1524 1.004352 
1525 1.003691 
1526 1.003025 
1527 1.002357 
1528 1.001688 
1529 1.001020 
1530 1.000354 
1531 0.999693 
1532 0.999037 
1533 0.998389 
1534 0.997749 
1535 0.997120 
1536 0.996503 
1537 0.995900 
1538 0.995312 
1539 0.994740 
1540 0.994185 
1541 0.993650 
1542 0.993134 
1543 0.992640 
1544 0.992168 
1545 0.991720 
1546 0.991296 
1547 0.990897 
1548 0.990525 
1549 0.990179 
1550 0.989861 
1551 0.989571 
1552 0.989310 
1553 0.989078 
1554 0.988876 
1555 0.988704 
1556 0.988561 
1557 0.988449 
1558 0.988368 
1559 0.988316 
1560 0.988295 
1561 0.988304 
1562 0.988343 
1563 0.988412 
1564 0.988510 
1565 0.988637 
1566 0.988792 
1567 0.988974 
1568 0.989184 
1569 0.989420 
1570 0.989682 
1571 0.989969 
1572 0.990279 
1573 0.990613 
1574 0.990968 
1575 0.991344 
1576 0.991740 
1577 0.992155 
1578 0.992588 
1579 0.993036 
1580 0.993500 
1581 0.993978 
1582 0.994469 
1583 0.994970 
1584 0.995482 
1585 0.996002 
1586 0.996529 
1587 0.997062 
1588 0.997600 
1589 0.998141 
1590 0.998684 
1591 0.999227 
1592 0.999769 
1593 1.000308 
1594 1.000844 
1595 1.001375 
1596 1.001900 
1597 1.002417 
1598 1.002926 
1599 1.003424 
1600 1.003912 
1601 1.004387 
1602 1.004848 
1603 1.005295 
1604 1.005727 
1605 1.006142 
1606 1.006540 
1607 1.006919 
1608 1.007279 
1609 1.007620 
1610 1.007940 
1611 1.008238 
1612 1.008515 
1613 1.008769 
1614 1.009001 
1615 1.009209 
1616 1.009393 
1617 1.009554 
1618 1.009690 
1619 1.009802 
1620 1.009889 
1621 1.009951 
1622 1.009990 
1623 1.010003 
1624 1.009992 
1625 1.009957 
1626 1.009899 
1627 1.009816 
1628 1.009710 
1629 1.009581 
1630 1.009430 
1631 1.009257 
1632 1.009063 
1633 1.008848 
1634 1.008613 
1635 1.008359 
1636 1.008087 
1637 1.007796 
1638 1.007489 
1639 1.007166 
1640 1.006828 
1641 1.006475 
1642 1.006110 
1643 1.005732 
1644 1.005343 
1645 1.004944 
1646 1.004537 
1647 1.004121 
1648 1.003698 
1649 1.003269 
1650 1.002836 
1651 1.002400 
1652 1.001960 
1653 1.001520 
1654 1.001079 
1655 1.000640 
1656 1.000202 
1657 0.999767 
1658 0.999337 
1659 0.998911 
1660 0.998492 
1661 0.998080 
1662 0.997676 
1663 0.997282 
1664 0.996897 
1665 0.996523 
1666 0.996161 
1667 0.995812 
1668 0.995476 
1669 0.995154 
1670 0.994847 
1671 0.994556 
1672 0.994281 
1673 0.994022 
1674 0.993781 
1675 0.993557 
1676 0.993352 
1677 0.993165 
1678 0.992997 
1679 0.992849 
1680 0.992719 
1681 0.992609 
1682 0.992519 
1683 0.992449 
1684 0.992399 
1685 0.992369 
1686 0.992358 
1687 0.992367 
1688 0.992396 
1689 0.992444 
1690 0.992511 
1691 0.992596 
1692 0.992701 
1693 0.992823 
1694 0.992963 
1695 0.993120 
1696 0.993294 
1697 0.993484 
1698 0.993689 
1699 0.993909 
1700 0.994144 
1701 0.994392 
1702 0.994653 
1703 0.994926 
1704 0.995211 
1705 0.995506 
1706 0.995811 
1707 0.996125 
1708 0.996447 
1709 0.996777 
1710 0.997113 
1711 0.997454 
1712 0.997800 
1713 0.998150 
1714 0.998503 
1715 0.998857 
1716 0.999213 
1717 0.999570 
1718 0.999925 
1719 1.000279 
1720 1.000631 
1721 1.000979 
1722 1.001323 
1723 1.001663 
1724 1.001996 
1725 1.002324 
1726 1.002644 
1727 1.002956 
1728 1.003259 
1729 1.003553 
1730 1.003837 
1731 1.004110 
1732 1.004372 
1733 1.004622 
1734 1.004860 
1735 1.005085 
1736 1.005296 
1737 1.005494 
1738 1.005678 
1739 1.005847 
1740 1.006001 
1741 1.006140 
1742 1.006264 
1743 1.006372 
1744 1.006464 
1745 1.006541 
1746 1.006602 
1747 1.006646 
1748 1.006675 
1749 1.006688 
1750 1.006685 
1751 1.006666 
1752 1.006632 
1753 1.006582 
1754 1.006517 
1755 1.006437 
1756 1.006342 
1757 1.006234 
1758 1.006111 
1759 1.005975 
1760 1.005825 
1761 1.005663 
1762 1.005489 
1763 1.005304 
1764 1.005107 
1765 1.004899 
1766 1.004682 
1767 1.004455 
1768 1.004219 
1769 1.003976 
1770 1.003724 
1771 1.003466 
1772 1.003202 
1773 1.002933 
1774 1.002658 
1775 1.002380 
1776 1.002099 
1777 1.001814 
1778 1.001528 
1779 1.001241 
1780 1.000953 
1781 1.000665 
1782 1.000379 
1783 1.000094 
1784 0.999811 
1785 0.999532 
1786 0.999256 
1787 0.998984 
1788 0.998717 
1789 0.998456 
1790 0.998201 
1791 0.997952 
1792 0.997711 
1793 0.997478 
1794 0.997253 
1795 0.997037 
1796 0.996831 
1797 0.996634 
1798 0.996447 
1799 0.996271 
1800 0.996106 
1801 0.995951 
1802 0.995809 
1803 0.995678 
1804 0.995559 
1805 0.995453 
1806 0.995359 
1807 0.995277 
1808 0.995208 
1809 0.995152 
1810 0.995108 
1811 0.995078 
1812 0.995060 
1813 0.995055 
1814 0.995062 
1815 0.995082 
1816 0.995115 
1817 0.995160 
1818 0.995216 
1819 0.995285 
1820 0.995365 
1821 0.995457 
1822 0.995559 
1823 0.995673 
1824 0.995796 
1825 0.995930 
1826 0.996073 
1827 0.996225 
1828 0.996386 
1829 0.996555 
1830 0.996733 
1831 0.996917 
1832 0.997108 
1833 0.997306 
1834 0.997509 
1835 0.997718 
1836 0.997932 
1837 0.998149 
1838 0.998371 
1839 0.998595 
1840 0.998822 
1841 0.999051 
1842 0.999281 
1843 0.999512 
1844 0.999744 
1845 0.999975 
1846 1.000205 
1847 1.000434 
1848 1.000662 
1849 1.000886 
1850 1.001108 
1851 1.001326 
1852 1.001541 
1853 1.001751 
1854 1.001956 
1855 1.002156 
1856 1.002350 
1857 1.002537 
1858 1.002718 
1859 1.002892 
1860 1.003059 
1861 1.003218 
1862 1.003369 
1863 1.003512 
1864 1.003645 
1865 1.003771 
1866 1.003886 
1867 1.003993 
1868 1.004090 
1869 1.004177 
1870 1.004255 
1871 1.004322 
1872 1.004380 
1873 1.004427 
1874 1.004464 
1875 1.004491 
1876 1.004508 
1877 1.004515 
1878 1.004511 
1879 1.004498 
1880 1.004475 
1881 1.004441 
1882 1.004398 
1883 1.004346 
1884 1.004284 
1885 1.004214 
1886 1.004134 
1887 1.004046 
1888 1.003949 
1889 1.003844 
1890 1.003732 
1891 1.003612 
1892 1.003485 
1893 1.003351 
1894 1.003211 
1895 1.003065 
1896 1.002913 
1897 1.002756 
1898 1.002594 
1899 1.002427 
1900 1.002256 
1901 1.002082 
1902 1.001905 
1903 1.001725 
1904 1.001543 
1905 1.001358 
1906 1.001173 
1907 1.000986 
1908 1.000799 
1909 1.000612 
1910 1.000425 
1911 1.000239 
1912 1.000054 
1913 0.999871 
1914 0.999690 
1915 0.999511 
1916 0.999336 
1917 0.999163 
1918 0.998994 
1919 0.998829 
1920 0.998669 
1921 0.998513 
1922 0.998362 
1923 0.998217 
1924 0.998077 
1925 0.997943 
1926 0.997815 
1927 0.997694 
1928 0.997579 
1929 0.997471 
1930 0.997371 
1931 0.997278 
1932 0.997192 
1933 0.997113 
1934 0.997043 
1935 0.996980 
1936 0.996925 
1937 0.996879 
1938 0.996840 
1939 0.996809 
1940 0.996787 
1941 0.996772 
1942 0.996766 
1943 0.996767 
1944 0.996777 
1945 0.996794 
1946 0.996820 
1947 0.996853 
1948 0.996893 
1949 0.996942 
1950 0.996997 
1951 0.997060 
1952 0.997129 
1953 0.997205 
1954 0.997288 
1955 0.997377 
1956 0.997473 
1957 0.997574 
1958 0.997680 
1959 0.997792 
1960 0.997909 
1961 0.998031 
1962 0.998157 
1963 0.998288 
1964 0.998422 
1965 0.998559 
1966 0.998700 
1967 0.998844 
1968 0.998990 
1969 0.999138 
1970 0.999288 
1971 0.999439 
1972 0.999592 
1973 0.999745 
1974 0.999898 
1975 1.000052 
1976 1.000205 
1977 1.000358 
1978 1.000510 
1979 1.000660 
1980 1.000809 
1981 1.000956 
1982 1.001100 
1983 1.001242 
1984 1.001381 
1985 1.001517 
1986 1.001649 
1987 1.001778 
1988 1.001902 
1989 1.002023 
1990 1.002139 
1991 1.002250 
1992 1.002356 
1993 1.002457 
1994 1.002553 
1995 1.002643 
1996 1.002728 
1997 1.002807 
1998 1.002879 
1999 1.002946 
