0.100369 0.100369 0.100369 
0.090319 0.090319 0.090319 
0.081276 0.081276 0.081276 
0.073139 0.073139 0.073139 
0.065816 0.065816 0.065816 
0.059226 0.059226 0.059226 
0.053296 0.053296 0.053296 
0.047960 0.047960 0.047960 
0.043158 0.043158 0.043158 
0.038837 0.038837 0.038837 
0.034949 0.034949 0.034949 
0.031449 0.031449 0.031449 
0.028301 0.028301 0.028301 
0.025467 0.025467 0.025467 
0.022917 0.022917 0.022917 
0.020623 0.020623 0.020623 
0.018558 0.018558 0.018558 
0.016700 0.016700 0.016700 
0.015028 0.015028 0.015028 
0.013523 0.013523 0.013523 
0.012169 0.012169 0.012169 
0.010951 0.010951 0.010951 
0.009854 0.009854 0.009854 
0.008868 0.008868 0.008868 
0.007980 0.007980 0.007980 
0.007181 0.007181 0.007181 
0.006462 0.006462 0.006462 
0.005815 0.005815 0.005815 
0.005233 0.005233 0.005233 
0.004709 0.004709 0.004709 
0.004237 0.004237 0.004237 
0.003813 0.003813 0.003813 
0.003431 0.003431 0.003431 
0.003088 0.003088 0.003088 
0.002779 0.002779 0.002779 
0.002500 0.002500 0.002500 
0.002250 0.002250 0.002250 
0.002025 0.002025 0.002025 
0.001822 0.001822 0.001822 
0.001640 0.001640 0.001640 
0.001475 0.001475 0.001475 
0.001328 0.001328 0.001328 
0.001195 0.001195 0.001195 
0.001075 0.001075 0.001075 
0.000968 0.000968 0.000968 
0.000871 0.000871 0.000871 
0.000783 0.000783 0.000783 
0.000705 0.000705 0.000705 
0.000634 0.000634 0.000634 
0.000571 0.000571 0.000571 
0.000514 0.000514 0.000514 
0.000462 0.000462 0.000462 
0.000416 0.000416 0.000416 
0.000374 0.000374 0.000374 
0.000337 0.000337 0.000337 
0.000303 0.000303 0.000303 
0.000273 0.000273 0.000273 
