0 0.000000 
1 0.000000 
2 0.000000 
3 0.000000 
4 0.000000 
5 0.000000 
6 0.000000 
7 0.000000 
8 0.000000 
9 0.000000 
10 0.000000 
11 0.000000 
12 0.000000 
13 0.000000 
14 0.000000 
15 0.000000 
16 0.000000 
17 0.000000 
18 0.000000 
19 0.000000 
20 0.000000 
21 0.000000 
22 0.000000 
23 0.000000 
24 0.000000 
25 0.000000 
26 0.000000 
27 0.000000 
28 0.000000 
29 0.000000 
30 0.000000 
31 0.000000 
32 0.000000 
33 0.000000 
34 0.000000 
35 0.000000 
36 0.000000 
37 0.000000 
38 0.000000 
39 0.000000 
40 0.000000 
41 0.000000 
42 0.000000 
43 0.000000 
44 0.000000 
45 0.000000 
46 0.000000 
47 0.000000 
48 0.000000 
49 0.000000 
50 0.000000 
51 0.000000 
52 0.000000 
53 0.000000 
54 0.000000 
55 0.000000 
56 0.000000 
57 0.000000 
58 0.000000 
59 0.000000 
60 0.000000 
61 0.000000 
62 0.000000 
63 0.000000 
64 0.000000 
65 0.000000 
66 0.000000 
67 0.000000 
68 0.000000 
69 0.000000 
70 0.000000 
71 0.000000 
72 0.000000 
73 0.000000 
74 0.000000 
75 0.000000 
76 0.000000 
77 0.000000 
78 0.000000 
79 0.000000 
80 0.000000 
81 0.000000 
82 0.000000 
83 0.000000 
84 0.000000 
85 0.000000 
86 0.000000 
87 0.000000 
88 0.000000 
89 0.000000 
90 0.000000 
91 1.094527 
92 1.969877 
93 2.658969 
94 3.190324 
95 3.588621 
96 3.875178 
97 4.068378 
98 4.184043 
99 4.235762 
100 4.235181 
101 4.192254 
102 4.115467 
103 4.012030 
104 3.888051 
105 3.748679 
106 3.598239 
107 3.440345 
108 3.277998 
109 3.113673 
110 2.949392 
111 2.786795 
112 2.627191 
113 2.471611 
114 2.320848 
115 2.175499 
116 2.035989 
117 1.902608 
118 1.775526 
119 1.654818 
120 1.540483 
121 1.432455 
122 1.330616 
123 1.234810 
124 1.144850 
125 1.060526 
126 0.981610 
127 0.907866 
128 0.839049 
129 0.774911 
130 0.715205 
131 0.659687 
132 0.608117 
133 0.560260 
134 0.515891 
135 0.474789 
136 0.436747 
137 0.401563 
138 0.369046 
139 0.339015 
140 0.311298 
141 0.285733 
142 0.262166 
143 0.240454 
144 0.220462 
145 0.202063 
146 0.185138 
147 0.169576 
148 0.152598 
149 0.137320 
150 0.123571 
151 0.111199 
152 0.100065 
153 0.090046 
154 0.081031 
155 0.072918 
156 0.065617 
157 0.059047 
158 0.053135 
159 0.047815 
160 0.043028 
161 0.038720 
162 0.034843 
163 0.031354 
164 0.028215 
165 0.025390 
166 0.022848 
167 0.020560 
168 0.018502 
169 0.016649 
170 0.014982 
171 0.013482 
172 0.012132 
173 0.010918 
174 0.009824 
175 0.008841 
176 0.007956 
177 0.007159 
178 0.006442 
179 0.005797 
180 0.005217 
181 0.004694 
182 0.015224 
183 0.043394 
184 0.092491 
185 0.163382 
186 0.255214 
187 0.365961 
188 0.492858 
189 0.632722 
190 0.782204 
191 0.937970 
192 1.096833 
193 1.255837 
194 1.412324 
195 1.563957 
196 1.708740 
197 1.845011 
198 1.971437 
199 2.086992 
200 2.190934 
201 2.282780 
202 2.362275 
203 2.429368 
204 2.484183 
205 2.526990 
206 2.558183 
207 2.578258 
208 2.587788 
209 2.587406 
210 2.577788 
211 2.559639 
212 2.533677 
213 2.500627 
214 2.461204 
215 2.416113 
216 2.366036 
217 2.311630 
218 2.253524 
219 2.192312 
220 2.128554 
221 2.062773 
222 1.995457 
223 1.927053 
224 1.857973 
225 1.788593 
226 1.719251 
227 1.650255 
228 1.581875 
229 1.514354 
230 1.447903 
231 1.382706 
232 1.318921 
233 1.256683 
234 1.196102 
235 1.137270 
236 1.080260 
237 1.025125 
238 0.971906 
239 0.920574 
240 0.871110 
241 0.823499 
242 0.777728 
243 0.733785 
244 0.691655 
245 0.651319 
246 0.612757 
247 0.575943 
248 0.540847 
249 0.507437 
250 0.475674 
251 0.445519 
252 0.416927 
253 0.389853 
254 0.364247 
255 0.340060 
256 0.317239 
257 0.295732 
258 0.275485 
259 0.256446 
260 0.238560 
261 0.221775 
262 0.206038 
263 0.191298 
264 0.177503 
265 0.164605 
266 0.152555 
267 0.141308 
268 0.130818 
269 0.121041 
270 0.111936 
271 0.103463 
272 0.095584 
273 0.088372 
274 0.082058 
275 0.077029 
276 0.073807 
277 0.073003 
278 0.075280 
279 0.081306 
280 0.091715 
281 0.107070 
282 0.127845 
283 0.154398 
284 0.186961 
285 0.225639 
286 0.270405 
287 0.321109 
288 0.377482 
289 0.439152 
290 0.505655 
291 0.576450 
292 0.650935 
293 0.728460 
294 0.808344 
295 0.889889 
296 0.972392 
297 1.055157 
298 1.137507 
299 1.218792 
300 1.298396 
301 1.375743 
302 1.450306 
303 1.521606 
304 1.589217 
305 1.652767 
306 1.711939 
307 1.766468 
308 1.816145 
309 1.860811 
310 1.900357 
311 1.934719 
312 1.963877 
313 1.987854 
314 2.006707 
315 2.020528 
316 2.029437 
317 2.033584 
318 2.033140 
319 2.028294 
320 2.019255 
321 2.006243 
322 1.989490 
323 1.969233 
324 1.945716 
325 1.919188 
326 1.889896 
327 1.858085 
328 1.824001 
329 1.787882 
330 1.749962 
331 1.710465 
332 1.669608 
333 1.627598 
334 1.584630 
335 1.540893 
336 1.496561 
337 1.451803 
338 1.406773 
339 1.361619 
340 1.316477 
341 1.271474 
342 1.226728 
343 1.182348 
344 1.138433 
345 1.095075 
346 1.052356 
347 1.010350 
348 0.969124 
349 0.928738 
350 0.889243 
351 0.850684 
352 0.813100 
353 0.776523 
354 0.740979 
355 0.706488 
356 0.673067 
357 0.640725 
358 0.609469 
359 0.579301 
360 0.550218 
361 0.522215 
362 0.495283 
363 0.469411 
364 0.444584 
365 0.420790 
366 0.398024 
367 0.376285 
368 0.355591 
369 0.335975 
370 0.317490 
371 0.300212 
372 0.284243 
373 0.269702 
374 0.256733 
375 0.245495 
376 0.236163 
377 0.228919 
378 0.223949 
379 0.221439 
380 0.221567 
381 0.224501 
382 0.230389 
383 0.239362 
384 0.251522 
385 0.266946 
386 0.285679 
387 0.307734 
388 0.333090 
389 0.361696 
390 0.393463 
391 0.428273 
392 0.465976 
393 0.506395 
394 0.549325 
395 0.594538 
396 0.641787 
397 0.690805 
398 0.741314 
399 0.793024 
400 0.845637 
401 0.898852 
402 0.952367 
403 1.005882 
404 1.059102 
405 1.111740 
406 1.163518 
407 1.214171 
408 1.263446 
409 1.311109 
410 1.356938 
411 1.400735 
412 1.442314 
413 1.481514 
414 1.518191 
415 1.552221 
416 1.583500 
417 1.611943 
418 1.637486 
419 1.660082 
420 1.679702 
421 1.696334 
422 1.709984 
423 1.720672 
424 1.728431 
425 1.733310 
426 1.735368 
427 1.734674 
428 1.731311 
429 1.725365 
430 1.716934 
431 1.706121 
432 1.693035 
433 1.677787 
434 1.660496 
435 1.641281 
436 1.620263 
437 1.597565 
438 1.573311 
439 1.547623 
440 1.520625 
441 1.492437 
442 1.463179 
443 1.432968 
444 1.401918 
445 1.370142 
446 1.337747 
447 1.304838 
448 1.271515 
449 1.237876 
450 1.204012 
451 1.170013 
452 1.135961 
453 1.101936 
454 1.068011 
455 1.034258 
456 1.000742 
457 0.967524 
458 0.934660 
459 0.902204 
460 0.870206 
461 0.838712 
462 0.807770 
463 0.777423 
464 0.747715 
465 0.718693 
466 0.690404 
467 0.662899 
468 0.636232 
469 0.610460 
470 0.585648 
471 0.561863 
472 0.539178 
473 0.517671 
474 0.497425 
475 0.478525 
476 0.461062 
477 0.445125 
478 0.430807 
479 0.418199 
480 0.407391 
481 0.398470 
482 0.391515 
483 0.386604 
484 0.383803 
485 0.383173 
486 0.384761 
487 0.388606 
488 0.394734 
489 0.403158 
490 0.413877 
491 0.426877 
492 0.442130 
493 0.459593 
494 0.479210 
495 0.500910 
496 0.524609 
497 0.550211 
498 0.577606 
499 0.606676 
500 0.637291 
501 0.669310 
502 0.702588 
503 0.736968 
504 0.772293 
505 0.808397 
506 0.845113 
507 0.882271 
508 0.919702 
509 0.957236 
510 0.994704 
511 1.031941 
512 1.068786 
513 1.105081 
514 1.140675 
515 1.175424 
516 1.209188 
517 1.241839 
518 1.273254 
519 1.303320 
520 1.331932 
521 1.358996 
522 1.384427 
523 1.408149 
524 1.430097 
525 1.450214 
526 1.468455 
527 1.484781 
528 1.499165 
529 1.511590 
530 1.522044 
531 1.530527 
532 1.537044 
533 1.541610 
534 1.544246 
535 1.544981 
536 1.543848 
537 1.540889 
538 1.536149 
539 1.529677 
540 1.521531 
541 1.511768 
542 1.500452 
543 1.487648 
544 1.473424 
545 1.457851 
546 1.441001 
547 1.422948 
548 1.403767 
549 1.383533 
550 1.362322 
551 1.340209 
552 1.317270 
553 1.293580 
554 1.269213 
555 1.244242 
556 1.218739 
557 1.192776 
558 1.166424 
559 1.139750 
560 1.112825 
561 1.085715 
562 1.058487 
563 1.031208 
564 1.003944 
565 0.976761 
566 0.949727 
567 0.922907 
568 0.896369 
569 0.870181 
570 0.844412 
571 0.819132 
572 0.794411 
573 0.770321 
574 0.746934 
575 0.724323 
576 0.702559 
577 0.681717 
578 0.661869 
579 0.643086 
580 0.625439 
581 0.608997 
582 0.593827 
583 0.579993 
584 0.567555 
585 0.556570 
586 0.547090 
587 0.539163 
588 0.532831 
589 0.528130 
590 0.525089 
591 0.523733 
592 0.524076 
593 0.526127 
594 0.529886 
595 0.535348 
596 0.542497 
597 0.551310 
598 0.561757 
599 0.573799 
600 0.587389 
601 0.602476 
602 0.618997 
603 0.636885 
604 0.656067 
605 0.676462 
606 0.697986 
607 0.720548 
608 0.744053 
609 0.768402 
610 0.793495 
611 0.819225 
612 0.845487 
613 0.872172 
614 0.899172 
615 0.926377 
616 0.953678 
617 0.980967 
618 1.008138 
619 1.035085 
620 1.061707 
621 1.087903 
622 1.113579 
623 1.138641 
624 1.163002 
625 1.186577 
626 1.209287 
627 1.231059 
628 1.251822 
629 1.271513 
630 1.290074 
631 1.307452 
632 1.323600 
633 1.338476 
634 1.352044 
635 1.364274 
636 1.375141 
637 1.384626 
638 1.392716 
639 1.399401 
640 1.404678 
641 1.408549 
642 1.411018 
643 1.412099 
644 1.411804 
645 1.410153 
646 1.407169 
647 1.402879 
648 1.397312 
649 1.390502 
650 1.382484 
651 1.373297 
652 1.362983 
653 1.351584 
654 1.339147 
655 1.325718 
656 1.311347 
657 1.296085 
658 1.279984 
659 1.263096 
660 1.245478 
661 1.227184 
662 1.208272 
663 1.188800 
664 1.168826 
665 1.148411 
666 1.127614 
667 1.106498 
668 1.085125 
669 1.063558 
670 1.041860 
671 1.020097 
672 0.998332 
673 0.976632 
674 0.955062 
675 0.933688 
676 0.912577 
677 0.891794 
678 0.871406 
679 0.851478 
680 0.832074 
681 0.813260 
682 0.795097 
683 0.777647 
684 0.760970 
685 0.745125 
686 0.730166 
687 0.716148 
688 0.703120 
689 0.691130 
690 0.680222 
691 0.670436 
692 0.661809 
693 0.654374 
694 0.648158 
695 0.643185 
696 0.639474 
697 0.637039 
698 0.635889 
699 0.636027 
700 0.637453 
701 0.640160 
702 0.644136 
703 0.649364 
704 0.655824 
705 0.663487 
706 0.672322 
707 0.682292 
708 0.693357 
709 0.705471 
710 0.718585 
711 0.732644 
712 0.747593 
713 0.763371 
714 0.779913 
715 0.797156 
716 0.815029 
717 0.833463 
718 0.852386 
719 0.871724 
720 0.891403 
721 0.911348 
722 0.931483 
723 0.951733 
724 0.972024 
725 0.992280 
726 1.012430 
727 1.032400 
728 1.052121 
729 1.071523 
730 1.090541 
731 1.109110 
732 1.127169 
733 1.144658 
734 1.161522 
735 1.177708 
736 1.193167 
737 1.207851 
738 1.221717 
739 1.234728 
740 1.246845 
741 1.258038 
742 1.268277 
743 1.277537 
744 1.285798 
745 1.293041 
746 1.299251 
747 1.304420 
748 1.308538 
749 1.311603 
750 1.313614 
751 1.314574 
752 1.314489 
753 1.313369 
754 1.311224 
755 1.308071 
756 1.303926 
757 1.298812 
758 1.292750 
759 1.285766 
760 1.277889 
761 1.269148 
762 1.259576 
763 1.249208 
764 1.238081 
765 1.226232 
766 1.213704 
767 1.200537 
768 1.186776 
769 1.172466 
770 1.157654 
771 1.142389 
772 1.126720 
773 1.110698 
774 1.094375 
775 1.077804 
776 1.061037 
777 1.044131 
778 1.027139 
779 1.010116 
780 0.993119 
781 0.976203 
782 0.959423 
783 0.942835 
784 0.926493 
785 0.910452 
786 0.894765 
787 0.879484 
788 0.864661 
789 0.850346 
790 0.836587 
791 0.823430 
792 0.810921 
793 0.799100 
794 0.788008 
795 0.777684 
796 0.768160 
797 0.759471 
798 0.751643 
799 0.744704 
800 0.738676 
801 0.733577 
802 0.729425 
803 0.726231 
804 0.724003 
805 0.722747 
806 0.722465 
807 0.723153 
808 0.724807 
809 0.727416 
810 0.730967 
811 0.735444 
812 0.740827 
813 0.747091 
814 0.754212 
815 0.762158 
816 0.770898 
817 0.780396 
818 0.790612 
819 0.801508 
820 0.813040 
821 0.825163 
822 0.837831 
823 0.850993 
824 0.864602 
825 0.878605 
826 0.892950 
827 0.907584 
828 0.922454 
829 0.937504 
830 0.952682 
831 0.967933 
832 0.983203 
833 0.998438 
834 1.013586 
835 1.028595 
836 1.043414 
837 1.057993 
838 1.072283 
839 1.086239 
840 1.099815 
841 1.112966 
842 1.125653 
843 1.137835 
844 1.149476 
845 1.160539 
846 1.170992 
847 1.180806 
848 1.189951 
849 1.198402 
850 1.206136 
851 1.213133 
852 1.219375 
853 1.224847 
854 1.229535 
855 1.233431 
856 1.236525 
857 1.238814 
858 1.240296 
859 1.240969 
860 1.240838 
861 1.239907 
862 1.238184 
863 1.235680 
864 1.232406 
865 1.228377 
866 1.223611 
867 1.218126 
868 1.211944 
869 1.205088 
870 1.197584 
871 1.189459 
872 1.180742 
873 1.171464 
874 1.161658 
875 1.151357 
876 1.140597 
877 1.129416 
878 1.117852 
879 1.105944 
880 1.093732 
881 1.081259 
882 1.068565 
883 1.055696 
884 1.042692 
885 1.029600 
886 1.016462 
887 1.003324 
888 0.990228 
889 0.977221 
890 0.964344 
891 0.951642 
892 0.939157 
893 0.926931 
894 0.915006 
895 0.903420 
896 0.892214 
897 0.881423 
898 0.871085 
899 0.861232 
900 0.851899 
901 0.843115 
902 0.834908 
903 0.827307 
904 0.820333 
905 0.814011 
906 0.808359 
907 0.803394 
908 0.799132 
909 0.795583 
910 0.792758 
911 0.790664 
912 0.789304 
913 0.788680 
914 0.788790 
915 0.789632 
916 0.791199 
917 0.793481 
918 0.796467 
919 0.800142 
920 0.804492 
921 0.809495 
922 0.815133 
923 0.821381 
924 0.828214 
925 0.835604 
926 0.843524 
927 0.851942 
928 0.860826 
929 0.870142 
930 0.879856 
931 0.889930 
932 0.900328 
933 0.911013 
934 0.921944 
935 0.933083 
936 0.944391 
937 0.955827 
938 0.967350 
939 0.978922 
940 0.990501 
941 1.002049 
942 1.013526 
943 1.024894 
944 1.036114 
945 1.047150 
946 1.057965 
947 1.068523 
948 1.078792 
949 1.088738 
950 1.098330 
951 1.107537 
952 1.116332 
953 1.124687 
954 1.132577 
955 1.139978 
956 1.146869 
957 1.153230 
958 1.159042 
959 1.164290 
960 1.168959 
961 1.173037 
962 1.176514 
963 1.179381 
964 1.181633 
965 1.183265 
966 1.184274 
967 1.184662 
968 1.184429 
969 1.183580 
970 1.182120 
971 1.180058 
972 1.177402 
973 1.174165 
974 1.170360 
975 1.166003 
976 1.161109 
977 1.155698 
978 1.149791 
979 1.143408 
980 1.136574 
981 1.129312 
982 1.121650 
983 1.113614 
984 1.105233 
985 1.096536 
986 1.087554 
987 1.078318 
988 1.068860 
989 1.059214 
990 1.049412 
991 1.039488 
992 1.029477 
993 1.019412 
994 1.009329 
995 0.999260 
996 0.989242 
997 0.979307 
998 0.969489 
999 0.959822 
1000 0.950338 
1001 0.941068 
1002 0.932044 
1003 0.923295 
1004 0.914851 
1005 0.906739 
1006 0.898986 
1007 0.891617 
1008 0.884656 
1009 0.878124 
1010 0.872044 
1011 0.866432 
1012 0.861308 
1013 0.856686 
1014 0.852580 
1015 0.849002 
1016 0.845962 
1017 0.843467 
1018 0.841524 
1019 0.840137 
1020 0.839307 
1021 0.839035 
1022 0.839318 
1023 0.840154 
1024 0.841536 
1025 0.843456 
1026 0.845906 
1027 0.848873 
1028 0.852345 
1029 0.856307 
1030 0.860742 
1031 0.865633 
1032 0.870961 
1033 0.876704 
1034 0.882840 
1035 0.889346 
1036 0.896198 
1037 0.903371 
1038 0.910837 
1039 0.918569 
1040 0.926540 
1041 0.934720 
1042 0.943082 
1043 0.951594 
1044 0.960227 
1045 0.968952 
1046 0.977737 
1047 0.986553 
1048 0.995370 
1049 1.004157 
1050 1.012885 
1051 1.021525 
1052 1.030048 
1053 1.038426 
1054 1.046631 
1055 1.054637 
1056 1.062418 
1057 1.069948 
1058 1.077205 
1059 1.084164 
1060 1.090805 
1061 1.097106 
1062 1.103049 
1063 1.108615 
1064 1.113787 
1065 1.118551 
1066 1.122892 
1067 1.126798 
1068 1.130258 
1069 1.133264 
1070 1.135806 
1071 1.137879 
1072 1.139478 
1073 1.140601 
1074 1.141245 
1075 1.141412 
1076 1.141101 
1077 1.140318 
1078 1.139067 
1079 1.137354 
1080 1.135187 
1081 1.132575 
1082 1.129530 
1083 1.126064 
1084 1.122189 
1085 1.117922 
1086 1.113277 
1087 1.108273 
1088 1.102929 
1089 1.097262 
1090 1.091295 
1091 1.085049 
1092 1.078546 
1093 1.071809 
1094 1.064862 
1095 1.057730 
1096 1.050437 
1097 1.043010 
1098 1.035473 
1099 1.027854 
1100 1.020178 
1101 1.012472 
1102 1.004763 
1103 0.997076 
1104 0.989437 
1105 0.981874 
1106 0.974410 
1107 0.967072 
1108 0.959884 
1109 0.952870 
1110 0.946052 
1111 0.939454 
1112 0.933097 
1113 0.927002 
1114 0.921188 
1115 0.915675 
1116 0.910478 
1117 0.905616 
1118 0.901103 
1119 0.896952 
1120 0.893176 
1121 0.889787 
1122 0.886794 
1123 0.884205 
1124 0.882027 
1125 0.880265 
1126 0.878925 
1127 0.878007 
1128 0.877513 
1129 0.877442 
1130 0.877793 
1131 0.878562 
1132 0.879743 
1133 0.881332 
1134 0.883320 
1135 0.885699 
1136 0.888457 
1137 0.891584 
1138 0.895067 
1139 0.898893 
1140 0.903045 
1141 0.907508 
1142 0.912266 
1143 0.917300 
1144 0.922592 
1145 0.928122 
1146 0.933871 
1147 0.939816 
1148 0.945938 
1149 0.952214 
1150 0.958622 
1151 0.965140 
1152 0.971744 
1153 0.978413 
1154 0.985122 
1155 0.991849 
1156 0.998572 
1157 1.005267 
1158 1.011912 
1159 1.018484 
1160 1.024963 
1161 1.031325 
1162 1.037551 
1163 1.043620 
1164 1.049513 
1165 1.055210 
1166 1.060694 
1167 1.065946 
1168 1.070950 
1169 1.075691 
1170 1.080155 
1171 1.084326 
1172 1.088193 
1173 1.091745 
1174 1.094970 
1175 1.097860 
1176 1.100407 
1177 1.102603 
1178 1.104443 
1179 1.105922 
1180 1.107038 
1181 1.107788 
1182 1.108171 
1183 1.108188 
1184 1.107840 
1185 1.107132 
1186 1.106065 
1187 1.104647 
1188 1.102883 
1189 1.100781 
1190 1.098349 
1191 1.095598 
1192 1.092538 
1193 1.089182 
1194 1.085541 
1195 1.081630 
1196 1.077462 
1197 1.073054 
1198 1.068422 
1199 1.063582 
1200 1.058551 
1201 1.053349 
1202 1.047992 
1203 1.042501 
1204 1.036894 
1205 1.031191 
1206 1.025412 
1207 1.019577 
1208 1.013706 
1209 1.007820 
1210 1.001938 
1211 0.996081 
1212 0.990268 
1213 0.984519 
1214 0.978854 
1215 0.973291 
1216 0.967849 
1217 0.962546 
1218 0.957400 
1219 0.952426 
1220 0.947642 
1221 0.943063 
1222 0.938703 
1223 0.934577 
1224 0.930696 
1225 0.927074 
1226 0.923722 
1227 0.920648 
1228 0.917864 
1229 0.915376 
1230 0.913191 
1231 0.911316 
1232 0.909756 
1233 0.908513 
1234 0.907591 
1235 0.906992 
1236 0.906715 
1237 0.906760 
1238 0.907124 
1239 0.907806 
1240 0.908801 
1241 0.910104 
1242 0.911710 
1243 0.913610 
1244 0.915796 
1245 0.918261 
1246 0.920994 
1247 0.923984 
1248 0.927220 
1249 0.930690 
1250 0.934380 
1251 0.938277 
1252 0.942365 
1253 0.946632 
1254 0.951060 
1255 0.955635 
1256 0.960339 
1257 0.965156 
1258 0.970070 
1259 0.975062 
1260 0.980116 
1261 0.985214 
1262 0.990339 
1263 0.995472 
1264 1.000597 
1265 1.005697 
1266 1.010754 
1267 1.015751 
1268 1.020671 
1269 1.025499 
1270 1.030218 
1271 1.034813 
1272 1.039269 
1273 1.043572 
1274 1.047708 
1275 1.051664 
1276 1.055426 
1277 1.058985 
1278 1.062327 
1279 1.065444 
1280 1.068326 
1281 1.070964 
1282 1.073350 
1283 1.075479 
1284 1.077342 
1285 1.078937 
1286 1.080258 
1287 1.081303 
1288 1.082069 
1289 1.082555 
1290 1.082761 
1291 1.082687 
1292 1.082336 
1293 1.081709 
1294 1.080810 
1295 1.079644 
1296 1.078215 
1297 1.076530 
1298 1.074596 
1299 1.072420 
1300 1.070012 
1301 1.067380 
1302 1.064534 
1303 1.061486 
1304 1.058246 
1305 1.054826 
1306 1.051239 
1307 1.047499 
1308 1.043617 
1309 1.039609 
1310 1.035488 
1311 1.031269 
1312 1.026968 
1313 1.022598 
1314 1.018176 
1315 1.013716 
1316 1.009233 
1317 1.004745 
1318 1.000264 
1319 0.995808 
1320 0.991391 
1321 0.987027 
1322 0.982732 
1323 0.978520 
1324 0.974404 
1325 0.970398 
1326 0.966516 
1327 0.962770 
1328 0.959172 
1329 0.955734 
1330 0.952466 
1331 0.949379 
1332 0.946483 
1333 0.943786 
1334 0.941297 
1335 0.939022 
1336 0.936970 
1337 0.935145 
1338 0.933552 
1339 0.932197 
1340 0.931082 
1341 0.930209 
1342 0.929582 
1343 0.929200 
1344 0.929063 
1345 0.929171 
1346 0.929522 
1347 0.930114 
1348 0.930943 
1349 0.932006 
1350 0.933296 
1351 0.934810 
1352 0.936541 
1353 0.938481 
1354 0.940623 
1355 0.942958 
1356 0.945478 
1357 0.948173 
1358 0.951033 
1359 0.954048 
1360 0.957205 
1361 0.960495 
1362 0.963904 
1363 0.967422 
1364 0.971034 
1365 0.974729 
1366 0.978494 
1367 0.982314 
1368 0.986178 
1369 0.990072 
1370 0.993982 
1371 0.997895 
1372 1.001798 
1373 1.005677 
1374 1.009520 
1375 1.013313 
1376 1.017044 
1377 1.020701 
1378 1.024272 
1379 1.027744 
1380 1.031107 
1381 1.034350 
1382 1.037463 
1383 1.040434 
1384 1.043257 
1385 1.045920 
1386 1.048416 
1387 1.050738 
1388 1.052879 
1389 1.054832 
1390 1.056591 
1391 1.058151 
1392 1.059509 
1393 1.060660 
1394 1.061602 
1395 1.062333 
1396 1.062850 
1397 1.063154 
1398 1.063245 
1399 1.063122 
1400 1.062789 
1401 1.062246 
1402 1.061497 
1403 1.060545 
1404 1.059395 
1405 1.058051 
1406 1.056519 
1407 1.054805 
1408 1.052915 
1409 1.050858 
1410 1.048641 
1411 1.046272 
1412 1.043760 
1413 1.041114 
1414 1.038344 
1415 1.035461 
1416 1.032473 
1417 1.029392 
1418 1.026230 
1419 1.022996 
1420 1.019703 
1421 1.016362 
1422 1.012984 
1423 1.009582 
1424 1.006167 
1425 1.002750 
1426 0.999343 
1427 0.995959 
1428 0.992608 
1429 0.989301 
1430 0.986050 
1431 0.982865 
1432 0.979757 
1433 0.976736 
1434 0.973812 
1435 0.970995 
1436 0.968293 
1437 0.965715 
1438 0.963269 
1439 0.960964 
1440 0.958805 
1441 0.956801 
1442 0.954955 
1443 0.953276 
1444 0.951766 
1445 0.950431 
1446 0.949273 
1447 0.948297 
1448 0.947505 
1449 0.946897 
1450 0.946476 
1451 0.946242 
1452 0.946195 
1453 0.946333 
1454 0.946656 
1455 0.947161 
1456 0.947846 
1457 0.948708 
1458 0.949742 
1459 0.950944 
1460 0.952310 
1461 0.953833 
1462 0.955509 
1463 0.957329 
1464 0.959288 
1465 0.961377 
1466 0.963590 
1467 0.965918 
1468 0.968352 
1469 0.970884 
1470 0.973504 
1471 0.976204 
1472 0.978973 
1473 0.981802 
1474 0.984680 
1475 0.987599 
1476 0.990547 
1477 0.993514 
1478 0.996491 
1479 0.999467 
1480 1.002432 
1481 1.005376 
1482 1.008289 
1483 1.011162 
1484 1.013984 
1485 1.016747 
1486 1.019441 
1487 1.022058 
1488 1.024590 
1489 1.027027 
1490 1.029362 
1491 1.031588 
1492 1.033698 
1493 1.035686 
1494 1.037544 
1495 1.039268 
1496 1.040852 
1497 1.042292 
1498 1.043583 
1499 1.044722 
1500 1.045707 
1501 1.046533 
1502 1.047199 
1503 1.047704 
1504 1.048048 
1505 1.048228 
1506 1.048247 
1507 1.048104 
1508 1.047800 
1509 1.047339 
1510 1.046721 
1511 1.045950 
1512 1.045030 
1513 1.043963 
1514 1.042756 
1515 1.041411 
1516 1.039935 
1517 1.038334 
1518 1.036612 
1519 1.034778 
1520 1.032837 
1521 1.030796 
1522 1.028664 
1523 1.026448 
1524 1.024155 
1525 1.021795 
1526 1.019375 
1527 1.016903 
1528 1.014390 
1529 1.011842 
1530 1.009270 
1531 1.006682 
1532 1.004086 
1533 1.001493 
1534 0.998910 
1535 0.996346 
1536 0.993811 
1537 0.991312 
1538 0.988857 
1539 0.986456 
1540 0.984115 
1541 0.981843 
1542 0.979647 
1543 0.977534 
1544 0.975510 
1545 0.973583 
1546 0.971758 
1547 0.970041 
1548 0.968437 
1549 0.966952 
1550 0.965589 
1551 0.964353 
1552 0.963247 
1553 0.962274 
1554 0.961437 
1555 0.960738 
1556 0.960179 
1557 0.959762 
1558 0.959485 
1559 0.959351 
1560 0.959358 
1561 0.959506 
1562 0.959793 
1563 0.960219 
1564 0.960780 
1565 0.961474 
1566 0.962298 
1567 0.963249 
1568 0.964322 
1569 0.965514 
1570 0.966819 
1571 0.968233 
1572 0.969751 
1573 0.971365 
1574 0.973072 
1575 0.974863 
1576 0.976734 
1577 0.978676 
1578 0.980683 
1579 0.982747 
1580 0.984863 
1581 0.987021 
1582 0.989214 
1583 0.991435 
1584 0.993676 
1585 0.995930 
1586 0.998188 
1587 1.000443 
1588 1.002687 
1589 1.004913 
1590 1.007113 
1591 1.009280 
1592 1.011407 
1593 1.013486 
1594 1.015511 
1595 1.017475 
1596 1.019372 
1597 1.021196 
1598 1.022941 
1599 1.024602 
1600 1.026173 
1601 1.027649 
1602 1.029026 
1603 1.030300 
1604 1.031467 
1605 1.032523 
1606 1.033466 
1607 1.034293 
1608 1.035001 
1609 1.035590 
1610 1.036057 
1611 1.036402 
1612 1.036624 
1613 1.036723 
1614 1.036699 
1615 1.036553 
1616 1.036286 
1617 1.035900 
1618 1.035396 
1619 1.034777 
1620 1.034046 
1621 1.033205 
1622 1.032259 
1623 1.031210 
1624 1.030063 
1625 1.028822 
1626 1.027493 
1627 1.026079 
1628 1.024586 
1629 1.023020 
1630 1.021387 
1631 1.019691 
1632 1.017940 
1633 1.016140 
1634 1.014296 
1635 1.012416 
1636 1.010506 
1637 1.008572 
1638 1.006622 
1639 1.004662 
1640 1.002699 
1641 1.000739 
1642 0.998789 
1643 0.996856 
1644 0.994946 
1645 0.993066 
1646 0.991222 
1647 0.989419 
1648 0.987665 
1649 0.985964 
1650 0.984322 
1651 0.982745 
1652 0.981237 
1653 0.979803 
1654 0.978448 
1655 0.977176 
1656 0.975991 
1657 0.974897 
1658 0.973896 
1659 0.972991 
1660 0.972186 
1661 0.971483 
1662 0.970882 
1663 0.970387 
1664 0.969997 
1665 0.969714 
1666 0.969538 
1667 0.969470 
1668 0.969508 
1669 0.969652 
1670 0.969902 
1671 0.970255 
1672 0.970710 
1673 0.971265 
1674 0.971917 
1675 0.972663 
1676 0.973502 
1677 0.974428 
1678 0.975439 
1679 0.976531 
1680 0.977700 
1681 0.978940 
1682 0.980248 
1683 0.981619 
1684 0.983047 
1685 0.984528 
1686 0.986056 
1687 0.987626 
1688 0.989232 
1689 0.990869 
1690 0.992530 
1691 0.994211 
1692 0.995904 
1693 0.997605 
1694 0.999307 
1695 1.001006 
1696 1.002694 
1697 1.004366 
1698 1.006017 
1699 1.007641 
1700 1.009233 
1701 1.010788 
1702 1.012300 
1703 1.013765 
1704 1.015178 
1705 1.016534 
1706 1.017829 
1707 1.019060 
1708 1.020221 
1709 1.021310 
1710 1.022324 
1711 1.023258 
1712 1.024111 
1713 1.024881 
1714 1.025564 
1715 1.026159 
1716 1.026665 
1717 1.027080 
1718 1.027404 
1719 1.027635 
1720 1.027773 
1721 1.027819 
1722 1.027773 
1723 1.027635 
1724 1.027407 
1725 1.027089 
1726 1.026684 
1727 1.026192 
1728 1.025617 
1729 1.024960 
1730 1.024224 
1731 1.023413 
1732 1.022528 
1733 1.021575 
1734 1.020555 
1735 1.019474 
1736 1.018335 
1737 1.017142 
1738 1.015899 
1739 1.014612 
1740 1.013284 
1741 1.011921 
1742 1.010527 
1743 1.009107 
1744 1.007666 
1745 1.006210 
1746 1.004742 
1747 1.003269 
1748 1.001795 
1749 1.000325 
1750 0.998865 
1751 0.997419 
1752 0.995992 
1753 0.994589 
1754 0.993214 
1755 0.991872 
1756 0.990568 
1757 0.989305 
1758 0.988088 
1759 0.986921 
1760 0.985807 
1761 0.984750 
1762 0.983753 
1763 0.982819 
1764 0.981952 
1765 0.981153 
1766 0.980425 
1767 0.979770 
1768 0.979191 
1769 0.978687 
1770 0.978262 
1771 0.977916 
1772 0.977649 
1773 0.977462 
1774 0.977355 
1775 0.977329 
1776 0.977382 
1777 0.977515 
1778 0.977726 
1779 0.978014 
1780 0.978378 
1781 0.978816 
1782 0.979326 
1783 0.979906 
1784 0.980554 
1785 0.981267 
1786 0.982042 
1787 0.982876 
1788 0.983766 
1789 0.984710 
1790 0.985702 
1791 0.986740 
1792 0.987820 
1793 0.988937 
1794 0.990089 
1795 0.991270 
1796 0.992477 
1797 0.993705 
1798 0.994950 
1799 0.996208 
1800 0.997474 
1801 0.998745 
1802 1.000015 
1803 1.001280 
1804 1.002536 
1805 1.003779 
1806 1.005005 
1807 1.006210 
1808 1.007389 
1809 1.008540 
1810 1.009657 
1811 1.010738 
1812 1.011779 
1813 1.012776 
1814 1.013727 
1815 1.014629 
1816 1.015479 
1817 1.016273 
1818 1.017011 
1819 1.017689 
1820 1.018306 
1821 1.018860 
1822 1.019349 
1823 1.019773 
1824 1.020129 
1825 1.020418 
1826 1.020638 
1827 1.020789 
1828 1.020871 
1829 1.020884 
1830 1.020829 
1831 1.020706 
1832 1.020515 
1833 1.020259 
1834 1.019937 
1835 1.019552 
1836 1.019106 
1837 1.018599 
1838 1.018034 
1839 1.017414 
1840 1.016740 
1841 1.016016 
1842 1.015244 
1843 1.014427 
1844 1.013568 
1845 1.012670 
1846 1.011737 
1847 1.010771 
1848 1.009777 
1849 1.008758 
1850 1.007717 
1851 1.006658 
1852 1.005586 
1853 1.004503 
1854 1.003413 
1855 1.002321 
1856 1.001229 
1857 1.000142 
1858 0.999063 
1859 0.997997 
1860 0.996945 
1861 0.995913 
1862 0.994903 
1863 0.993919 
1864 0.992964 
1865 0.992041 
1866 0.991153 
1867 0.990302 
1868 0.989493 
1869 0.988726 
1870 0.988004 
1871 0.987331 
1872 0.986706 
1873 0.986133 
1874 0.985614 
1875 0.985148 
1876 0.984739 
1877 0.984386 
1878 0.984091 
1879 0.983855 
1880 0.983677 
1881 0.983558 
1882 0.983498 
1883 0.983497 
1884 0.983555 
1885 0.983671 
1886 0.983844 
1887 0.984074 
1888 0.984358 
1889 0.984697 
1890 0.985088 
1891 0.985530 
1892 0.986020 
1893 0.986558 
1894 0.987141 
1895 0.987766 
1896 0.988432 
1897 0.989135 
1898 0.989874 
1899 0.990645 
1900 0.991446 
1901 0.992273 
1902 0.993124 
1903 0.993997 
1904 0.994886 
1905 0.995791 
1906 0.996707 
1907 0.997631 
1908 0.998560 
1909 0.999492 
1910 1.000422 
1911 1.001347 
1912 1.002265 
1913 1.003173 
1914 1.004067 
1915 1.004945 
1916 1.005803 
1917 1.006639 
1918 1.007450 
1919 1.008234 
1920 1.008987 
1921 1.009708 
1922 1.010395 
1923 1.011044 
1924 1.011655 
1925 1.012225 
1926 1.012752 
1927 1.013236 
1928 1.013674 
1929 1.014066 
1930 1.014409 
1931 1.014704 
1932 1.014950 
1933 1.015146 
1934 1.015292 
1935 1.015387 
1936 1.015431 
1937 1.015425 
1938 1.015369 
1939 1.015263 
1940 1.015109 
1941 1.014906 
1942 1.014656 
1943 1.014360 
1944 1.014020 
1945 1.013636 
1946 1.013211 
1947 1.012746 
1948 1.012242 
1949 1.011703 
1950 1.011129 
1951 1.010524 
1952 1.009890 
1953 1.009228 
1954 1.008541 
1955 1.007832 
1956 1.007104 
1957 1.006359 
1958 1.005599 
1959 1.004828 
1960 1.004048 
1961 1.003262 
1962 1.002473 
1963 1.001683 
1964 1.000895 
1965 1.000112 
1966 0.999336 
1967 0.998570 
1968 0.997817 
1969 0.997079 
1970 0.996358 
1971 0.995657 
1972 0.994978 
1973 0.994323 
1974 0.993694 
1975 0.993094 
1976 0.992524 
1977 0.991985 
1978 0.991480 
1979 0.991009 
1980 0.990575 
1981 0.990178 
1982 0.989819 
1983 0.989500 
1984 0.989221 
1985 0.988983 
1986 0.988786 
1987 0.988630 
1988 0.988517 
1989 0.988445 
1990 0.988416 
1991 0.988428 
1992 0.988481 
1993 0.988576 
1994 0.988710 
1995 0.988885 
1996 0.989098 
1997 0.989348 
1998 0.989636 
1999 0.989958 
