0.088976 0.088976 0.088975 
0.081099 0.081099 0.081099 
0.073920 0.073920 0.073920 
0.067376 0.067376 0.067376 
0.061412 0.061412 0.061412 
0.055975 0.055975 0.055975 
0.051020 0.051020 0.051020 
0.046504 0.046504 0.046504 
0.042387 0.042387 0.042387 
0.038635 0.038635 0.038635 
0.035215 0.035215 0.035215 
0.032097 0.032097 0.032097 
0.029256 0.029256 0.029256 
0.026666 0.026666 0.026666 
0.024305 0.024305 0.024306 
0.022154 0.022154 0.022154 
0.020193 0.020193 0.020193 
0.018405 0.018405 0.018405 
0.016776 0.016776 0.016776 
0.015291 0.015291 0.015291 
0.013937 0.013937 0.013937 
0.012703 0.012703 0.012703 
0.011579 0.011579 0.011579 
0.010554 0.010554 0.010554 
0.009620 0.009620 0.009620 
0.008768 0.008768 0.008768 
0.007992 0.007992 0.007992 
0.007284 0.007284 0.007284 
0.006640 0.006640 0.006640 
0.006052 0.006052 0.006052 
0.005516 0.005516 0.005516 
0.005028 0.005028 0.005028 
0.004583 0.004583 0.004583 
0.004177 0.004177 0.004177 
0.003807 0.003807 0.003807 
0.003470 0.003470 0.003470 
0.003163 0.003163 0.003163 
0.002883 0.002883 0.002883 
0.002628 0.002628 0.002628 
0.002395 0.002395 0.002395 
0.002183 0.002183 0.002183 
0.001990 0.001990 0.001990 
0.001814 0.001814 0.001814 
0.001653 0.001653 0.001653 
0.001507 0.001507 0.001507 
0.001373 0.001373 0.001373 
0.001252 0.001252 0.001252 
0.001141 0.001141 0.001141 
0.001040 0.001040 0.001040 
0.000948 0.000948 0.000948 
0.000864 0.000864 0.000864 
0.000788 0.000788 0.000788 
0.000718 0.000718 0.000718 
0.000654 0.000654 0.000654 
0.000596 0.000596 0.000596 
0.000544 0.000544 0.000544 
0.000495 0.000495 0.000495 
