0 0.000000 
1 0.000000 
2 0.000000 
3 0.000000 
4 0.000000 
5 0.000000 
6 0.000000 
7 0.000000 
8 0.000000 
9 0.000000 
10 0.000000 
11 0.000000 
12 0.000000 
13 0.000000 
14 0.000000 
15 0.000000 
16 0.000000 
17 0.000000 
18 0.000000 
19 0.000000 
20 0.000000 
21 0.000000 
22 0.000000 
23 0.000000 
24 0.000000 
25 0.000000 
26 0.000000 
27 0.000000 
28 0.000000 
29 0.000000 
30 0.000000 
31 0.000000 
32 0.000000 
33 0.000000 
34 0.000000 
35 0.000000 
36 0.000000 
37 0.000000 
38 0.000000 
39 0.000000 
40 0.000000 
41 0.000000 
42 0.000000 
43 0.000000 
44 0.000000 
45 0.000000 
46 0.000000 
47 0.000000 
48 0.000000 
49 0.000000 
50 0.000000 
51 0.000000 
52 0.000000 
53 0.000000 
54 0.000000 
55 0.000000 
56 0.000000 
57 0.000000 
58 0.000000 
59 0.000000 
60 0.000000 
61 0.000000 
62 0.000000 
63 0.000000 
64 0.000000 
65 0.000000 
66 0.000000 
67 0.000000 
68 0.000000 
69 0.000000 
70 0.000000 
71 0.000000 
72 0.000000 
73 0.000000 
74 0.000000 
75 0.000000 
76 0.000000 
77 0.000000 
78 0.000000 
79 0.000000 
80 0.000000 
81 0.000000 
82 0.000000 
83 0.000000 
84 0.000000 
85 0.000000 
86 0.000000 
87 0.000000 
88 0.000000 
89 0.000000 
90 0.000000 
91 3.312838 
92 5.132267 
93 6.025263 
94 6.351106 
95 6.336825 
96 6.125296 
97 5.805896 
98 5.434036 
99 5.043609 
100 4.654909 
101 4.279680 
102 3.924315 
103 3.591893 
104 3.283469 
105 2.998885 
106 2.737287 
107 2.497438 
108 2.277925 
109 2.077272 
110 1.894018 
111 1.726754 
112 1.574149 
113 1.434959 
114 1.308031 
115 1.192302 
116 1.086793 
117 0.990610 
118 0.902931 
119 0.823009 
120 0.750157 
121 0.683753 
122 0.623226 
123 0.568056 
124 0.517769 
125 0.471934 
126 0.430156 
127 0.392077 
128 0.357369 
129 0.325733 
130 0.296898 
131 0.270615 
132 0.246660 
133 0.224824 
134 0.204922 
135 0.186782 
136 0.170248 
137 0.155177 
138 0.141440 
139 0.128920 
140 0.117508 
141 0.107106 
142 0.097625 
143 0.088983 
144 0.081106 
145 0.073927 
146 0.067383 
147 0.061418 
148 0.039169 
149 0.024979 
150 0.015930 
151 0.010159 
152 0.006479 
153 0.004132 
154 0.002635 
155 0.001680 
156 0.001072 
157 0.000683 
158 0.000436 
159 0.000278 
160 0.000177 
161 0.000113 
162 0.000072 
163 0.000046 
164 0.000029 
165 0.000019 
166 0.000012 
167 0.000008 
168 0.000005 
169 0.000003 
170 0.000002 
171 0.000001 
172 0.000001 
173 0.000001 
174 0.000000 
175 0.000000 
176 0.000000 
177 0.000000 
178 0.000000 
179 0.000000 
180 0.000000 
181 0.000000 
182 0.106786 
183 0.330866 
184 0.644728 
185 1.011215 
186 1.396079 
187 1.772465 
188 2.121556 
189 2.431599 
190 2.696415 
191 2.913920 
192 3.084854 
193 3.211778 
194 3.298335 
195 3.348710 
196 3.367263 
197 3.358291 
198 3.325876 
199 3.273797 
200 3.205490 
201 3.124033 
202 3.032154 
203 2.932243 
204 2.826382 
205 2.716365 
206 2.603730 
207 2.489785 
208 2.375632 
209 2.262193 
210 2.150232 
211 2.040371 
212 1.933114 
213 1.828860 
214 1.727917 
215 1.630515 
216 1.536817 
217 1.446931 
218 1.360916 
219 1.278791 
220 1.200541 
221 1.126125 
222 1.055475 
223 0.988510 
224 0.925129 
225 0.865224 
226 0.808675 
227 0.755357 
228 0.705143 
229 0.657900 
230 0.613495 
231 0.571797 
232 0.532674 
233 0.495996 
234 0.461639 
235 0.429477 
236 0.399393 
237 0.371269 
238 0.344995 
239 0.319379 
240 0.294213 
241 0.269678 
242 0.246057 
243 0.223608 
244 0.202519 
245 0.182902 
246 0.164799 
247 0.148200 
248 0.133060 
249 0.119307 
250 0.106853 
251 0.095606 
252 0.085468 
253 0.076347 
254 0.068150 
255 0.060792 
256 0.054194 
257 0.048281 
258 0.042986 
259 0.038248 
260 0.034009 
261 0.030220 
262 0.026835 
263 0.023811 
264 0.021112 
265 0.018704 
266 0.016557 
267 0.014644 
268 0.012939 
269 0.011421 
270 0.010071 
271 0.008870 
272 0.007803 
273 0.010297 
274 0.022011 
275 0.048831 
276 0.095392 
277 0.164344 
278 0.256239 
279 0.369779 
280 0.502258 
281 0.650038 
282 0.808987 
283 0.974844 
284 1.143491 
285 1.311145 
286 1.474472 
287 1.630644 
288 1.777363 
289 1.912838 
290 2.035755 
291 2.145229 
292 2.240755 
293 2.322148 
294 2.389496 
295 2.443109 
296 2.483475 
297 2.511218 
298 2.527061 
299 2.531801 
300 2.526278 
301 2.511358 
302 2.487913 
303 2.456807 
304 2.418884 
305 2.374962 
306 2.325821 
307 2.272202 
308 2.214802 
309 2.154273 
310 2.091218 
311 2.026196 
312 1.959716 
313 1.892244 
314 1.824201 
315 1.755964 
316 1.687873 
317 1.620227 
318 1.553292 
319 1.487297 
320 1.422442 
321 1.358900 
322 1.296814 
323 1.236304 
324 1.177470 
325 1.120388 
326 1.065120 
327 1.011709 
328 0.960183 
329 0.910559 
330 0.862790 
331 0.816782 
332 0.772431 
333 0.729645 
334 0.688355 
335 0.648516 
336 0.610110 
337 0.573133 
338 0.537596 
339 0.503511 
340 0.470892 
341 0.439750 
342 0.410087 
343 0.381901 
344 0.355181 
345 0.329906 
346 0.306050 
347 0.283581 
348 0.262457 
349 0.242637 
350 0.224072 
351 0.206712 
352 0.190504 
353 0.175394 
354 0.161328 
355 0.148252 
356 0.136111 
357 0.124853 
358 0.114425 
359 0.104778 
360 0.095862 
361 0.087630 
362 0.080039 
363 0.073044 
364 0.066717 
365 0.061372 
366 0.057648 
367 0.056500 
368 0.059122 
369 0.066825 
370 0.080905 
371 0.102523 
372 0.132602 
373 0.171768 
374 0.220316 
375 0.278206 
376 0.345081 
377 0.420308 
378 0.503018 
379 0.592162 
380 0.686560 
381 0.784954 
382 0.886050 
383 0.988558 
384 1.091229 
385 1.192878 
386 1.292405 
387 1.388813 
388 1.481214 
389 1.568837 
390 1.651030 
391 1.727255 
392 1.797090 
393 1.860218 
394 1.916422 
395 1.965580 
396 2.007652 
397 2.042673 
398 2.070746 
399 2.092032 
400 2.106739 
401 2.115120 
402 2.117460 
403 2.114071 
404 2.105287 
405 2.091455 
406 2.072934 
407 2.050088 
408 2.023279 
409 1.992870 
410 1.959217 
411 1.922667 
412 1.883557 
413 1.842213 
414 1.798946 
415 1.754052 
416 1.707813 
417 1.660494 
418 1.612343 
419 1.563592 
420 1.514456 
421 1.465133 
422 1.415798 
423 1.366604 
424 1.317683 
425 1.269147 
426 1.221094 
427 1.173605 
428 1.126753 
429 1.080606 
430 1.035223 
431 0.990662 
432 0.946976 
433 0.904216 
434 0.862431 
435 0.821666 
436 0.781963 
437 0.743359 
438 0.705888 
439 0.669578 
440 0.634454 
441 0.600533 
442 0.567830 
443 0.536351 
444 0.506100 
445 0.477076 
446 0.449271 
447 0.422674 
448 0.397271 
449 0.373042 
450 0.349967 
451 0.328019 
452 0.307171 
453 0.287394 
454 0.268656 
455 0.250928 
456 0.234192 
457 0.218460 
458 0.203789 
459 0.190300 
460 0.178190 
461 0.167735 
462 0.159285 
463 0.153252 
464 0.150091 
465 0.150277 
466 0.154279 
467 0.162537 
468 0.175439 
469 0.193304 
470 0.216364 
471 0.244758 
472 0.278521 
473 0.317593 
474 0.361809 
475 0.410917 
476 0.464578 
477 0.522381 
478 0.583854 
479 0.648475 
480 0.715686 
481 0.784903 
482 0.855530 
483 0.926971 
484 0.998633 
485 1.069945 
486 1.140357 
487 1.209349 
488 1.276437 
489 1.341178 
490 1.403168 
491 1.462051 
492 1.517513 
493 1.569287 
494 1.617152 
495 1.660930 
496 1.700486 
497 1.735724 
498 1.766590 
499 1.793062 
500 1.815153 
501 1.832907 
502 1.846394 
503 1.855709 
504 1.860970 
505 1.862312 
506 1.859887 
507 1.853862 
508 1.844412 
509 1.831724 
510 1.815991 
511 1.797408 
512 1.776177 
513 1.752497 
514 1.726568 
515 1.698586 
516 1.668744 
517 1.637226 
518 1.604213 
519 1.569876 
520 1.534377 
521 1.497873 
522 1.460510 
523 1.422430 
524 1.383764 
525 1.344639 
526 1.305174 
527 1.265483 
528 1.225675 
529 1.185850 
530 1.146107 
531 1.106537 
532 1.067227 
533 1.028257 
534 0.989705 
535 0.951641 
536 0.914131 
537 0.877235 
538 0.841010 
539 0.805504 
540 0.770764 
541 0.736828 
542 0.703732 
543 0.671505 
544 0.640173 
545 0.609757 
546 0.580271 
547 0.551730 
548 0.524144 
549 0.497523 
550 0.471882 
551 0.447243 
552 0.423641 
553 0.401129 
554 0.379780 
555 0.359695 
556 0.340998 
557 0.323842 
558 0.308403 
559 0.294880 
560 0.283485 
561 0.274444 
562 0.267982 
563 0.264323 
564 0.263677 
565 0.266236 
566 0.272167 
567 0.281605 
568 0.294650 
569 0.311364 
570 0.331764 
571 0.355828 
572 0.383489 
573 0.414639 
574 0.449128 
575 0.486770 
576 0.527344 
577 0.570599 
578 0.616256 
579 0.664016 
580 0.713560 
581 0.764558 
582 0.816671 
583 0.869555 
584 0.922867 
585 0.976268 
586 1.029425 
587 1.082016 
588 1.133735 
589 1.184287 
590 1.233399 
591 1.280817 
592 1.326305 
593 1.369653 
594 1.410672 
595 1.449194 
596 1.485078 
597 1.518202 
598 1.548470 
599 1.575805 
600 1.600152 
601 1.621479 
602 1.639768 
603 1.655025 
604 1.667268 
605 1.676533 
606 1.682870 
607 1.686341 
608 1.687022 
609 1.684996 
610 1.680355 
611 1.673200 
612 1.663636 
613 1.651774 
614 1.637729 
615 1.621617 
616 1.603556 
617 1.583668 
618 1.562071 
619 1.538886 
620 1.514232 
621 1.488227 
622 1.460988 
623 1.432631 
624 1.403268 
625 1.373010 
626 1.341965 
627 1.310239 
628 1.277934 
629 1.245150 
630 1.211983 
631 1.178526 
632 1.144867 
633 1.111093 
634 1.077285 
635 1.043519 
636 1.009871 
637 0.976409 
638 0.943199 
639 0.910301 
640 0.877773 
641 0.845668 
642 0.814037 
643 0.782928 
644 0.752389 
645 0.722465 
646 0.693208 
647 0.664669 
648 0.636906 
649 0.609985 
650 0.583977 
651 0.558967 
652 0.535045 
653 0.512316 
654 0.490890 
655 0.470890 
656 0.452444 
657 0.435686 
658 0.420753 
659 0.407784 
660 0.396914 
661 0.388274 
662 0.381988 
663 0.378167 
664 0.376911 
665 0.378302 
666 0.382407 
667 0.389271 
668 0.398918 
669 0.411352 
670 0.426552 
671 0.444476 
672 0.465059 
673 0.488213 
674 0.513831 
675 0.541785 
676 0.571927 
677 0.604096 
678 0.638112 
679 0.673786 
680 0.710915 
681 0.749289 
682 0.788690 
683 0.828899 
684 0.869690 
685 0.910841 
686 0.952129 
687 0.993334 
688 1.034245 
689 1.074652 
690 1.114359 
691 1.153175 
692 1.190920 
693 1.227428 
694 1.262541 
695 1.296118 
696 1.328027 
697 1.358152 
698 1.386390 
699 1.412651 
700 1.436859 
701 1.458951 
702 1.478877 
703 1.496600 
704 1.512094 
705 1.525345 
706 1.536351 
707 1.545117 
708 1.551662 
709 1.556010 
710 1.558195 
711 1.558258 
712 1.556247 
713 1.552217 
714 1.546226 
715 1.538340 
716 1.528627 
717 1.517161 
718 1.504016 
719 1.489271 
720 1.473009 
721 1.455311 
722 1.436263 
723 1.415949 
724 1.394455 
725 1.371868 
726 1.348275 
727 1.323760 
728 1.298410 
729 1.272308 
730 1.245537 
731 1.218180 
732 1.190315 
733 1.162021 
734 1.133373 
735 1.104446 
736 1.075312 
737 1.046040 
738 1.016699 
739 0.987357 
740 0.958080 
741 0.928934 
742 0.899987 
743 0.871307 
744 0.842964 
745 0.815029 
746 0.787578 
747 0.760690 
748 0.734447 
749 0.708936 
750 0.684249 
751 0.660478 
752 0.637723 
753 0.616083 
754 0.595662 
755 0.576563 
756 0.558889 
757 0.542744 
758 0.528227 
759 0.515434 
760 0.504455 
761 0.495376 
762 0.488271 
763 0.483208 
764 0.480244 
765 0.479423 
766 0.480780 
767 0.484333 
768 0.490091 
769 0.498047 
770 0.508179 
771 0.520452 
772 0.534819 
773 0.551217 
774 0.569570 
775 0.589793 
776 0.611785 
777 0.635436 
778 0.660628 
779 0.687231 
780 0.715110 
781 0.744122 
782 0.774119 
783 0.804950 
784 0.836458 
785 0.868488 
786 0.900881 
787 0.933481 
788 0.966132 
789 0.998682 
790 1.030980 
791 1.062882 
792 1.094248 
793 1.124943 
794 1.154840 
795 1.183819 
796 1.211765 
797 1.238575 
798 1.264151 
799 1.288404 
800 1.311255 
801 1.332631 
802 1.352470 
803 1.370717 
804 1.387326 
805 1.402260 
806 1.415490 
807 1.426992 
808 1.436754 
809 1.444768 
810 1.451034 
811 1.455560 
812 1.458358 
813 1.459447 
814 1.458852 
815 1.456603 
816 1.452735 
817 1.447287 
818 1.440302 
819 1.431827 
820 1.421913 
821 1.410613 
822 1.397985 
823 1.384086 
824 1.368977 
825 1.352720 
826 1.335380 
827 1.317021 
828 1.297708 
829 1.277510 
830 1.256491 
831 1.234720 
832 1.212264 
833 1.189189 
834 1.165565 
835 1.141458 
836 1.116937 
837 1.092071 
838 1.066928 
839 1.041579 
840 1.016095 
841 0.990548 
842 0.965012 
843 0.939563 
844 0.914278 
845 0.889237 
846 0.864519 
847 0.840210 
848 0.816393 
849 0.793154 
850 0.770582 
851 0.748764 
852 0.727790 
853 0.707747 
854 0.688724 
855 0.670807 
856 0.654079 
857 0.638623 
858 0.624515 
859 0.611830 
860 0.600635 
861 0.590992 
862 0.582958 
863 0.576580 
864 0.571901 
865 0.568951 
866 0.567756 
867 0.568331 
868 0.570681 
869 0.574802 
870 0.580681 
871 0.588296 
872 0.597614 
873 0.608595 
874 0.621187 
875 0.635331 
876 0.650962 
877 0.668003 
878 0.686374 
879 0.705984 
880 0.726742 
881 0.748545 
882 0.771291 
883 0.794871 
884 0.819175 
885 0.844088 
886 0.869496 
887 0.895282 
888 0.921330 
889 0.947525 
890 0.973751 
891 0.999897 
892 1.025850 
893 1.051504 
894 1.076753 
895 1.101497 
896 1.125640 
897 1.149090 
898 1.171759 
899 1.193566 
900 1.214434 
901 1.234293 
902 1.253077 
903 1.270727 
904 1.287189 
905 1.302416 
906 1.316366 
907 1.329004 
908 1.340299 
909 1.350227 
910 1.358770 
911 1.365915 
912 1.371653 
913 1.375983 
914 1.378906 
915 1.380429 
916 1.380565 
917 1.379329 
918 1.376742 
919 1.372827 
920 1.367612 
921 1.361129 
922 1.353410 
923 1.344494 
924 1.334420 
925 1.323231 
926 1.310970 
927 1.297686 
928 1.283426 
929 1.268241 
930 1.252183 
931 1.235307 
932 1.217667 
933 1.199322 
934 1.180328 
935 1.160747 
936 1.140640 
937 1.120071 
938 1.099103 
939 1.077804 
940 1.056241 
941 1.034485 
942 1.012605 
943 0.990675 
944 0.968769 
945 0.946962 
946 0.925331 
947 0.903952 
948 0.882905 
949 0.862266 
950 0.842116 
951 0.822532 
952 0.803592 
953 0.785372 
954 0.767948 
955 0.751393 
956 0.735777 
957 0.721168 
958 0.707631 
959 0.695225 
960 0.684008 
961 0.674031 
962 0.665341 
963 0.657977 
964 0.651976 
965 0.647366 
966 0.644169 
967 0.642402 
968 0.642074 
969 0.643186 
970 0.645734 
971 0.649707 
972 0.655086 
973 0.661846 
974 0.669954 
975 0.679373 
976 0.690058 
977 0.701959 
978 0.715020 
979 0.729179 
980 0.744371 
981 0.760526 
982 0.777569 
983 0.795423 
984 0.814006 
985 0.833236 
986 0.853027 
987 0.873292 
988 0.893942 
989 0.914890 
990 0.936046 
991 0.957322 
992 0.978629 
993 0.999881 
994 1.020992 
995 1.041880 
996 1.062462 
997 1.082659 
998 1.102397 
999 1.121602 
1000 1.140204 
1001 1.158138 
1002 1.175342 
1003 1.191757 
1004 1.207330 
1005 1.222009 
1006 1.235750 
1007 1.248510 
1008 1.260252 
1009 1.270945 
1010 1.280558 
1011 1.289069 
1012 1.296457 
1013 1.302706 
1014 1.307805 
1015 1.311748 
1016 1.314529 
1017 1.316150 
1018 1.316615 
1019 1.315931 
1020 1.314111 
1021 1.311168 
1022 1.307121 
1023 1.301990 
1024 1.295799 
1025 1.288576 
1026 1.280350 
1027 1.271152 
1028 1.261019 
1029 1.249987 
1030 1.238097 
1031 1.225389 
1032 1.211908 
1033 1.197702 
1034 1.182818 
1035 1.167307 
1036 1.151223 
1037 1.134619 
1038 1.117553 
1039 1.100082 
1040 1.082268 
1041 1.064172 
1042 1.045858 
1043 1.027389 
1044 1.008832 
1045 0.990254 
1046 0.971722 
1047 0.953305 
1048 0.935071 
1049 0.917090 
1050 0.899428 
1051 0.882156 
1052 0.865339 
1053 0.849045 
1054 0.833336 
1055 0.818278 
1056 0.803929 
1057 0.790349 
1058 0.777594 
1059 0.765714 
1060 0.754761 
1061 0.744778 
1062 0.735807 
1063 0.727886 
1064 0.721047 
1065 0.715317 
1066 0.710721 
1067 0.707276 
1068 0.704995 
1069 0.703886 
1070 0.703952 
1071 0.705190 
1072 0.707592 
1073 0.711145 
1074 0.715830 
1075 0.721625 
1076 0.728502 
1077 0.736427 
1078 0.745364 
1079 0.755270 
1080 0.766101 
1081 0.777808 
1082 0.790336 
1083 0.803632 
1084 0.817635 
1085 0.832285 
1086 0.847517 
1087 0.863267 
1088 0.879468 
1089 0.896051 
1090 0.912947 
1091 0.930087 
1092 0.947401 
1093 0.964819 
1094 0.982271 
1095 0.999690 
1096 1.017006 
1097 1.034155 
1098 1.051071 
1099 1.067690 
1100 1.083951 
1101 1.099796 
1102 1.115168 
1103 1.130012 
1104 1.144277 
1105 1.157915 
1106 1.170879 
1107 1.183128 
1108 1.194621 
1109 1.205323 
1110 1.215200 
1111 1.224223 
1112 1.232367 
1113 1.239607 
1114 1.245924 
1115 1.251303 
1116 1.255730 
1117 1.259196 
1118 1.261695 
1119 1.263224 
1120 1.263782 
1121 1.263374 
1122 1.262005 
1123 1.259685 
1124 1.256427 
1125 1.252246 
1126 1.247159 
1127 1.241189 
1128 1.234358 
1129 1.226692 
1130 1.218222 
1131 1.208978 
1132 1.198994 
1133 1.188306 
1134 1.176954 
1135 1.164978 
1136 1.152422 
1137 1.139329 
1138 1.125749 
1139 1.111728 
1140 1.097320 
1141 1.082574 
1142 1.067547 
1143 1.052291 
1144 1.036865 
1145 1.021324 
1146 1.005727 
1147 0.990132 
1148 0.974598 
1149 0.959184 
1150 0.943949 
1151 0.928951 
1152 0.914247 
1153 0.899896 
1154 0.885952 
1155 0.872469 
1156 0.859501 
1157 0.847099 
1158 0.835311 
1159 0.824183 
1160 0.813759 
1161 0.804080 
1162 0.795183 
1163 0.787104 
1164 0.779874 
1165 0.773519 
1166 0.768064 
1167 0.763530 
1168 0.759931 
1169 0.757281 
1170 0.755587 
1171 0.754853 
1172 0.755080 
1173 0.756263 
1174 0.758394 
1175 0.761461 
1176 0.765447 
1177 0.770334 
1178 0.776096 
1179 0.782708 
1180 0.790138 
1181 0.798352 
1182 0.807315 
1183 0.816986 
1184 0.827323 
1185 0.838280 
1186 0.849812 
1187 0.861870 
1188 0.874402 
1189 0.887356 
1190 0.900680 
1191 0.914318 
1192 0.928216 
1193 0.942317 
1194 0.956567 
1195 0.970908 
1196 0.985286 
1197 0.999645 
1198 1.013930 
1199 1.028087 
1200 1.042064 
1201 1.055808 
1202 1.069269 
1203 1.082400 
1204 1.095152 
1205 1.107481 
1206 1.119344 
1207 1.130700 
1208 1.141510 
1209 1.151737 
1210 1.161348 
1211 1.170312 
1212 1.178599 
1213 1.186183 
1214 1.193041 
1215 1.199151 
1216 1.204496 
1217 1.209060 
1218 1.212830 
1219 1.215798 
1220 1.217955 
1221 1.219298 
1222 1.219824 
1223 1.219537 
1224 1.218438 
1225 1.216536 
1226 1.213840 
1227 1.210362 
1228 1.206116 
1229 1.201120 
1230 1.195394 
1231 1.188961 
1232 1.181844 
1233 1.174072 
1234 1.165673 
1235 1.156680 
1236 1.147125 
1237 1.137046 
1238 1.126479 
1239 1.115464 
1240 1.104043 
1241 1.092257 
1242 1.080152 
1243 1.067773 
1244 1.055166 
1245 1.042380 
1246 1.029461 
1247 1.016461 
1248 1.003427 
1249 0.990410 
1250 0.977459 
1251 0.964624 
1252 0.951954 
1253 0.939497 
1254 0.927302 
1255 0.915416 
1256 0.903884 
1257 0.892750 
1258 0.882058 
1259 0.871848 
1260 0.862160 
1261 0.853030 
1262 0.844493 
1263 0.836581 
1264 0.829324 
1265 0.822749 
1266 0.816880 
1267 0.811737 
1268 0.807341 
1269 0.803704 
1270 0.800840 
1271 0.798756 
1272 0.797459 
1273 0.796951 
1274 0.797229 
1275 0.798291 
1276 0.800129 
1277 0.802733 
1278 0.806088 
1279 0.810178 
1280 0.814983 
1281 0.820483 
1282 0.826650 
1283 0.833459 
1284 0.840879 
1285 0.848878 
1286 0.857422 
1287 0.866475 
1288 0.875999 
1289 0.885954 
1290 0.896300 
1291 0.906995 
1292 0.917995 
1293 0.929256 
1294 0.940735 
1295 0.952385 
1296 0.964162 
1297 0.976019 
1298 0.987912 
1299 0.999795 
1300 1.011623 
1301 1.023352 
1302 1.034939 
1303 1.046340 
1304 1.057514 
1305 1.068421 
1306 1.079021 
1307 1.089276 
1308 1.099151 
1309 1.108610 
1310 1.117622 
1311 1.126154 
1312 1.134177 
1313 1.141666 
1314 1.148593 
1315 1.154938 
1316 1.160678 
1317 1.165796 
1318 1.170276 
1319 1.174103 
1320 1.177266 
1321 1.179756 
1322 1.181567 
1323 1.182694 
1324 1.183135 
1325 1.182892 
1326 1.181966 
1327 1.180364 
1328 1.178094 
1329 1.175165 
1330 1.171590 
1331 1.167385 
1332 1.162565 
1333 1.157150 
1334 1.151163 
1335 1.144625 
1336 1.137563 
1337 1.130004 
1338 1.121977 
1339 1.113513 
1340 1.104645 
1341 1.095406 
1342 1.085832 
1343 1.075961 
1344 1.065828 
1345 1.055474 
1346 1.044939 
1347 1.034261 
1348 1.023483 
1349 1.012645 
1350 1.001790 
1351 0.990958 
1352 0.980192 
1353 0.969532 
1354 0.959019 
1355 0.948694 
1356 0.938596 
1357 0.928763 
1358 0.919232 
1359 0.910041 
1360 0.901223 
1361 0.892812 
1362 0.884840 
1363 0.877336 
1364 0.870327 
1365 0.863841 
1366 0.857899 
1367 0.852525 
1368 0.847736 
1369 0.843549 
1370 0.839979 
1371 0.837037 
1372 0.834732 
1373 0.833072 
1374 0.832059 
1375 0.831695 
1376 0.831979 
1377 0.832907 
1378 0.834473 
1379 0.836668 
1380 0.839481 
1381 0.842897 
1382 0.846902 
1383 0.851476 
1384 0.856600 
1385 0.862251 
1386 0.868405 
1387 0.875036 
1388 0.882115 
1389 0.889615 
1390 0.897503 
1391 0.905747 
1392 0.914315 
1393 0.923173 
1394 0.932284 
1395 0.941613 
1396 0.951124 
1397 0.960779 
1398 0.970541 
1399 0.980373 
1400 0.990237 
1401 1.000097 
1402 1.009914 
1403 1.019652 
1404 1.029275 
1405 1.038748 
1406 1.048036 
1407 1.057104 
1408 1.065920 
1409 1.074452 
1410 1.082670 
1411 1.090545 
1412 1.098047 
1413 1.105153 
1414 1.111835 
1415 1.118072 
1416 1.123842 
1417 1.129126 
1418 1.133905 
1419 1.138163 
1420 1.141888 
1421 1.145067 
1422 1.147690 
1423 1.149749 
1424 1.151239 
1425 1.152156 
1426 1.152497 
1427 1.152265 
1428 1.151461 
1429 1.150090 
1430 1.148159 
1431 1.145676 
1432 1.142653 
1433 1.139103 
1434 1.135039 
1435 1.130478 
1436 1.125440 
1437 1.119944 
1438 1.114012 
1439 1.107667 
1440 1.100934 
1441 1.093841 
1442 1.086413 
1443 1.078682 
1444 1.070675 
1445 1.062426 
1446 1.053964 
1447 1.045324 
1448 1.036539 
1449 1.027642 
1450 1.018668 
1451 1.009651 
1452 1.000626 
1453 0.991627 
1454 0.982689 
1455 0.973846 
1456 0.965132 
1457 0.956579 
1458 0.948220 
1459 0.940088 
1460 0.932211 
1461 0.924620 
1462 0.917344 
1463 0.910408 
1464 0.903840 
1465 0.897662 
1466 0.891898 
1467 0.886568 
1468 0.881691 
1469 0.877285 
1470 0.873364 
1471 0.869943 
1472 0.867032 
1473 0.864640 
1474 0.862776 
1475 0.861443 
1476 0.860645 
1477 0.860383 
1478 0.860656 
1479 0.861461 
1480 0.862791 
1481 0.864640 
1482 0.866999 
1483 0.869856 
1484 0.873199 
1485 0.877011 
1486 0.881277 
1487 0.885979 
1488 0.891096 
1489 0.896607 
1490 0.902489 
1491 0.908719 
1492 0.915270 
1493 0.922117 
1494 0.929232 
1495 0.936588 
1496 0.944154 
1497 0.951902 
1498 0.959802 
1499 0.967822 
1500 0.975932 
1501 0.984101 
1502 0.992298 
1503 1.000492 
1504 1.008652 
1505 1.016747 
1506 1.024747 
1507 1.032623 
1508 1.040346 
1509 1.047886 
1510 1.055217 
1511 1.062312 
1512 1.069145 
1513 1.075692 
1514 1.081928 
1515 1.087833 
1516 1.093385 
1517 1.098564 
1518 1.103353 
1519 1.107735 
1520 1.111694 
1521 1.115219 
1522 1.118296 
1523 1.120917 
1524 1.123072 
1525 1.124755 
1526 1.125961 
1527 1.126689 
1528 1.126935 
1529 1.126701 
1530 1.125989 
1531 1.124804 
1532 1.123151 
1533 1.121039 
1534 1.118475 
1535 1.115472 
1536 1.112042 
1537 1.108200 
1538 1.103961 
1539 1.099342 
1540 1.094361 
1541 1.089040 
1542 1.083399 
1543 1.077460 
1544 1.071247 
1545 1.064785 
1546 1.058098 
1547 1.051212 
1548 1.044155 
1549 1.036954 
1550 1.029637 
1551 1.022231 
1552 1.014766 
1553 1.007271 
1554 0.999773 
1555 0.992302 
1556 0.984885 
1557 0.977552 
1558 0.970330 
1559 0.963247 
1560 0.956328 
1561 0.949600 
1562 0.943088 
1563 0.936816 
1564 0.930807 
1565 0.925084 
1566 0.919667 
1567 0.914576 
1568 0.909830 
1569 0.905445 
1570 0.901437 
1571 0.897819 
1572 0.894605 
1573 0.891805 
1574 0.889427 
1575 0.887480 
1576 0.885970 
1577 0.884900 
1578 0.884273 
1579 0.884090 
1580 0.884349 
1581 0.885047 
1582 0.886182 
1583 0.887745 
1584 0.889730 
1585 0.892127 
1586 0.894925 
1587 0.898113 
1588 0.901677 
1589 0.905600 
1590 0.909868 
1591 0.914462 
1592 0.919364 
1593 0.924554 
1594 0.930010 
1595 0.935712 
1596 0.941636 
1597 0.947759 
1598 0.954057 
1599 0.960505 
1600 0.967080 
1601 0.973754 
1602 0.980503 
1603 0.987300 
1604 0.994120 
1605 1.000937 
1606 1.007725 
1607 1.014459 
1608 1.021113 
1609 1.027663 
1610 1.034083 
1611 1.040352 
1612 1.046444 
1613 1.052338 
1614 1.058013 
1615 1.063448 
1616 1.068623 
1617 1.073519 
1618 1.078120 
1619 1.082408 
1620 1.086369 
1621 1.089989 
1622 1.093256 
1623 1.096158 
1624 1.098685 
1625 1.100831 
1626 1.102586 
1627 1.103948 
1628 1.104911 
1629 1.105473 
1630 1.105634 
1631 1.105394 
1632 1.104756 
1633 1.103723 
1634 1.102301 
1635 1.100496 
1636 1.098316 
1637 1.095772 
1638 1.092873 
1639 1.089633 
1640 1.086063 
1641 1.082180 
1642 1.077999 
1643 1.073536 
1644 1.068810 
1645 1.063840 
1646 1.058644 
1647 1.053244 
1648 1.047661 
1649 1.041917 
1650 1.036033 
1651 1.030033 
1652 1.023941 
1653 1.017779 
1654 1.011571 
1655 1.005341 
1656 0.999113 
1657 0.992910 
1658 0.986757 
1659 0.980676 
1660 0.974690 
1661 0.968822 
1662 0.963093 
1663 0.957526 
1664 0.952140 
1665 0.946956 
1666 0.941992 
1667 0.937267 
1668 0.932798 
1669 0.928602 
1670 0.924692 
1671 0.921083 
1672 0.917788 
1673 0.914818 
1674 0.912183 
1675 0.909892 
1676 0.907953 
1677 0.906371 
1678 0.905151 
1679 0.904297 
1680 0.903810 
1681 0.903692 
1682 0.903940 
1683 0.904553 
1684 0.905527 
1685 0.906857 
1686 0.908537 
1687 0.910559 
1688 0.912913 
1689 0.915590 
1690 0.918579 
1691 0.921866 
1692 0.925439 
1693 0.929282 
1694 0.933381 
1695 0.937717 
1696 0.942275 
1697 0.947036 
1698 0.951981 
1699 0.957090 
1700 0.962344 
1701 0.967723 
1702 0.973204 
1703 0.978768 
1704 0.984392 
1705 0.990056 
1706 0.995736 
1707 1.001413 
1708 1.007063 
1709 1.012667 
1710 1.018202 
1711 1.023648 
1712 1.028985 
1713 1.034193 
1714 1.039251 
1715 1.044143 
1716 1.048849 
1717 1.053353 
1718 1.057638 
1719 1.061689 
1720 1.065491 
1721 1.069031 
1722 1.072296 
1723 1.075274 
1724 1.077956 
1725 1.080332 
1726 1.082395 
1727 1.084138 
1728 1.085555 
1729 1.086643 
1730 1.087397 
1731 1.087818 
1732 1.087903 
1733 1.087655 
1734 1.087076 
1735 1.086168 
1736 1.084936 
1737 1.083387 
1738 1.081528 
1739 1.079366 
1740 1.076910 
1741 1.074172 
1742 1.071163 
1743 1.067894 
1744 1.064380 
1745 1.060635 
1746 1.056673 
1747 1.052511 
1748 1.048164 
1749 1.043650 
1750 1.038987 
1751 1.034193 
1752 1.029287 
1753 1.024287 
1754 1.019212 
1755 1.014083 
1756 1.008920 
1757 1.003740 
1758 0.998565 
1759 0.993414 
1760 0.988307 
1761 0.983262 
1762 0.978299 
1763 0.973436 
1764 0.968692 
1765 0.964083 
1766 0.959628 
1767 0.955342 
1768 0.951241 
1769 0.947340 
1770 0.943653 
1771 0.940194 
1772 0.936974 
1773 0.934006 
1774 0.931300 
1775 0.928864 
1776 0.926708 
1777 0.924838 
1778 0.923261 
1779 0.921982 
1780 0.921004 
1781 0.920331 
1782 0.919963 
1783 0.919901 
1784 0.920145 
1785 0.920692 
1786 0.921538 
1787 0.922681 
1788 0.924114 
1789 0.925831 
1790 0.927825 
1791 0.930087 
1792 0.932607 
1793 0.935375 
1794 0.938380 
1795 0.941609 
1796 0.945050 
1797 0.948688 
1798 0.952508 
1799 0.956497 
1800 0.960637 
1801 0.964913 
1802 0.969308 
1803 0.973804 
1804 0.978384 
1805 0.983031 
1806 0.987726 
1807 0.992451 
1808 0.997188 
1809 1.001919 
1810 1.006626 
1811 1.011291 
1812 1.015896 
1813 1.020424 
1814 1.024858 
1815 1.029181 
1816 1.033377 
1817 1.037430 
1818 1.041326 
1819 1.045050 
1820 1.048589 
1821 1.051930 
1822 1.055061 
1823 1.057971 
1824 1.060649 
1825 1.063087 
1826 1.065275 
1827 1.067207 
1828 1.068877 
1829 1.070278 
1830 1.071407 
1831 1.072261 
1832 1.072837 
1833 1.073134 
1834 1.073153 
1835 1.072895 
1836 1.072361 
1837 1.071555 
1838 1.070480 
1839 1.069143 
1840 1.067548 
1841 1.065704 
1842 1.063618 
1843 1.061298 
1844 1.058755 
1845 1.055999 
1846 1.053041 
1847 1.049893 
1848 1.046567 
1849 1.043077 
1850 1.039437 
1851 1.035660 
1852 1.031762 
1853 1.027757 
1854 1.023662 
1855 1.019491 
1856 1.015261 
1857 1.010989 
1858 1.006689 
1859 1.002380 
1860 0.998077 
1861 0.993796 
1862 0.989553 
1863 0.985365 
1864 0.981247 
1865 0.977215 
1866 0.973284 
1867 0.969467 
1868 0.965780 
1869 0.962236 
1870 0.958848 
1871 0.955627 
1872 0.952587 
1873 0.949738 
1874 0.947089 
1875 0.944651 
1876 0.942432 
1877 0.940440 
1878 0.938682 
1879 0.937163 
1880 0.935889 
1881 0.934863 
1882 0.934090 
1883 0.933570 
1884 0.933305 
1885 0.933296 
1886 0.933541 
1887 0.934040 
1888 0.934788 
1889 0.935783 
1890 0.937020 
1891 0.938493 
1892 0.940197 
1893 0.942123 
1894 0.944265 
1895 0.946612 
1896 0.949156 
1897 0.951885 
1898 0.954790 
1899 0.957858 
1900 0.961076 
1901 0.964433 
1902 0.967915 
1903 0.971507 
1904 0.975196 
1905 0.978967 
1906 0.982806 
1907 0.986696 
1908 0.990624 
1909 0.994574 
1910 0.998531 
1911 1.002478 
1912 1.006402 
1913 1.010287 
1914 1.014118 
1915 1.017880 
1916 1.021560 
1917 1.025143 
1918 1.028617 
1919 1.031968 
1920 1.035183 
1921 1.038252 
1922 1.041162 
1923 1.043904 
1924 1.046468 
1925 1.048845 
1926 1.051026 
1927 1.053004 
1928 1.054773 
1929 1.056327 
1930 1.057660 
1931 1.058770 
1932 1.059652 
1933 1.060305 
1934 1.060727 
1935 1.060917 
1936 1.060877 
1937 1.060607 
1938 1.060108 
1939 1.059385 
1940 1.058440 
1941 1.057278 
1942 1.055905 
1943 1.054325 
1944 1.052546 
1945 1.050576 
1946 1.048421 
1947 1.046091 
1948 1.043596 
1949 1.040944 
1950 1.038147 
1951 1.035216 
1952 1.032161 
1953 1.028995 
1954 1.025730 
1955 1.022379 
1956 1.018954 
1957 1.015469 
1958 1.011936 
1959 1.008371 
1960 1.004785 
1961 1.001194 
1962 0.997610 
1963 0.994046 
1964 0.990517 
1965 0.987036 
1966 0.983615 
1967 0.980268 
1968 0.977007 
1969 0.973844 
1970 0.970791 
1971 0.967859 
1972 0.965059 
1973 0.962401 
1974 0.959895 
1975 0.957550 
1976 0.955375 
1977 0.953376 
1978 0.951562 
1979 0.949939 
1980 0.948512 
1981 0.947287 
1982 0.946267 
1983 0.945456 
1984 0.944856 
1985 0.944470 
1986 0.944297 
1987 0.944339 
1988 0.944594 
1989 0.945061 
1990 0.945737 
1991 0.946620 
1992 0.947706 
1993 0.948988 
1994 0.950464 
1995 0.952125 
1996 0.953965 
1997 0.955976 
1998 0.958151 
1999 0.960480 
