0 0.000000 
1 0.000000 
2 0.000000 
3 0.000000 
4 0.000000 
5 0.000000 
6 0.000000 
7 0.000000 
8 0.000000 
9 0.000000 
10 0.000000 
11 0.000000 
12 0.000000 
13 0.000000 
14 0.000000 
15 0.000000 
16 0.000000 
17 0.000000 
18 0.000000 
19 0.000000 
20 0.000000 
21 0.000000 
22 0.000000 
23 0.000000 
24 0.000000 
25 0.000000 
26 0.000000 
27 0.000000 
28 0.000000 
29 0.000000 
30 0.000000 
31 0.000000 
32 0.000000 
33 0.000000 
34 0.000000 
35 0.000000 
36 0.000000 
37 0.000000 
38 0.000000 
39 0.000000 
40 0.000000 
41 0.000000 
42 0.000000 
43 0.000000 
44 0.000000 
45 0.000000 
46 0.000000 
47 0.000000 
48 0.000000 
49 0.000000 
50 0.000000 
51 0.000000 
52 0.000000 
53 0.000000 
54 0.000000 
55 0.000000 
56 0.000000 
57 0.000000 
58 0.000000 
59 0.000000 
60 0.000000 
61 0.000000 
62 0.000000 
63 0.000000 
64 0.000000 
65 0.000000 
66 0.000000 
67 0.000000 
68 0.000000 
69 0.000000 
70 0.000000 
71 0.000000 
72 0.000000 
73 0.000000 
74 0.000000 
75 0.000000 
76 0.000000 
77 0.000000 
78 0.000000 
79 0.000000 
80 0.000000 
81 0.000000 
82 0.000000 
83 0.000000 
84 0.000000 
85 0.000000 
86 0.000000 
87 0.000000 
88 0.000000 
89 0.000000 
90 0.000000 
91 6.663503 
92 9.824620 
93 10.864721 
94 10.680673 
95 9.844210 
96 8.710967 
97 7.494632 
98 6.317033 
99 5.241684 
100 4.296041 
101 3.486072 
102 2.805663 
103 2.242557 
104 1.782007 
105 1.408928 
106 1.109093 
107 0.869724 
108 0.679709 
109 0.529608 
110 0.411540 
111 0.319017 
112 0.246750 
113 0.190472 
114 0.146760 
115 0.112890 
116 0.086702 
117 0.066494 
118 0.050928 
119 0.038958 
120 0.029767 
121 0.022719 
122 0.017323 
123 0.013196 
124 0.010042 
125 0.007636 
126 0.005802 
127 0.004405 
128 0.003342 
129 0.002533 
130 0.001919 
131 0.001453 
132 0.001099 
133 0.000831 
134 0.000628 
135 0.000475 
136 0.000358 
137 0.000270 
138 0.000204 
139 0.000154 
140 0.000116 
141 0.000087 
142 0.000066 
143 0.000049 
144 0.000037 
145 0.000028 
146 0.000021 
147 0.000016 
148 0.000012 
149 0.000009 
150 0.000006 
151 0.000005 
152 0.000003 
153 0.000003 
154 0.000002 
155 0.000001 
156 0.000001 
157 0.000001 
158 0.000001 
159 0.000000 
160 0.000000 
161 0.000000 
162 0.000000 
163 0.000000 
164 0.000000 
165 0.000000 
166 0.000000 
167 0.000000 
168 0.000000 
169 0.000000 
170 0.000000 
171 0.000000 
172 0.000000 
173 0.000000 
174 0.000000 
175 0.000000 
176 0.000000 
177 0.000000 
178 0.000000 
179 0.000000 
180 0.000000 
181 0.000000 
182 0.460457 
183 1.357323 
184 2.500792 
185 3.686241 
186 4.754685 
187 5.607475 
188 6.200284 
189 6.529732 
190 6.619272 
191 6.507181 
192 6.237534 
193 5.854084 
194 5.396528 
195 4.898602 
196 4.387430 
197 3.883696 
198 3.402276 
199 2.953101 
200 2.542082 
201 2.172001 
202 1.843297 
203 1.554751 
204 1.304027 
205 1.088116 
206 0.903657 
207 0.747188 
208 0.615310 
209 0.504801 
210 0.412687 
211 0.336276 
212 0.273172 
213 0.221271 
214 0.178745 
215 0.144023 
216 0.115766 
217 0.092841 
218 0.074294 
219 0.059330 
220 0.047288 
221 0.037619 
222 0.029874 
223 0.023683 
224 0.018745 
225 0.014813 
226 0.011689 
227 0.009210 
228 0.007247 
229 0.005694 
230 0.004469 
231 0.003503 
232 0.002742 
233 0.002144 
234 0.001675 
235 0.001307 
236 0.001018 
237 0.000793 
238 0.000617 
239 0.000479 
240 0.000372 
241 0.000288 
242 0.000223 
243 0.000173 
244 0.000134 
245 0.000103 
246 0.000080 
247 0.000061 
248 0.000047 
249 0.000036 
250 0.000028 
251 0.000021 
252 0.000016 
253 0.000013 
254 0.000010 
255 0.000007 
256 0.000006 
257 0.000004 
258 0.000003 
259 0.000003 
260 0.000002 
261 0.000001 
262 0.000001 
263 0.000001 
264 0.000001 
265 0.000000 
266 0.000000 
267 0.000000 
268 0.000000 
269 0.000000 
270 0.000000 
271 0.000000 
272 0.000000 
273 0.031874 
274 0.140907 
275 0.363368 
276 0.713957 
277 1.183653 
278 1.744374 
279 2.356586 
280 2.977067 
281 3.565217 
282 4.087325 
283 4.518808 
284 4.844761 
285 5.059301 
286 5.164177 
287 5.167024 
288 5.079567 
289 4.915961 
290 4.691379 
291 4.420903 
292 4.118710 
293 3.797535 
294 3.468366 
295 3.140318 
296 2.820655 
297 2.514904 
298 2.227028 
299 1.959633 
300 1.714189 
301 1.491244 
302 1.290622 
303 1.111603 
304 0.953075 
305 0.813668 
306 0.691856 
307 0.586042 
308 0.494623 
309 0.416039 
310 0.348805 
311 0.291535 
312 0.242951 
313 0.201897 
314 0.167330 
315 0.138327 
316 0.114070 
317 0.093846 
318 0.077033 
319 0.063095 
320 0.051571 
321 0.042067 
322 0.034248 
323 0.027830 
324 0.022574 
325 0.018279 
326 0.014776 
327 0.011925 
328 0.009608 
329 0.007730 
330 0.006210 
331 0.004981 
332 0.003990 
333 0.003192 
334 0.002550 
335 0.002034 
336 0.001621 
337 0.001290 
338 0.001025 
339 0.000814 
340 0.000645 
341 0.000511 
342 0.000404 
343 0.000319 
344 0.000252 
345 0.000199 
346 0.000157 
347 0.000123 
348 0.000097 
349 0.000076 
350 0.000060 
351 0.000047 
352 0.000037 
353 0.000029 
354 0.000022 
355 0.000017 
356 0.000014 
357 0.000011 
358 0.000008 
359 0.000006 
360 0.000005 
361 0.000004 
362 0.000003 
363 0.000002 
364 0.002211 
365 0.013019 
366 0.043159 
367 0.105985 
368 0.214723 
369 0.379660 
370 0.606032 
371 0.892980 
372 1.233584 
373 1.615786 
374 2.023881 
375 2.440248 
376 2.847049 
377 3.227689 
378 3.567935 
379 3.856632 
380 4.086051 
381 4.251905 
382 4.353113 
383 4.391387 
384 4.370711 
385 4.296781 
386 4.176455 
387 4.017248 
388 3.826883 
389 3.612940 
390 3.382570 
391 3.142301 
392 2.897903 
393 2.654329 
394 2.415693 
395 2.185294 
396 1.965667 
397 1.758651 
398 1.565474 
399 1.386835 
400 1.222992 
401 1.073845 
402 0.939009 
403 0.817886 
404 0.709724 
405 0.613667 
406 0.528799 
407 0.454178 
408 0.388864 
409 0.331942 
410 0.282533 
411 0.239810 
412 0.203003 
413 0.171402 
414 0.144361 
415 0.121294 
416 0.101677 
417 0.085041 
418 0.070972 
419 0.059107 
420 0.049125 
421 0.040748 
422 0.033734 
423 0.027876 
424 0.022993 
425 0.018932 
426 0.015562 
427 0.012770 
428 0.010462 
429 0.008558 
430 0.006989 
431 0.005699 
432 0.004641 
433 0.003773 
434 0.003064 
435 0.002484 
436 0.002012 
437 0.001627 
438 0.001314 
439 0.001060 
440 0.000854 
441 0.000687 
442 0.000552 
443 0.000443 
444 0.000355 
445 0.000285 
446 0.000228 
447 0.000182 
448 0.000145 
449 0.000116 
450 0.000092 
451 0.000073 
452 0.000058 
453 0.000046 
454 0.000037 
455 0.000182 
456 0.001151 
457 0.004589 
458 0.013483 
459 0.032261 
460 0.066534 
461 0.122530 
462 0.206316 
463 0.322971 
464 0.475845 
465 0.666030 
466 0.892091 
467 1.150090 
468 1.433851 
469 1.735435 
470 2.045722 
471 2.355056 
472 2.653868 
473 2.933226 
474 3.185288 
475 3.403622 
476 3.583406 
477 3.721498 
478 3.816407 
479 3.868172 
480 3.878184 
481 3.848962 
482 3.783911 
483 3.687077 
484 3.562916 
485 3.416076 
486 3.251217 
487 3.072853 
488 2.885235 
489 2.692260 
490 2.497410 
491 2.303721 
492 2.113768 
493 1.929671 
494 1.753119 
495 1.585395 
496 1.427419 
497 1.279782 
498 1.142798 
499 1.016539 
500 0.900883 
501 0.795546 
502 0.700124 
503 0.614120 
504 0.536973 
505 0.468083 
506 0.406827 
507 0.352581 
508 0.304726 
509 0.262664 
510 0.225825 
511 0.193667 
512 0.165686 
513 0.141414 
514 0.120422 
515 0.102319 
516 0.086750 
517 0.073395 
518 0.061969 
519 0.052218 
520 0.043916 
521 0.036864 
522 0.030887 
523 0.025833 
524 0.021568 
525 0.017976 
526 0.014957 
527 0.012424 
528 0.010304 
529 0.008533 
530 0.007055 
531 0.005824 
532 0.004801 
533 0.003952 
534 0.003248 
535 0.002666 
536 0.002186 
537 0.001789 
538 0.001463 
539 0.001194 
540 0.000974 
541 0.000793 
542 0.000645 
543 0.000525 
544 0.000426 
545 0.000345 
546 0.000290 
547 0.000320 
548 0.000632 
549 0.001692 
550 0.004386 
551 0.010157 
552 0.021081 
553 0.039855 
554 0.069677 
555 0.114029 
556 0.176377 
557 0.259838 
558 0.366850 
559 0.498881 
560 0.656222 
561 0.837868 
562 1.041515 
563 1.263647 
564 1.499722 
565 1.744408 
566 1.991878 
567 2.236105 
568 2.471160 
569 2.691474 
570 2.892071 
571 3.068734 
572 3.218130 
573 3.337873 
574 3.426535 
575 3.483615 
576 3.509472 
577 3.505227 
578 3.472644 
579 3.414012 
580 3.332008 
581 3.229576 
582 3.109808 
583 2.975838 
584 2.830753 
585 2.677512 
586 2.518893 
587 2.357442 
588 2.195447 
589 2.034914 
590 1.877569 
591 1.724854 
592 1.577939 
593 1.437738 
594 1.304929 
595 1.179978 
596 1.063161 
597 0.954592 
598 0.854244 
599 0.761975 
600 0.677548 
601 0.600654 
602 0.530926 
603 0.467960 
604 0.411326 
605 0.360579 
606 0.315272 
607 0.274962 
608 0.239218 
609 0.207623 
610 0.179782 
611 0.155321 
612 0.133892 
613 0.115170 
614 0.098858 
615 0.084682 
616 0.072393 
617 0.061767 
618 0.052599 
619 0.044708 
620 0.037931 
621 0.032123 
622 0.027157 
623 0.022919 
624 0.019310 
625 0.016243 
626 0.013640 
627 0.011436 
628 0.009574 
629 0.008002 
630 0.006679 
631 0.005566 
632 0.004632 
633 0.003849 
634 0.003194 
635 0.002647 
636 0.002191 
637 0.001812 
638 0.001503 
639 0.001274 
640 0.001179 
641 0.001350 
642 0.002052 
643 0.003752 
644 0.007177 
645 0.013369 
646 0.023711 
647 0.039912 
648 0.063960 
649 0.098023 
650 0.144318 
651 0.204953 
652 0.281763 
653 0.376142 
654 0.488906 
655 0.620182 
656 0.769348 
657 0.935007 
658 1.115029 
659 1.306616 
660 1.506421 
661 1.710686 
662 1.915403 
663 2.116473 
664 2.309875 
665 2.491807 
666 2.658822 
667 2.807926 
668 2.936664 
669 3.043161 
670 3.126150 
671 3.184964 
672 3.219513 
673 3.230239 
674 3.218058 
675 3.184291 
676 3.130593 
677 3.058871 
678 2.971216 
679 2.869829 
680 2.756955 
681 2.634825 
682 2.505609 
683 2.371369 
684 2.234034 
685 2.095369 
686 1.956963 
687 1.820217 
688 1.686339 
689 1.556353 
690 1.431096 
691 1.311235 
692 1.197274 
693 1.089572 
694 0.988354 
695 0.893730 
696 0.805709 
697 0.724213 
698 0.649093 
699 0.580145 
700 0.517114 
701 0.459715 
702 0.407636 
703 0.360552 
704 0.318127 
705 0.280026 
706 0.245914 
707 0.215467 
708 0.188371 
709 0.164325 
710 0.143044 
711 0.124261 
712 0.107725 
713 0.093203 
714 0.080482 
715 0.069364 
716 0.059670 
717 0.051237 
718 0.043916 
719 0.037575 
720 0.032094 
721 0.027365 
722 0.023295 
723 0.019797 
724 0.016798 
725 0.014230 
726 0.012036 
727 0.010165 
728 0.008572 
729 0.007219 
730 0.006073 
731 0.005113 
732 0.004331 
733 0.003749 
734 0.003433 
735 0.003520 
736 0.004250 
737 0.005994 
738 0.009291 
739 0.014870 
740 0.023664 
741 0.036806 
742 0.055603 
743 0.081497 
744 0.115996 
745 0.160597 
746 0.216696 
747 0.285492 
748 0.367897 
749 0.464453 
750 0.575271 
751 0.699987 
752 0.837740 
753 0.987186 
754 1.146524 
755 1.313552 
756 1.485742 
757 1.660326 
758 1.834391 
759 2.004981 
760 2.169192 
761 2.324264 
762 2.467663 
763 2.597148 
764 2.710826 
765 2.807187 
766 2.885126 
767 2.943950 
768 2.983369 
769 3.003477 
770 3.004720 
771 2.987859 
772 2.953929 
773 2.904185 
774 2.840063 
775 2.763123 
776 2.675010 
777 2.577407 
778 2.471997 
779 2.360430 
780 2.244294 
781 2.125090 
782 2.004212 
783 1.882938 
784 1.762414 
785 1.643655 
786 1.527541 
787 1.414818 
788 1.306102 
789 1.201890 
790 1.102560 
791 1.008388 
792 0.919552 
793 0.836146 
794 0.758190 
795 0.685637 
796 0.618388 
797 0.556295 
798 0.499177 
799 0.446821 
800 0.398995 
801 0.355450 
802 0.315930 
803 0.280172 
804 0.247913 
805 0.218896 
806 0.192866 
807 0.169579 
808 0.148800 
809 0.130308 
810 0.113890 
811 0.099349 
812 0.086502 
813 0.075176 
814 0.065214 
815 0.056471 
816 0.048815 
817 0.042124 
818 0.036288 
819 0.031208 
820 0.026796 
821 0.022971 
822 0.019661 
823 0.016806 
824 0.014354 
825 0.012268 
826 0.010531 
827 0.009154 
828 0.008188 
829 0.007739 
830 0.007990 
831 0.009211 
832 0.011785 
833 0.016219 
834 0.023151 
835 0.033352 
836 0.047716 
837 0.067236 
838 0.092978 
839 0.126030 
840 0.167461 
841 0.218257 
842 0.279266 
843 0.351145 
844 0.434303 
845 0.528862 
846 0.634628 
847 0.751068 
848 0.877316 
849 1.012178 
850 1.154161 
851 1.301514 
852 1.452276 
853 1.604332 
854 1.755478 
855 1.903484 
856 2.046157 
857 2.181404 
858 2.307281 
859 2.422044 
860 2.524185 
861 2.612461 
862 2.685913 
863 2.743875 
864 2.785972 
865 2.812112 
866 2.822473 
867 2.817479 
868 2.797772 
869 2.764187 
870 2.717715 
871 2.659475 
872 2.590679 
873 2.512599 
874 2.426544 
875 2.333824 
876 2.235733 
877 2.133525 
878 2.028396 
879 1.921472 
880 1.813794 
881 1.706313 
882 1.599883 
883 1.495259 
884 1.393099 
885 1.293959 
886 1.198305 
887 1.106509 
888 1.018862 
889 0.935573 
890 0.856784 
891 0.782571 
892 0.712952 
893 0.647898 
894 0.587335 
895 0.531155 
896 0.479220 
897 0.431367 
898 0.387417 
899 0.347174 
900 0.310437 
901 0.276995 
902 0.246640 
903 0.219160 
904 0.194350 
905 0.172006 
906 0.151935 
907 0.133949 
908 0.117870 
909 0.103529 
910 0.090767 
911 0.079436 
912 0.069397 
913 0.060521 
914 0.052691 
915 0.045798 
916 0.039744 
917 0.034443 
918 0.029820 
919 0.025818 
920 0.022397 
921 0.019544 
922 0.017282 
923 0.015674 
924 0.014839 
925 0.014961 
926 0.016301 
927 0.019204 
928 0.024109 
929 0.031546 
930 0.042135 
931 0.056577 
932 0.075635 
933 0.100113 
934 0.130827 
935 0.168568 
936 0.214071 
937 0.267973 
938 0.330776 
939 0.402814 
940 0.484222 
941 0.574914 
942 0.674567 
943 0.782616 
944 0.898257 
945 1.020457 
946 1.147978 
947 1.279405 
948 1.413177 
949 1.547633 
950 1.681050 
951 1.811688 
952 1.937836 
953 2.057849 
954 2.170188 
955 2.273457 
956 2.366424 
957 2.448050 
958 2.517499 
959 2.574149 
960 2.617599 
961 2.647658 
962 2.664347 
963 2.667878 
964 2.658643 
965 2.637191 
966 2.604213 
967 2.560513 
968 2.506989 
969 2.444608 
970 2.374386 
971 2.297364 
972 2.214591 
973 2.127106 
974 2.035922 
975 1.942010 
976 1.846294 
977 1.749636 
978 1.652833 
979 1.556608 
980 1.461614 
981 1.368423 
982 1.277538 
983 1.189382 
984 1.104310 
985 1.022610 
986 0.944502 
987 0.870150 
988 0.799664 
989 0.733103 
990 0.670482 
991 0.611780 
992 0.556940 
993 0.505878 
994 0.458484 
995 0.414631 
996 0.374175 
997 0.336961 
998 0.302824 
999 0.271595 
1000 0.243103 
1001 0.217174 
1002 0.193637 
1003 0.172323 
1004 0.153069 
1005 0.135716 
1006 0.120113 
1007 0.106114 
1008 0.093583 
1009 0.082391 
1010 0.072420 
1011 0.063562 
1012 0.055720 
1013 0.048813 
1014 0.042778 
1015 0.037575 
1016 0.033189 
1017 0.029643 
1018 0.026997 
1019 0.025362 
1020 0.024903 
1021 0.025848 
1022 0.028489 
1023 0.033191 
1024 0.040382 
1025 0.050559 
1026 0.064270 
1027 0.082108 
1028 0.104693 
1029 0.132650 
1030 0.166587 
1031 0.207070 
1032 0.254596 
1033 0.309567 
1034 0.372266 
1035 0.442835 
1036 0.521257 
1037 0.607345 
1038 0.700732 
1039 0.800869 
1040 0.907035 
1041 1.018340 
1042 1.133750 
1043 1.252100 
1044 1.372125 
1045 1.492487 
1046 1.611804 
1047 1.728683 
1048 1.841749 
1049 1.949680 
1050 2.051225 
1051 2.145240 
1052 2.230700 
1053 2.306722 
1054 2.372575 
1055 2.427689 
1056 2.471661 
1057 2.504252 
1058 2.525388 
1059 2.535147 
1060 2.533755 
1061 2.521570 
1062 2.499069 
1063 2.466831 
1064 2.425524 
1065 2.375886 
1066 2.318705 
1067 2.254810 
1068 2.185050 
1069 2.110280 
1070 2.031352 
1071 1.949096 
1072 1.864319 
1073 1.777786 
1074 1.690222 
1075 1.602300 
1076 1.514640 
1077 1.427804 
1078 1.342296 
1079 1.258563 
1080 1.176990 
1081 1.097907 
1082 1.021588 
1083 0.948256 
1084 0.878083 
1085 0.811194 
1086 0.747675 
1087 0.687572 
1088 0.630896 
1089 0.577628 
1090 0.527723 
1091 0.481112 
1092 0.437706 
1093 0.397403 
1094 0.360085 
1095 0.325625 
1096 0.293887 
1097 0.264732 
1098 0.238018 
1099 0.213599 
1100 0.191332 
1101 0.171075 
1102 0.152691 
1103 0.136045 
1104 0.121010 
1105 0.107467 
1106 0.095306 
1107 0.084428 
1108 0.074750 
1109 0.066206 
1110 0.058754 
1111 0.052374 
1112 0.047082 
1113 0.042926 
1114 0.040000 
1115 0.038440 
1116 0.038434 
1117 0.040222 
1118 0.044096 
1119 0.050400 
1120 0.059527 
1121 0.071910 
1122 0.088012 
1123 0.108318 
1124 0.133316 
1125 0.163483 
1126 0.199266 
1127 0.241063 
1128 0.289204 
1129 0.343935 
1130 0.405397 
1131 0.473618 
1132 0.548498 
1133 0.629800 
1134 0.717151 
1135 0.810042 
1136 0.907829 
1137 1.009747 
1138 1.114919 
1139 1.222376 
1140 1.331070 
1141 1.439904 
1142 1.547745 
1143 1.653453 
1144 1.755901 
1145 1.854001 
1146 1.946718 
1147 2.033096 
1148 2.112269 
1149 2.183477 
1150 2.246079 
1151 2.299554 
1152 2.343513 
1153 2.377695 
1154 2.401969 
1155 2.416329 
1156 2.420890 
1157 2.415875 
1158 2.401610 
1159 2.378514 
1160 2.347080 
1161 2.307872 
1162 2.261506 
1163 2.208638 
1164 2.149956 
1165 2.086164 
1166 2.017973 
1167 1.946090 
1168 1.871209 
1169 1.794005 
1170 1.715125 
1171 1.635181 
1172 1.554750 
1173 1.474365 
1174 1.394515 
1175 1.315643 
1176 1.238146 
1177 1.162374 
1178 1.088630 
1179 1.017171 
1180 0.948213 
1181 0.881929 
1182 0.818454 
1183 0.757886 
1184 0.700290 
1185 0.645701 
1186 0.594127 
1187 0.545549 
1188 0.499930 
1189 0.457213 
1190 0.417323 
1191 0.380175 
1192 0.345672 
1193 0.313707 
1194 0.284169 
1195 0.256940 
1196 0.231900 
1197 0.208931 
1198 0.187913 
1199 0.168730 
1200 0.151272 
1201 0.135435 
1202 0.121126 
1203 0.108265 
1204 0.096787 
1205 0.086646 
1206 0.077821 
1207 0.070318 
1208 0.064171 
1209 0.059452 
1210 0.056269 
1211 0.054771 
1212 0.055148 
1213 0.057632 
1214 0.062497 
1215 0.070050 
1216 0.080634 
1217 0.094614 
1218 0.112371 
1219 0.134293 
1220 0.160757 
1221 0.192123 
1222 0.228714 
1223 0.270806 
1224 0.318613 
1225 0.372272 
1226 0.431835 
1227 0.497258 
1228 0.568395 
1229 0.644993 
1230 0.726689 
1231 0.813015 
1232 0.903401 
1233 0.997182 
1234 1.093610 
1235 1.191862 
1236 1.291063 
1237 1.390292 
1238 1.488607 
1239 1.585057 
1240 1.678702 
1241 1.768631 
1242 1.853974 
1243 1.933919 
1244 2.007726 
1245 2.074734 
1246 2.134376 
1247 2.186179 
1248 2.229772 
1249 2.264890 
1250 2.291369 
1251 2.309150 
1252 2.318269 
1253 2.318859 
1254 2.311137 
1255 2.295399 
1256 2.272013 
1257 2.241408 
1258 2.204064 
1259 2.160503 
1260 2.111281 
1261 2.056976 
1262 1.998181 
1263 1.935494 
1264 1.869512 
1265 1.800822 
1266 1.729996 
1267 1.657585 
1268 1.584114 
1269 1.510078 
1270 1.435941 
1271 1.362130 
1272 1.289037 
1273 1.217014 
1274 1.146377 
1275 1.077404 
1276 1.010334 
1277 0.945373 
1278 0.882690 
1279 0.822421 
1280 0.764673 
1281 0.709521 
1282 0.657015 
1283 0.607183 
1284 0.560026 
1285 0.515529 
1286 0.473659 
1287 0.434366 
1288 0.397589 
1289 0.363256 
1290 0.331285 
1291 0.301588 
1292 0.274073 
1293 0.248645 
1294 0.225210 
1295 0.203673 
1296 0.183947 
1297 0.165949 
1298 0.149607 
1299 0.134864 
1300 0.121674 
1301 0.110015 
1302 0.099884 
1303 0.091306 
1304 0.084332 
1305 0.079046 
1306 0.075562 
1307 0.074029 
1308 0.074629 
1309 0.077575 
1310 0.083112 
1311 0.091507 
1312 0.103051 
1313 0.118044 
1314 0.136795 
1315 0.159608 
1316 0.186774 
1317 0.218557 
1318 0.255191 
1319 0.296859 
1320 0.343693 
1321 0.395756 
1322 0.453041 
1323 0.515462 
1324 0.582847 
1325 0.654939 
1326 0.731397 
1327 0.811792 
1328 0.895616 
1329 0.982290 
1330 1.071164 
1331 1.161538 
1332 1.252663 
1333 1.343761 
1334 1.434032 
1335 1.522673 
1336 1.608889 
1337 1.691903 
1338 1.770975 
1339 1.845408 
1340 1.914560 
1341 1.977854 
1342 2.034782 
1343 2.084918 
1344 2.127912 
1345 2.163500 
1346 2.191505 
1347 2.211830 
1348 2.224462 
1349 2.229465 
1350 2.226980 
1351 2.217213 
1352 2.200434 
1353 2.176970 
1354 2.147195 
1355 2.111523 
1356 2.070404 
1357 2.024312 
1358 1.973741 
1359 1.919195 
1360 1.861184 
1361 1.800218 
1362 1.736797 
1363 1.671414 
1364 1.604540 
1365 1.536631 
1366 1.468115 
1367 1.399398 
1368 1.330854 
1369 1.262831 
1370 1.195643 
1371 1.129575 
1372 1.064881 
1373 1.001783 
1374 0.940473 
1375 0.881114 
1376 0.823840 
1377 0.768761 
1378 0.715959 
1379 0.665495 
1380 0.617407 
1381 0.571712 
1382 0.528414 
1383 0.487495 
1384 0.448928 
1385 0.412672 
1386 0.378676 
1387 0.346882 
1388 0.317224 
1389 0.289637 
1390 0.264050 
1391 0.240395 
1392 0.218609 
1393 0.198635 
1394 0.180423 
1395 0.163936 
1396 0.149154 
1397 0.136072 
1398 0.124705 
1399 0.115092 
1400 0.107296 
1401 0.101406 
1402 0.097535 
1403 0.095827 
1404 0.096449 
1405 0.099592 
1406 0.105468 
1407 0.114306 
1408 0.126347 
1409 0.141837 
1410 0.161021 
1411 0.184135 
1412 0.211399 
1413 0.243008 
1414 0.279122 
1415 0.319861 
1416 0.365294 
1417 0.415435 
1418 0.470239 
1419 0.529590 
1420 0.593308 
1421 0.661139 
1422 0.732762 
1423 0.807788 
1424 0.885763 
1425 0.966173 
1426 1.048455 
1427 1.132000 
1428 1.216163 
1429 1.300275 
1430 1.383652 
1431 1.465604 
1432 1.545450 
1433 1.622521 
1434 1.696178 
1435 1.765816 
1436 1.830874 
1437 1.890843 
1438 1.945269 
1439 1.993763 
1440 2.036001 
1441 2.071725 
1442 2.100749 
1443 2.122958 
1444 2.138301 
1445 2.146798 
1446 2.148530 
1447 2.143637 
1448 2.132317 
1449 2.114813 
1450 2.091419 
1451 2.062462 
1452 2.028304 
1453 1.989336 
1454 1.945967 
1455 1.898623 
1456 1.847738 
1457 1.793751 
1458 1.737101 
1459 1.678221 
1460 1.617535 
1461 1.555454 
1462 1.492373 
1463 1.428668 
1464 1.364693 
1465 1.300781 
1466 1.237239 
1467 1.174349 
1468 1.112368 
1469 1.051527 
1470 0.992031 
1471 0.934060 
1472 0.877767 
1473 0.823285 
1474 0.770720 
1475 0.720161 
1476 0.671673 
1477 0.625302 
1478 0.581081 
1479 0.539022 
1480 0.499127 
1481 0.461385 
1482 0.425772 
1483 0.392260 
1484 0.360811 
1485 0.331386 
1486 0.303942 
1487 0.278438 
1488 0.254834 
1489 0.233097 
1490 0.213203 
1491 0.195136 
1492 0.178894 
1493 0.164491 
1494 0.151958 
1495 0.141343 
1496 0.132717 
1497 0.126169 
1498 0.121812 
1499 0.119777 
1500 0.120215 
1501 0.123296 
1502 0.129200 
1503 0.138121 
1504 0.150257 
1505 0.165806 
1506 0.184962 
1507 0.207906 
1508 0.234802 
1509 0.265789 
1510 0.300975 
1511 0.340428 
1512 0.384177 
1513 0.432200 
1514 0.484423 
1515 0.540717 
1516 0.600897 
1517 0.664718 
1518 0.731879 
1519 0.802026 
1520 0.874748 
1521 0.949591 
1522 1.026058 
1523 1.103615 
1524 1.181701 
1525 1.259734 
1526 1.337121 
1527 1.413265 
1528 1.487571 
1529 1.559462 
1530 1.628379 
1531 1.693791 
1532 1.755205 
1533 1.812168 
1534 1.864272 
1535 1.911162 
1536 1.952536 
1537 1.988149 
1538 2.017813 
1539 2.041399 
1540 2.058834 
1541 2.070103 
1542 2.075245 
1543 2.074351 
1544 2.067560 
1545 2.055056 
1546 2.037062 
1547 2.013840 
1548 1.985681 
1549 1.952905 
1550 1.915851 
1551 1.874877 
1552 1.830353 
1553 1.782657 
1554 1.732171 
1555 1.679275 
1556 1.624348 
1557 1.567759 
1558 1.509866 
1559 1.451016 
1560 1.391540 
1561 1.331749 
1562 1.271940 
1563 1.212385 
1564 1.153339 
1565 1.095033 
1566 1.037676 
1567 0.981459 
1568 0.926546 
1569 0.873086 
1570 0.821202 
1571 0.771003 
1572 0.722575 
1573 0.675988 
1574 0.631299 
1575 0.588545 
1576 0.547754 
1577 0.508939 
1578 0.472107 
1579 0.437253 
1580 0.404366 
1581 0.373434 
1582 0.344440 
1583 0.317367 
1584 0.292201 
1585 0.268932 
1586 0.247557 
1587 0.228081 
1588 0.210520 
1589 0.194903 
1590 0.181273 
1591 0.169687 
1592 0.160221 
1593 0.152963 
1594 0.148021 
1595 0.145516 
1596 0.145583 
1597 0.148369 
1598 0.154030 
1599 0.162726 
1600 0.174620 
1601 0.189871 
1602 0.208629 
1603 0.231034 
1604 0.257204 
1605 0.287236 
1606 0.321196 
1607 0.359117 
1608 0.400996 
1609 0.446786 
1610 0.496396 
1611 0.549688 
1612 0.606477 
1613 0.666528 
1614 0.729561 
1615 0.795248 
1616 0.863222 
1617 0.933073 
1618 1.004359 
1619 1.076610 
1620 1.149330 
1621 1.222010 
1622 1.294129 
1623 1.365164 
1624 1.434595 
1625 1.501914 
1626 1.566629 
1627 1.628274 
1628 1.686408 
1629 1.740626 
1630 1.790562 
1631 1.835890 
1632 1.876330 
1633 1.911649 
1634 1.941661 
1635 1.966231 
1636 1.985270 
1637 1.998740 
1638 2.006647 
1639 2.009045 
1640 2.006028 
1641 1.997731 
1642 1.984326 
1643 1.966018 
1644 1.943041 
1645 1.915655 
1646 1.884143 
1647 1.848806 
1648 1.809956 
1649 1.767921 
1650 1.723029 
1651 1.675618 
1652 1.626019 
1653 1.574565 
1654 1.521579 
1655 1.467378 
1656 1.412267 
1657 1.356538 
1658 1.300468 
1659 1.244320 
1660 1.188338 
1661 1.132750 
1662 1.077765 
1663 1.023575 
1664 0.970352 
1665 0.918252 
1666 0.867413 
1667 0.817954 
1668 0.769979 
1669 0.723577 
1670 0.678822 
1671 0.635775 
1672 0.594483 
1673 0.554984 
1674 0.517307 
1675 0.481471 
1676 0.447492 
1677 0.415379 
1678 0.385140 
1679 0.356781 
1680 0.330311 
1681 0.305742 
1682 0.283091 
1683 0.262381 
1684 0.243644 
1685 0.226922 
1686 0.212268 
1687 0.199748 
1688 0.189439 
1689 0.181428 
1690 0.175818 
1691 0.172721 
1692 0.172256 
1693 0.174553 
1694 0.179743 
1695 0.187962 
1696 0.199341 
1697 0.214008 
1698 0.232080 
1699 0.253660 
1700 0.278834 
1701 0.307663 
1702 0.340185 
1703 0.376406 
1704 0.416298 
1705 0.459797 
1706 0.506801 
1707 0.557168 
1708 0.610716 
1709 0.667220 
1710 0.726418 
1711 0.788009 
1712 0.851656 
1713 0.916992 
1714 0.983621 
1715 1.051120 
1716 1.119053 
1717 1.186966 
1718 1.254400 
1719 1.320890 
1720 1.385980 
1721 1.449218 
1722 1.510169 
1723 1.568416 
1724 1.623568 
1725 1.675259 
1726 1.723158 
1727 1.766967 
1728 1.806426 
1729 1.841314 
1730 1.871450 
1731 1.896695 
1732 1.916952 
1733 1.932165 
1734 1.942316 
1735 1.947431 
1736 1.947569 
1737 1.942826 
1738 1.933331 
1739 1.919244 
1740 1.900753 
1741 1.878069 
1742 1.851426 
1743 1.821076 
1744 1.787285 
1745 1.750334 
1746 1.710509 
1747 1.668103 
1748 1.623413 
1749 1.576732 
1750 1.528354 
1751 1.478565 
1752 1.427645 
1753 1.375865 
1754 1.323483 
1755 1.270746 
1756 1.217888 
1757 1.165128 
1758 1.112671 
1759 1.060707 
1760 1.009409 
1761 0.958936 
1762 0.909433 
1763 0.861029 
1764 0.813840 
1765 0.767967 
1766 0.723499 
1767 0.680514 
1768 0.639079 
1769 0.599250 
1770 0.561075 
1771 0.524598 
1772 0.489852 
1773 0.456869 
1774 0.425679 
1775 0.396310 
1776 0.368790 
1777 0.343151 
1778 0.319426 
1779 0.297656 
1780 0.277887 
1781 0.260172 
1782 0.244574 
1783 0.231163 
1784 0.220018 
1785 0.211228 
1786 0.204888 
1787 0.201102 
1788 0.199979 
1789 0.201630 
1790 0.206170 
1791 0.213711 
1792 0.224362 
1793 0.238224 
1794 0.255387 
1795 0.275927 
1796 0.299903 
1797 0.327352 
1798 0.358287 
1799 0.392694 
1800 0.430530 
1801 0.471718 
1802 0.516149 
1803 0.563680 
1804 0.614132 
1805 0.667292 
1806 0.722913 
1807 0.780718 
1808 0.840398 
1809 0.901619 
1810 0.964021 
1811 1.027228 
1812 1.090847 
1813 1.154472 
1814 1.217694 
1815 1.280100 
1816 1.341282 
1817 1.400838 
1818 1.458380 
1819 1.513534 
1820 1.565948 
1821 1.615294 
1822 1.661269 
1823 1.703600 
1824 1.742046 
1825 1.776399 
1826 1.806483 
1827 1.832161 
1828 1.853327 
1829 1.869914 
1830 1.881888 
1831 1.889249 
1832 1.892030 
1833 1.890297 
1834 1.884144 
1835 1.873693 
1836 1.859092 
1837 1.840514 
1838 1.818152 
1839 1.792215 
1840 1.762931 
1841 1.730540 
1842 1.695291 
1843 1.657441 
1844 1.617251 
1845 1.574986 
1846 1.530907 
1847 1.485276 
1848 1.438346 
1849 1.390367 
1850 1.341579 
1851 1.292211 
1852 1.242484 
1853 1.192607 
1854 1.142775 
1855 1.093172 
1856 1.043971 
1857 0.995331 
1858 0.947397 
1859 0.900305 
1860 0.854177 
1861 0.809124 
1862 0.765248 
1863 0.722639 
1864 0.681377 
1865 0.641536 
1866 0.603182 
1867 0.566373 
1868 0.531163 
1869 0.497604 
1870 0.465742 
1871 0.435624 
1872 0.407297 
1873 0.380808 
1874 0.356207 
1875 0.333549 
1876 0.312892 
1877 0.294299 
1878 0.277841 
1879 0.263592 
1880 0.251635 
1881 0.242055 
1882 0.234947 
1883 0.230405 
1884 0.228529 
1885 0.229418 
1886 0.233171 
1887 0.239883 
1888 0.249643 
1889 0.262533 
1890 0.278621 
1891 0.297962 
1892 0.320596 
1893 0.346538 
1894 0.375787 
1895 0.408312 
1896 0.444058 
1897 0.482941 
1898 0.524847 
1899 0.569635 
1900 0.617130 
1901 0.667129 
1902 0.719401 
1903 0.773687 
1904 0.829704 
1905 0.887145 
1906 0.945683 
1907 1.004977 
1908 1.064672 
1909 1.124404 
1910 1.183804 
1911 1.242502 
1912 1.300131 
1913 1.356332 
1914 1.410755 
1915 1.463066 
1916 1.512945 
1917 1.560095 
1918 1.604242 
1919 1.645133 
1920 1.682546 
1921 1.716284 
1922 1.746180 
1923 1.772096 
1924 1.793925 
1925 1.811589 
1926 1.825042 
1927 1.834265 
1928 1.839269 
1929 1.840094 
1930 1.836804 
1931 1.829492 
1932 1.818273 
1933 1.803284 
1934 1.784684 
1935 1.762650 
1936 1.737373 
1937 1.709062 
1938 1.677933 
1939 1.644214 
1940 1.608135 
1941 1.569934 
1942 1.529846 
1943 1.488108 
1944 1.444952 
1945 1.400605 
1946 1.355288 
1947 1.309213 
1948 1.262587 
1949 1.215602 
1950 1.168446 
1951 1.121294 
1952 1.074312 
1953 1.027656 
1954 0.981472 
1955 0.935897 
1956 0.891056 
1957 0.847069 
1958 0.804043 
1959 0.762079 
1960 0.721269 
1961 0.681699 
1962 0.643448 
1963 0.606591 
1964 0.571195 
1965 0.537328 
1966 0.505053 
1967 0.474432 
1968 0.445526 
1969 0.418398 
1970 0.393112 
1971 0.369733 
1972 0.348330 
1973 0.328977 
1974 0.311749 
1975 0.296726 
1976 0.283992 
1977 0.273633 
1978 0.265740 
1979 0.260402 
1980 0.257711 
1981 0.257756 
1982 0.260625 
1983 0.266398 
1984 0.275151 
1985 0.286948 
1986 0.301843 
1987 0.319875 
1988 0.341065 
1989 0.365419 
1990 0.392918 
1991 0.423524 
1992 0.457172 
1993 0.493775 
1994 0.533216 
1995 0.575355 
1996 0.620023 
1997 0.667028 
1998 0.716152 
1999 0.767152 
