0.000315 0.000314 0.000315 
0.000349 0.000348 0.000349 
0.000387 0.000386 0.000386 
0.000429 0.000427 0.000428 
0.000475 0.000474 0.000474 
0.000526 0.000525 0.000526 
0.000583 0.000581 0.000582 
0.000646 0.000644 0.000645 
0.000715 0.000714 0.000715 
0.000792 0.000791 0.000792 
0.000878 0.000876 0.000877 
0.000973 0.000970 0.000972 
0.001078 0.001075 0.001077 
0.001194 0.001191 0.001193 
0.001323 0.001320 0.001321 
0.001465 0.001462 0.001464 
0.001623 0.001620 0.001622 
0.001798 0.001795 0.001797 
0.001992 0.001989 0.001991 
0.002207 0.002203 0.002206 
0.002445 0.002441 0.002443 
0.002709 0.002704 0.002707 
0.003001 0.002996 0.002999 
0.003325 0.003320 0.003323 
0.003683 0.003678 0.003681 
0.004081 0.004075 0.004078 
0.004521 0.004515 0.004518 
0.005008 0.005002 0.005005 
0.005548 0.005542 0.005545 
0.006147 0.006140 0.006144 
0.006810 0.006802 0.006806 
0.007544 0.007536 0.007541 
0.008358 0.008350 0.008354 
0.009259 0.009251 0.009255 
0.010258 0.010249 0.010254 
0.011364 0.011355 0.011360 
0.012589 0.012581 0.012585 
0.013947 0.013938 0.013943 
0.015451 0.015443 0.015447 
0.017118 0.017109 0.017114 
0.018964 0.018956 0.018960 
0.021009 0.021001 0.021005 
0.023275 0.023268 0.023271 
0.025785 0.025778 0.025782 
0.028566 0.028561 0.028563 
0.031647 0.031642 0.031644 
0.035059 0.035058 0.035058 
0.038840 0.038840 0.038840 
0.043029 0.043033 0.043030 
0.047670 0.047675 0.047672 
0.052810 0.052821 0.052815 
0.058506 0.058520 0.058512 
0.064815 0.064837 0.064824 
0.071805 0.071832 0.071818 
0.079548 0.079585 0.079565 
0.088128 0.088171 0.088148 
0.097631 0.097687 0.097657 
