0 0.000000 
1 0.000000 
2 0.000000 
3 0.000000 
4 0.000000 
5 0.000000 
6 0.000000 
7 0.000000 
8 0.000000 
9 0.000000 
10 0.000000 
11 0.000000 
12 0.000000 
13 0.000000 
14 0.000000 
15 0.000000 
16 0.000000 
17 0.000000 
18 0.000000 
19 0.000000 
20 0.000000 
21 0.000000 
22 0.000000 
23 0.000000 
24 0.000000 
25 0.000000 
26 0.000000 
27 0.000000 
28 0.000000 
29 0.000000 
30 0.000000 
31 0.000000 
32 0.000000 
33 0.000000 
34 0.000000 
35 0.000000 
36 0.000000 
37 0.000000 
38 0.000000 
39 0.000000 
40 0.000000 
41 0.000000 
42 0.000000 
43 0.000000 
44 0.000000 
45 0.000000 
46 0.000000 
47 0.000000 
48 0.000000 
49 0.000000 
50 0.000000 
51 0.000000 
52 0.000000 
53 0.000000 
54 0.000000 
55 0.000000 
56 0.000000 
57 0.000000 
58 0.000000 
59 0.000000 
60 0.000000 
61 0.000000 
62 0.000000 
63 0.000000 
64 0.000000 
65 0.000000 
66 0.000000 
67 0.000000 
68 0.000000 
69 0.000000 
70 0.000000 
71 0.000000 
72 0.000000 
73 0.000000 
74 0.000000 
75 0.000000 
76 0.000000 
77 0.000000 
78 0.000000 
79 0.000000 
80 0.000000 
81 0.000000 
82 0.000000 
83 0.000000 
84 0.000000 
85 0.000000 
86 0.000000 
87 0.000000 
88 0.000000 
89 0.000000 
90 0.000000 
91 0.003476 
92 0.007072 
93 0.010820 
94 0.014754 
95 0.018910 
96 0.023326 
97 0.028045 
98 0.033111 
99 0.038575 
100 0.044489 
101 0.050913 
102 0.057912 
103 0.065555 
104 0.073921 
105 0.083095 
106 0.093171 
107 0.104252 
108 0.116455 
109 0.129903 
110 0.144739 
111 0.161115 
112 0.179202 
113 0.199189 
114 0.221285 
115 0.245721 
116 0.272752 
117 0.302662 
118 0.335764 
119 0.372404 
120 0.412968 
121 0.457880 
122 0.507611 
123 0.562684 
124 0.623677 
125 0.691229 
126 0.766050 
127 0.848926 
128 0.940726 
129 1.042414 
130 1.155060 
131 1.279844 
132 1.418079 
133 1.571216 
134 1.740862 
135 1.928801 
136 2.137005 
137 2.367662 
138 2.623194 
139 2.906285 
140 3.219908 
141 3.567358 
142 3.952283 
143 4.378727 
144 4.851167 
145 5.374567 
146 5.954423 
147 6.596825 
148 6.113279 
149 5.665173 
150 5.249910 
151 4.865083 
152 4.508462 
153 4.177980 
154 3.871721 
155 3.587909 
156 3.324901 
157 3.081170 
158 2.855305 
159 2.645995 
160 2.452028 
161 2.272279 
162 2.105706 
163 1.951343 
164 1.808295 
165 1.675733 
166 1.552888 
167 1.439049 
168 1.333554 
169 1.235793 
170 1.145199 
171 1.061245 
172 0.983446 
173 0.911350 
174 0.844540 
175 0.782627 
176 0.725253 
177 0.672085 
178 0.622815 
179 0.577157 
180 0.534846 
181 0.495637 
182 0.459302 
183 0.425631 
184 0.394429 
185 0.365515 
186 0.338721 
187 0.313892 
188 0.290885 
189 0.269565 
190 0.249809 
191 0.231504 
192 0.214542 
193 0.198826 
194 0.184265 
195 0.170775 
196 0.158277 
197 0.146700 
198 0.135977 
199 0.126046 
200 0.116850 
201 0.108337 
202 0.100456 
203 0.093164 
204 0.086419 
205 0.080183 
206 0.074420 
207 0.069098 
208 0.064187 
209 0.059661 
210 0.055495 
211 0.051666 
212 0.048153 
213 0.044940 
214 0.042009 
215 0.039347 
216 0.036940 
217 0.034779 
218 0.032855 
219 0.031161 
220 0.029693 
221 0.028447 
222 0.027422 
223 0.026619 
224 0.026041 
225 0.025694 
226 0.025585 
227 0.025725 
228 0.026127 
229 0.026807 
230 0.027784 
231 0.029081 
232 0.030724 
233 0.032746 
234 0.035182 
235 0.038072 
236 0.041465 
237 0.045414 
238 0.049979 
239 0.055175 
240 0.061021 
241 0.067541 
242 0.074764 
243 0.082725 
244 0.091465 
245 0.101028 
246 0.111466 
247 0.122835 
248 0.135197 
249 0.148621 
250 0.163180 
251 0.178955 
252 0.196033 
253 0.214507 
254 0.234477 
255 0.256049 
256 0.279338 
257 0.304463 
258 0.331552 
259 0.360740 
260 0.392167 
261 0.425981 
262 0.462336 
263 0.501392 
264 0.543314 
265 0.588271 
266 0.636435 
267 0.687982 
268 0.743085 
269 0.801918 
270 0.864651 
271 0.931446 
272 1.002454 
273 1.077813 
274 1.157641 
275 1.242030 
276 1.331040 
277 1.424691 
278 1.522953 
279 1.625736 
280 1.732877 
281 1.844124 
282 1.959119 
283 2.077380 
284 2.198279 
285 2.321012 
286 2.444570 
287 2.567708 
288 2.688899 
289 2.806293 
290 2.917665 
291 3.020351 
292 3.111184 
293 3.186415 
294 3.241624 
295 3.271617 
296 3.279795 
297 3.269193 
298 3.242521 
299 3.202190 
300 3.150348 
301 3.088898 
302 3.019526 
303 2.943725 
304 2.862810 
305 2.777937 
306 2.690122 
307 2.600252 
308 2.509101 
309 2.417339 
310 2.325546 
311 2.234219 
312 2.143783 
313 2.054600 
314 1.966970 
315 1.881147 
316 1.797336 
317 1.715703 
318 1.636380 
319 1.559467 
320 1.485038 
321 1.413141 
322 1.343806 
323 1.277044 
324 1.212850 
325 1.151208 
326 1.092088 
327 1.035453 
328 0.981257 
329 0.929447 
330 0.879965 
331 0.832750 
332 0.787735 
333 0.744854 
334 0.704035 
335 0.665210 
336 0.628306 
337 0.593253 
338 0.559978 
339 0.528413 
340 0.498487 
341 0.470133 
342 0.443284 
343 0.417876 
344 0.393845 
345 0.371129 
346 0.349671 
347 0.329414 
348 0.310301 
349 0.292282 
350 0.275306 
351 0.259324 
352 0.244291 
353 0.230165 
354 0.216903 
355 0.204468 
356 0.192823 
357 0.181933 
358 0.171768 
359 0.162297 
360 0.153494 
361 0.145333 
362 0.137793 
363 0.130852 
364 0.124492 
365 0.118699 
366 0.113457 
367 0.108757 
368 0.104588 
369 0.100945 
370 0.097822 
371 0.095219 
372 0.093136 
373 0.091575 
374 0.090541 
375 0.090042 
376 0.090089 
377 0.090692 
378 0.091868 
379 0.093634 
380 0.096008 
381 0.099012 
382 0.102670 
383 0.107007 
384 0.112051 
385 0.117831 
386 0.124376 
387 0.131717 
388 0.139888 
389 0.148922 
390 0.158856 
391 0.169729 
392 0.181580 
393 0.194452 
394 0.208390 
395 0.223440 
396 0.239651 
397 0.257074 
398 0.275761 
399 0.295767 
400 0.317147 
401 0.339959 
402 0.364261 
403 0.390111 
404 0.417570 
405 0.446694 
406 0.477544 
407 0.510174 
408 0.544639 
409 0.580992 
410 0.619280 
411 0.659545 
412 0.701825 
413 0.746149 
414 0.792539 
415 0.841008 
416 0.891554 
417 0.944165 
418 0.998814 
419 1.055455 
420 1.114026 
421 1.174441 
422 1.236594 
423 1.300352 
424 1.365555 
425 1.432013 
426 1.499505 
427 1.567775 
428 1.636534 
429 1.705455 
430 1.774174 
431 1.842290 
432 1.909367 
433 1.974932 
434 2.038482 
435 2.099490 
436 2.157408 
437 2.211679 
438 2.261752 
439 2.307094 
440 2.347219 
441 2.381705 
442 2.410238 
443 2.432646 
444 2.448878 
445 2.458980 
446 2.463081 
447 2.461372 
448 2.454097 
449 2.441536 
450 2.424000 
451 2.401817 
452 2.375332 
453 2.344892 
454 2.310847 
455 2.273547 
456 2.233331 
457 2.190533 
458 2.145473 
459 2.098458 
460 2.049783 
461 1.999725 
462 1.948548 
463 1.896497 
464 1.843803 
465 1.790680 
466 1.737325 
467 1.683919 
468 1.630632 
469 1.577613 
470 1.525002 
471 1.472923 
472 1.421487 
473 1.370794 
474 1.320932 
475 1.271979 
476 1.224001 
477 1.177056 
478 1.131193 
479 1.086453 
480 1.042870 
481 1.000469 
482 0.959271 
483 0.919291 
484 0.880538 
485 0.843016 
486 0.806725 
487 0.771663 
488 0.737822 
489 0.705193 
490 0.673762 
491 0.643517 
492 0.614439 
493 0.586511 
494 0.559713 
495 0.534025 
496 0.509426 
497 0.485893 
498 0.463404 
499 0.441937 
500 0.421469 
501 0.401978 
502 0.383441 
503 0.365838 
504 0.349146 
505 0.333347 
506 0.318419 
507 0.304346 
508 0.291108 
509 0.278691 
510 0.267078 
511 0.256255 
512 0.246210 
513 0.236932 
514 0.228410 
515 0.220636 
516 0.213603 
517 0.207306 
518 0.201741 
519 0.196905 
520 0.192798 
521 0.189421 
522 0.186776 
523 0.184868 
524 0.183702 
525 0.183285 
526 0.183627 
527 0.184737 
528 0.186628 
529 0.189311 
530 0.192803 
531 0.197118 
532 0.202274 
533 0.208288 
534 0.215180 
535 0.222970 
536 0.231678 
537 0.241327 
538 0.251939 
539 0.263538 
540 0.276148 
541 0.289791 
542 0.304495 
543 0.320281 
544 0.337177 
545 0.355204 
546 0.374389 
547 0.394752 
548 0.416317 
549 0.439104 
550 0.463132 
551 0.488418 
552 0.514977 
553 0.542820 
554 0.571957 
555 0.602392 
556 0.634126 
557 0.667154 
558 0.701469 
559 0.737054 
560 0.773889 
561 0.811945 
562 0.851186 
563 0.891570 
564 0.933044 
565 0.975545 
566 1.019004 
567 1.063339 
568 1.108457 
569 1.154257 
570 1.200624 
571 1.247434 
572 1.294550 
573 1.341824 
574 1.389099 
575 1.436205 
576 1.482964 
577 1.529188 
578 1.574684 
579 1.619249 
580 1.662680 
581 1.704766 
582 1.745302 
583 1.784080 
584 1.820901 
585 1.855573 
586 1.887913 
587 1.917755 
588 1.944951 
589 1.969369 
590 1.990902 
591 2.009465 
592 2.024997 
593 2.037458 
594 2.046833 
595 2.053126 
596 2.056363 
597 2.056586 
598 2.053856 
599 2.048249 
600 2.039853 
601 2.028770 
602 2.015108 
603 1.998988 
604 1.980536 
605 1.959883 
606 1.937164 
607 1.912518 
608 1.886084 
609 1.858003 
610 1.828415 
611 1.797459 
612 1.765272 
613 1.731987 
614 1.697737 
615 1.662647 
616 1.626842 
617 1.590439 
618 1.553552 
619 1.516291 
620 1.478758 
621 1.441051 
622 1.403265 
623 1.365486 
624 1.327796 
625 1.290273 
626 1.252988 
627 1.216008 
628 1.179395 
629 1.143205 
630 1.107491 
631 1.072300 
632 1.037676 
633 1.003658 
634 0.970281 
635 0.937577 
636 0.905574 
637 0.874297 
638 0.843767 
639 0.814003 
640 0.785023 
641 0.756838 
642 0.729461 
643 0.702901 
644 0.677165 
645 0.652260 
646 0.628188 
647 0.604954 
648 0.582558 
649 0.561002 
650 0.540284 
651 0.520404 
652 0.501360 
653 0.483150 
654 0.465772 
655 0.449222 
656 0.433498 
657 0.418596 
658 0.404515 
659 0.391251 
660 0.378801 
661 0.367165 
662 0.356339 
663 0.346323 
664 0.337116 
665 0.328718 
666 0.321129 
667 0.314350 
668 0.308382 
669 0.303229 
670 0.298892 
671 0.295375 
672 0.292684 
673 0.290822 
674 0.289795 
675 0.289610 
676 0.290273 
677 0.291792 
678 0.294174 
679 0.297428 
680 0.301563 
681 0.306588 
682 0.312511 
683 0.319343 
684 0.327092 
685 0.335769 
686 0.345382 
687 0.355942 
688 0.367456 
689 0.379933 
690 0.393381 
691 0.407807 
692 0.423216 
693 0.439614 
694 0.457004 
695 0.475388 
696 0.494767 
697 0.515138 
698 0.536500 
699 0.558845 
700 0.582167 
701 0.606452 
702 0.631689 
703 0.657858 
704 0.684941 
705 0.712912 
706 0.741743 
707 0.771403 
708 0.801855 
709 0.833057 
710 0.864966 
711 0.897530 
712 0.930695 
713 0.964401 
714 0.998583 
715 1.033171 
716 1.068092 
717 1.103265 
718 1.138608 
719 1.174030 
720 1.209441 
721 1.244744 
722 1.279838 
723 1.314622 
724 1.348991 
725 1.382836 
726 1.416051 
727 1.448526 
728 1.480153 
729 1.510825 
730 1.540436 
731 1.568884 
732 1.596070 
733 1.621899 
734 1.646282 
735 1.669136 
736 1.690384 
737 1.709957 
738 1.727794 
739 1.743841 
740 1.758054 
741 1.770397 
742 1.780843 
743 1.789373 
744 1.795979 
745 1.800657 
746 1.803416 
747 1.804271 
748 1.803243 
749 1.800362 
750 1.795663 
751 1.789190 
752 1.780990 
753 1.771116 
754 1.759624 
755 1.746577 
756 1.732040 
757 1.716081 
758 1.698770 
759 1.680181 
760 1.660387 
761 1.639464 
762 1.617488 
763 1.594537 
764 1.570686 
765 1.546013 
766 1.520592 
767 1.494499 
768 1.467808 
769 1.440591 
770 1.412918 
771 1.384859 
772 1.356480 
773 1.327847 
774 1.299023 
775 1.270067 
776 1.241039 
777 1.211994 
778 1.182986 
779 1.154066 
780 1.125282 
781 1.096681 
782 1.068307 
783 1.040200 
784 1.012400 
785 0.984945 
786 0.957868 
787 0.931202 
788 0.904977 
789 0.879222 
790 0.853963 
791 0.829226 
792 0.805032 
793 0.781403 
794 0.758359 
795 0.735918 
796 0.714096 
797 0.692910 
798 0.672373 
799 0.652499 
800 0.633300 
801 0.614787 
802 0.596971 
803 0.579861 
804 0.563466 
805 0.547794 
806 0.532853 
807 0.518651 
808 0.505194 
809 0.492489 
810 0.480542 
811 0.469359 
812 0.458945 
813 0.449306 
814 0.440448 
815 0.432375 
816 0.425094 
817 0.418608 
818 0.412924 
819 0.408045 
820 0.403978 
821 0.400726 
822 0.398296 
823 0.396690 
824 0.395916 
825 0.395975 
826 0.396874 
827 0.398617 
828 0.401206 
829 0.404647 
830 0.408942 
831 0.414094 
832 0.420106 
833 0.426980 
834 0.434717 
835 0.443317 
836 0.452781 
837 0.463108 
838 0.474295 
839 0.486341 
840 0.499240 
841 0.512987 
842 0.527577 
843 0.543000 
844 0.559247 
845 0.576306 
846 0.594165 
847 0.612809 
848 0.632220 
849 0.652380 
850 0.673268 
851 0.694859 
852 0.717129 
853 0.740049 
854 0.763588 
855 0.787713 
856 0.812389 
857 0.837577 
858 0.863236 
859 0.889323 
860 0.915792 
861 0.942593 
862 0.969677 
863 0.996989 
864 1.024473 
865 1.052073 
866 1.079727 
867 1.107375 
868 1.134953 
869 1.162396 
870 1.189638 
871 1.216614 
872 1.243254 
873 1.269492 
874 1.295261 
875 1.320492 
876 1.345119 
877 1.369078 
878 1.392303 
879 1.414732 
880 1.436305 
881 1.456964 
882 1.476654 
883 1.495323 
884 1.512921 
885 1.529404 
886 1.544729 
887 1.558859 
888 1.571762 
889 1.583406 
890 1.593769 
891 1.602828 
892 1.610569 
893 1.616980 
894 1.622053 
895 1.625787 
896 1.628182 
897 1.629245 
898 1.628985 
899 1.627417 
900 1.624558 
901 1.620429 
902 1.615054 
903 1.608462 
904 1.600683 
905 1.591751 
906 1.581701 
907 1.570572 
908 1.558405 
909 1.545240 
910 1.531123 
911 1.516099 
912 1.500213 
913 1.483513 
914 1.466048 
915 1.447866 
916 1.429016 
917 1.409547 
918 1.389509 
919 1.368950 
920 1.347921 
921 1.326470 
922 1.304644 
923 1.282491 
924 1.260058 
925 1.237391 
926 1.214535 
927 1.191533 
928 1.168429 
929 1.145265 
930 1.122080 
931 1.098915 
932 1.075808 
933 1.052795 
934 1.029914 
935 1.007197 
936 0.984678 
937 0.962390 
938 0.940362 
939 0.918625 
940 0.897205 
941 0.876132 
942 0.855429 
943 0.835122 
944 0.815235 
945 0.795789 
946 0.776807 
947 0.758308 
948 0.740312 
949 0.722837 
950 0.705901 
951 0.689520 
952 0.673711 
953 0.658489 
954 0.643867 
955 0.629859 
956 0.616479 
957 0.603738 
958 0.591648 
959 0.580220 
960 0.569464 
961 0.559391 
962 0.550009 
963 0.541328 
964 0.533356 
965 0.526100 
966 0.519568 
967 0.513767 
968 0.508703 
969 0.504382 
970 0.500810 
971 0.497991 
972 0.495930 
973 0.494631 
974 0.494097 
975 0.494330 
976 0.495334 
977 0.497109 
978 0.499657 
979 0.502978 
980 0.507071 
981 0.511934 
982 0.517567 
983 0.523966 
984 0.531126 
985 0.539044 
986 0.547714 
987 0.557128 
988 0.567279 
989 0.578157 
990 0.589753 
991 0.602056 
992 0.615051 
993 0.628725 
994 0.643063 
995 0.658047 
996 0.673659 
997 0.689879 
998 0.706687 
999 0.724058 
1000 0.741968 
1001 0.760392 
1002 0.779300 
1003 0.798665 
1004 0.818455 
1005 0.838638 
1006 0.859180 
1007 0.880045 
1008 0.901196 
1009 0.922596 
1010 0.944204 
1011 0.965980 
1012 0.987881 
1013 1.009866 
1014 1.031888 
1015 1.053905 
1016 1.075869 
1017 1.097736 
1018 1.119458 
1019 1.140989 
1020 1.162281 
1021 1.183288 
1022 1.203963 
1023 1.224260 
1024 1.244132 
1025 1.263536 
1026 1.282426 
1027 1.300761 
1028 1.318497 
1029 1.335595 
1030 1.352017 
1031 1.367724 
1032 1.382682 
1033 1.396858 
1034 1.410220 
1035 1.422741 
1036 1.434393 
1037 1.445154 
1038 1.455000 
1039 1.463914 
1040 1.471878 
1041 1.478881 
1042 1.484910 
1043 1.489957 
1044 1.494017 
1045 1.497087 
1046 1.499167 
1047 1.500258 
1048 1.500366 
1049 1.499497 
1050 1.497662 
1051 1.494873 
1052 1.491143 
1053 1.486489 
1054 1.480929 
1055 1.474483 
1056 1.467174 
1057 1.459025 
1058 1.450062 
1059 1.440310 
1060 1.429799 
1061 1.418558 
1062 1.406617 
1063 1.394007 
1064 1.380761 
1065 1.366912 
1066 1.352493 
1067 1.337538 
1068 1.322083 
1069 1.306162 
1070 1.289810 
1071 1.273063 
1072 1.255956 
1073 1.238525 
1074 1.220804 
1075 1.202828 
1076 1.184632 
1077 1.166251 
1078 1.147719 
1079 1.129069 
1080 1.110334 
1081 1.091547 
1082 1.072740 
1083 1.053944 
1084 1.035190 
1085 1.016507 
1086 0.997926 
1087 0.979474 
1088 0.961180 
1089 0.943070 
1090 0.925172 
1091 0.907510 
1092 0.890109 
1093 0.872994 
1094 0.856188 
1095 0.839712 
1096 0.823590 
1097 0.807841 
1098 0.792486 
1099 0.777544 
1100 0.763034 
1101 0.748975 
1102 0.735382 
1103 0.722273 
1104 0.709663 
1105 0.697568 
1106 0.686002 
1107 0.674978 
1108 0.664510 
1109 0.654610 
1110 0.645289 
1111 0.636559 
1112 0.628430 
1113 0.620911 
1114 0.614012 
1115 0.607742 
1116 0.602106 
1117 0.597114 
1118 0.592771 
1119 0.589082 
1120 0.586054 
1121 0.583689 
1122 0.581993 
1123 0.580966 
1124 0.580613 
1125 0.580934 
1126 0.581929 
1127 0.583599 
1128 0.585942 
1129 0.588958 
1130 0.592642 
1131 0.596991 
1132 0.602001 
1133 0.607667 
1134 0.613982 
1135 0.620939 
1136 0.628530 
1137 0.636745 
1138 0.645574 
1139 0.655006 
1140 0.665028 
1141 0.675627 
1142 0.686789 
1143 0.698497 
1144 0.710735 
1145 0.723485 
1146 0.736727 
1147 0.750443 
1148 0.764610 
1149 0.779207 
1150 0.794209 
1151 0.809593 
1152 0.825333 
1153 0.841403 
1154 0.857774 
1155 0.874419 
1156 0.891308 
1157 0.908412 
1158 0.925698 
1159 0.943136 
1160 0.960693 
1161 0.978336 
1162 0.996032 
1163 1.013746 
1164 1.031445 
1165 1.049093 
1166 1.066656 
1167 1.084100 
1168 1.101389 
1169 1.118488 
1170 1.135363 
1171 1.151979 
1172 1.168304 
1173 1.184302 
1174 1.199943 
1175 1.215192 
1176 1.230021 
1177 1.244397 
1178 1.258291 
1179 1.271677 
1180 1.284525 
1181 1.296811 
1182 1.308510 
1183 1.319599 
1184 1.330057 
1185 1.339863 
1186 1.348998 
1187 1.357447 
1188 1.365193 
1189 1.372224 
1190 1.378528 
1191 1.384094 
1192 1.388916 
1193 1.392985 
1194 1.396298 
1195 1.398851 
1196 1.400645 
1197 1.401678 
1198 1.401955 
1199 1.401478 
1200 1.400253 
1201 1.398288 
1202 1.395592 
1203 1.392175 
1204 1.388048 
1205 1.383226 
1206 1.377722 
1207 1.371552 
1208 1.364734 
1209 1.357286 
1210 1.349227 
1211 1.340576 
1212 1.331356 
1213 1.321589 
1214 1.311297 
1215 1.300504 
1216 1.289234 
1217 1.277512 
1218 1.265364 
1219 1.252814 
1220 1.239890 
1221 1.226618 
1222 1.213024 
1223 1.199136 
1224 1.184981 
1225 1.170585 
1226 1.155976 
1227 1.141181 
1228 1.126228 
1229 1.111142 
1230 1.095952 
1231 1.080683 
1232 1.065361 
1233 1.050014 
1234 1.034666 
1235 1.019344 
1236 1.004071 
1237 0.988873 
1238 0.973774 
1239 0.958797 
1240 0.943966 
1241 0.929304 
1242 0.914832 
1243 0.900573 
1244 0.886547 
1245 0.872776 
1246 0.859279 
1247 0.846075 
1248 0.833184 
1249 0.820624 
1250 0.808412 
1251 0.796566 
1252 0.785102 
1253 0.774035 
1254 0.763381 
1255 0.753155 
1256 0.743370 
1257 0.734040 
1258 0.725176 
1259 0.716792 
1260 0.708898 
1261 0.701505 
1262 0.694623 
1263 0.688260 
1264 0.682427 
1265 0.677130 
1266 0.672376 
1267 0.668172 
1268 0.664525 
1269 0.661438 
1270 0.658916 
1271 0.656962 
1272 0.655580 
1273 0.654772 
1274 0.654538 
1275 0.654879 
1276 0.655794 
1277 0.657283 
1278 0.659344 
1279 0.661974 
1280 0.665169 
1281 0.668924 
1282 0.673235 
1283 0.678096 
1284 0.683498 
1285 0.689435 
1286 0.695898 
1287 0.702876 
1288 0.710360 
1289 0.718339 
1290 0.726798 
1291 0.735727 
1292 0.745110 
1293 0.754933 
1294 0.765179 
1295 0.775833 
1296 0.786877 
1297 0.798292 
1298 0.810060 
1299 0.822160 
1300 0.834573 
1301 0.847276 
1302 0.860248 
1303 0.873467 
1304 0.886908 
1305 0.900548 
1306 0.914363 
1307 0.928328 
1308 0.942417 
1309 0.956605 
1310 0.970865 
1311 0.985171 
1312 0.999496 
1313 1.013814 
1314 1.028098 
1315 1.042321 
1316 1.056455 
1317 1.070475 
1318 1.084352 
1319 1.098061 
1320 1.111575 
1321 1.124868 
1322 1.137915 
1323 1.150691 
1324 1.163171 
1325 1.175332 
1326 1.187149 
1327 1.198601 
1328 1.209665 
1329 1.220322 
1330 1.230550 
1331 1.240330 
1332 1.249645 
1333 1.258478 
1334 1.266812 
1335 1.274633 
1336 1.281926 
1337 1.288680 
1338 1.294882 
1339 1.300523 
1340 1.305594 
1341 1.310087 
1342 1.313996 
1343 1.317315 
1344 1.320041 
1345 1.322171 
1346 1.323703 
1347 1.324638 
1348 1.324977 
1349 1.324722 
1350 1.323876 
1351 1.322445 
1352 1.320434 
1353 1.317851 
1354 1.314703 
1355 1.311000 
1356 1.306752 
1357 1.301969 
1358 1.296665 
1359 1.290853 
1360 1.284545 
1361 1.277757 
1362 1.270505 
1363 1.262805 
1364 1.254673 
1365 1.246127 
1366 1.237186 
1367 1.227868 
1368 1.218192 
1369 1.208177 
1370 1.197845 
1371 1.187216 
1372 1.176309 
1373 1.165146 
1374 1.153749 
1375 1.142139 
1376 1.130337 
1377 1.118365 
1378 1.106245 
1379 1.093999 
1380 1.081647 
1381 1.069213 
1382 1.056717 
1383 1.044182 
1384 1.031628 
1385 1.019077 
1386 1.006549 
1387 0.994066 
1388 0.981647 
1389 0.969314 
1390 0.957086 
1391 0.944982 
1392 0.933022 
1393 0.921225 
1394 0.909609 
1395 0.898192 
1396 0.886992 
1397 0.876025 
1398 0.865310 
1399 0.854861 
1400 0.844694 
1401 0.834825 
1402 0.825269 
1403 0.816039 
1404 0.807149 
1405 0.798613 
1406 0.790442 
1407 0.782649 
1408 0.775245 
1409 0.768240 
1410 0.761646 
1411 0.755470 
1412 0.749723 
1413 0.744411 
1414 0.739544 
1415 0.735128 
1416 0.731168 
1417 0.727671 
1418 0.724642 
1419 0.722084 
1420 0.720002 
1421 0.718397 
1422 0.717273 
1423 0.716630 
1424 0.716470 
1425 0.716792 
1426 0.717595 
1427 0.718878 
1428 0.720638 
1429 0.722873 
1430 0.725579 
1431 0.728751 
1432 0.732384 
1433 0.736473 
1434 0.741009 
1435 0.745987 
1436 0.751397 
1437 0.757230 
1438 0.763478 
1439 0.770129 
1440 0.777173 
1441 0.784597 
1442 0.792389 
1443 0.800536 
1444 0.809024 
1445 0.817838 
1446 0.826964 
1447 0.836385 
1448 0.846085 
1449 0.856047 
1450 0.866254 
1451 0.876688 
1452 0.887330 
1453 0.898162 
1454 0.909164 
1455 0.920316 
1456 0.931599 
1457 0.942992 
1458 0.954474 
1459 0.966025 
1460 0.977623 
1461 0.989248 
1462 1.000877 
1463 1.012490 
1464 1.024066 
1465 1.035582 
1466 1.047018 
1467 1.058352 
1468 1.069564 
1469 1.080633 
1470 1.091538 
1471 1.102259 
1472 1.112776 
1473 1.123070 
1474 1.133122 
1475 1.142914 
1476 1.152426 
1477 1.161643 
1478 1.170548 
1479 1.179123 
1480 1.187355 
1481 1.195228 
1482 1.202727 
1483 1.209841 
1484 1.216557 
1485 1.222863 
1486 1.228749 
1487 1.234204 
1488 1.239220 
1489 1.243789 
1490 1.247905 
1491 1.251560 
1492 1.254749 
1493 1.257470 
1494 1.259717 
1495 1.261490 
1496 1.262786 
1497 1.263605 
1498 1.263948 
1499 1.263816 
1500 1.263212 
1501 1.262138 
1502 1.260599 
1503 1.258601 
1504 1.256148 
1505 1.253247 
1506 1.249907 
1507 1.246135 
1508 1.241940 
1509 1.237333 
1510 1.232323 
1511 1.226922 
1512 1.221141 
1513 1.214993 
1514 1.208490 
1515 1.201647 
1516 1.194478 
1517 1.186996 
1518 1.179216 
1519 1.171155 
1520 1.162828 
1521 1.154250 
1522 1.145439 
1523 1.136410 
1524 1.127181 
1525 1.117769 
1526 1.108191 
1527 1.098465 
1528 1.088608 
1529 1.078638 
1530 1.068572 
1531 1.058429 
1532 1.048226 
1533 1.037980 
1534 1.027710 
1535 1.017432 
1536 1.007165 
1537 0.996926 
1538 0.986731 
1539 0.976598 
1540 0.966543 
1541 0.956584 
1542 0.946736 
1543 0.937015 
1544 0.927437 
1545 0.918017 
1546 0.908771 
1547 0.899713 
1548 0.890857 
1549 0.882218 
1550 0.873808 
1551 0.865641 
1552 0.857730 
1553 0.850087 
1554 0.842724 
1555 0.835651 
1556 0.828880 
1557 0.822421 
1558 0.816284 
1559 0.810478 
1560 0.805012 
1561 0.799894 
1562 0.795131 
1563 0.790731 
1564 0.786700 
1565 0.783044 
1566 0.779768 
1567 0.776877 
1568 0.774375 
1569 0.772266 
1570 0.770553 
1571 0.769236 
1572 0.768320 
1573 0.767803 
1574 0.767687 
1575 0.767972 
1576 0.768656 
1577 0.769737 
1578 0.771215 
1579 0.773085 
1580 0.775344 
1581 0.777988 
1582 0.781013 
1583 0.784413 
1584 0.788182 
1585 0.792313 
1586 0.796799 
1587 0.801632 
1588 0.806804 
1589 0.812306 
1590 0.818127 
1591 0.824259 
1592 0.830689 
1593 0.837407 
1594 0.844401 
1595 0.851659 
1596 0.859167 
1597 0.866913 
1598 0.874883 
1599 0.883062 
1600 0.891437 
1601 0.899992 
1602 0.908711 
1603 0.917580 
1604 0.926582 
1605 0.935702 
1606 0.944922 
1607 0.954226 
1608 0.963598 
1609 0.973020 
1610 0.982476 
1611 0.991948 
1612 1.001418 
1613 1.010871 
1614 1.020288 
1615 1.029653 
1616 1.038949 
1617 1.048158 
1618 1.057264 
1619 1.066250 
1620 1.075100 
1621 1.083799 
1622 1.092330 
1623 1.100678 
1624 1.108828 
1625 1.116765 
1626 1.124476 
1627 1.131946 
1628 1.139163 
1629 1.146113 
1630 1.152784 
1631 1.159166 
1632 1.165246 
1633 1.171015 
1634 1.176463 
1635 1.181581 
1636 1.186359 
1637 1.190791 
1638 1.194870 
1639 1.198589 
1640 1.201942 
1641 1.204925 
1642 1.207533 
1643 1.209764 
1644 1.211613 
1645 1.213080 
1646 1.214163 
1647 1.214862 
1648 1.215176 
1649 1.215107 
1650 1.214657 
1651 1.213828 
1652 1.212622 
1653 1.211044 
1654 1.209098 
1655 1.206789 
1656 1.204124 
1657 1.201107 
1658 1.197747 
1659 1.194050 
1660 1.190025 
1661 1.185680 
1662 1.181025 
1663 1.176070 
1664 1.170823 
1665 1.165297 
1666 1.159502 
1667 1.153449 
1668 1.147150 
1669 1.140618 
1670 1.133865 
1671 1.126904 
1672 1.119747 
1673 1.112409 
1674 1.104903 
1675 1.097242 
1676 1.089441 
1677 1.081514 
1678 1.073474 
1679 1.065337 
1680 1.057117 
1681 1.048828 
1682 1.040485 
1683 1.032103 
1684 1.023695 
1685 1.015276 
1686 1.006862 
1687 0.998465 
1688 0.990101 
1689 0.981783 
1690 0.973526 
1691 0.965342 
1692 0.957247 
1693 0.949253 
1694 0.941372 
1695 0.933620 
1696 0.926007 
1697 0.918546 
1698 0.911249 
1699 0.904129 
1700 0.897196 
1701 0.890461 
1702 0.883936 
1703 0.877630 
1704 0.871554 
1705 0.865717 
1706 0.860128 
1707 0.854797 
1708 0.849730 
1709 0.844937 
1710 0.840424 
1711 0.836198 
1712 0.832267 
1713 0.828635 
1714 0.825308 
1715 0.822291 
1716 0.819589 
1717 0.817205 
1718 0.815143 
1719 0.813407 
1720 0.811997 
1721 0.810916 
1722 0.810165 
1723 0.809746 
1724 0.809657 
1725 0.809899 
1726 0.810471 
1727 0.811372 
1728 0.812599 
1729 0.814151 
1730 0.816023 
1731 0.818212 
1732 0.820715 
1733 0.823526 
1734 0.826641 
1735 0.830053 
1736 0.833757 
1737 0.837746 
1738 0.842012 
1739 0.846549 
1740 0.851347 
1741 0.856399 
1742 0.861695 
1743 0.867225 
1744 0.872981 
1745 0.878951 
1746 0.885125 
1747 0.891492 
1748 0.898040 
1749 0.904758 
1750 0.911633 
1751 0.918654 
1752 0.925808 
1753 0.933081 
1754 0.940461 
1755 0.947934 
1756 0.955487 
1757 0.963107 
1758 0.970779 
1759 0.978490 
1760 0.986225 
1761 0.993971 
1762 1.001713 
1763 1.009439 
1764 1.017133 
1765 1.024782 
1766 1.032371 
1767 1.039889 
1768 1.047320 
1769 1.054651 
1770 1.061869 
1771 1.068962 
1772 1.075917 
1773 1.082721 
1774 1.089362 
1775 1.095829 
1776 1.102110 
1777 1.108194 
1778 1.114071 
1779 1.119730 
1780 1.125162 
1781 1.130357 
1782 1.135307 
1783 1.140003 
1784 1.144438 
1785 1.148605 
1786 1.152496 
1787 1.156105 
1788 1.159427 
1789 1.162457 
1790 1.165191 
1791 1.167623 
1792 1.169752 
1793 1.171574 
1794 1.173087 
1795 1.174289 
1796 1.175180 
1797 1.175758 
1798 1.176025 
1799 1.175981 
1800 1.175626 
1801 1.174964 
1802 1.173996 
1803 1.172725 
1804 1.171155 
1805 1.169290 
1806 1.167133 
1807 1.164691 
1808 1.161968 
1809 1.158971 
1810 1.155706 
1811 1.152180 
1812 1.148400 
1813 1.144373 
1814 1.140109 
1815 1.135614 
1816 1.130899 
1817 1.125972 
1818 1.120843 
1819 1.115521 
1820 1.110017 
1821 1.104341 
1822 1.098503 
1823 1.092515 
1824 1.086386 
1825 1.080129 
1826 1.073755 
1827 1.067275 
1828 1.060701 
1829 1.054044 
1830 1.047316 
1831 1.040530 
1832 1.033697 
1833 1.026828 
1834 1.019937 
1835 1.013034 
1836 1.006132 
1837 0.999242 
1838 0.992377 
1839 0.985547 
1840 0.978765 
1841 0.972041 
1842 0.965388 
1843 0.958816 
1844 0.952336 
1845 0.945958 
1846 0.939694 
1847 0.933554 
1848 0.927547 
1849 0.921684 
1850 0.915974 
1851 0.910427 
1852 0.905050 
1853 0.899854 
1854 0.894846 
1855 0.890034 
1856 0.885426 
1857 0.881029 
1858 0.876851 
1859 0.872897 
1860 0.869174 
1861 0.865688 
1862 0.862444 
1863 0.859447 
1864 0.856702 
1865 0.854213 
1866 0.851983 
1867 0.850016 
1868 0.848314 
1869 0.846881 
1870 0.845717 
1871 0.844826 
1872 0.844206 
1873 0.843861 
1874 0.843788 
1875 0.843989 
1876 0.844462 
1877 0.845206 
1878 0.846219 
1879 0.847501 
1880 0.849047 
1881 0.850854 
1882 0.852921 
1883 0.855242 
1884 0.857813 
1885 0.860630 
1886 0.863687 
1887 0.866979 
1888 0.870500 
1889 0.874243 
1890 0.878203 
1891 0.882370 
1892 0.886739 
1893 0.891302 
1894 0.896049 
1895 0.900973 
1896 0.906064 
1897 0.911314 
1898 0.916712 
1899 0.922250 
1900 0.927917 
1901 0.933703 
1902 0.939597 
1903 0.945589 
1904 0.951668 
1905 0.957823 
1906 0.964042 
1907 0.970314 
1908 0.976628 
1909 0.982971 
1910 0.989334 
1911 0.995703 
1912 1.002068 
1913 1.008416 
1914 1.014737 
1915 1.021018 
1916 1.027248 
1917 1.033417 
1918 1.039512 
1919 1.045523 
1920 1.051439 
1921 1.057249 
1922 1.062944 
1923 1.068513 
1924 1.073946 
1925 1.079234 
1926 1.084368 
1927 1.089339 
1928 1.094138 
1929 1.098757 
1930 1.103189 
1931 1.107426 
1932 1.111460 
1933 1.115287 
1934 1.118899 
1935 1.122290 
1936 1.125455 
1937 1.128390 
1938 1.131090 
1939 1.133551 
1940 1.135770 
1941 1.137743 
1942 1.139468 
1943 1.140942 
1944 1.142164 
1945 1.143134 
1946 1.143849 
1947 1.144310 
1948 1.144516 
1949 1.144470 
1950 1.144170 
1951 1.143620 
1952 1.142821 
1953 1.141775 
1954 1.140485 
1955 1.138954 
1956 1.137186 
1957 1.135185 
1958 1.132956 
1959 1.130502 
1960 1.127829 
1961 1.124944 
1962 1.121850 
1963 1.118556 
1964 1.115066 
1965 1.111389 
1966 1.107530 
1967 1.103498 
1968 1.099300 
1969 1.094944 
1970 1.090438 
1971 1.085790 
1972 1.081009 
1973 1.076104 
1974 1.071084 
1975 1.065957 
1976 1.060733 
1977 1.055421 
1978 1.050031 
1979 1.044572 
1980 1.039053 
1981 1.033485 
1982 1.027877 
1983 1.022239 
1984 1.016581 
1985 1.010912 
1986 1.005242 
1987 0.999581 
1988 0.993938 
1989 0.988323 
1990 0.982746 
1991 0.977216 
1992 0.971742 
1993 0.966333 
1994 0.960999 
1995 0.955748 
1996 0.950588 
1997 0.945530 
1998 0.940580 
1999 0.935748 
