0.001117 0.001120 0.001114 
0.001203 0.001207 0.001200 
0.001297 0.001300 0.001294 
0.001397 0.001400 0.001394 
0.001505 0.001509 0.001502 
0.001622 0.001625 0.001618 
0.001747 0.001751 0.001744 
0.001882 0.001887 0.001879 
0.002028 0.002032 0.002025 
0.002185 0.002190 0.002182 
0.002355 0.002359 0.002351 
0.002537 0.002542 0.002533 
0.002733 0.002738 0.002730 
0.002945 0.002950 0.002942 
0.003173 0.003178 0.003170 
0.003419 0.003424 0.003416 
0.003684 0.003689 0.003680 
0.003969 0.003975 0.003966 
0.004276 0.004282 0.004273 
0.004607 0.004614 0.004605 
0.004965 0.004970 0.004962 
0.005349 0.005356 0.005347 
0.005764 0.005770 0.005761 
0.006210 0.006217 0.006208 
0.006691 0.006697 0.006689 
0.007209 0.007217 0.007208 
0.007768 0.007775 0.007767 
0.008370 0.008377 0.008370 
0.009019 0.009025 0.009018 
0.009717 0.009725 0.009718 
0.010471 0.010477 0.010471 
0.011282 0.011289 0.011283 
0.012157 0.012163 0.012158 
0.013098 0.013106 0.013101 
0.014115 0.014120 0.014117 
0.015208 0.015215 0.015212 
0.016388 0.016392 0.016391 
0.017657 0.017663 0.017663 
0.019028 0.019031 0.019032 
0.020501 0.020506 0.020508 
0.022093 0.022094 0.022098 
0.023804 0.023808 0.023812 
0.025652 0.025651 0.025658 
0.027639 0.027641 0.027648 
0.029786 0.029781 0.029791 
0.032092 0.032091 0.032102 
0.034585 0.034577 0.034591 
0.037264 0.037260 0.037274 
0.040159 0.040146 0.040163 
0.043270 0.043261 0.043278 
0.046631 0.046613 0.046633 
0.050244 0.050230 0.050250 
0.054148 0.054123 0.054146 
0.058343 0.058323 0.058345 
0.062877 0.062844 0.062868 
0.067749 0.067721 0.067745 
0.073015 0.072972 0.072996 
